sec,nanosec,ax,ay,az,gx,gy,gz,time
1742308675,834223458,-0.09521484375,-0.001953125,0.970703125,0.48828125,0.1220703125,-0.06103515625,1742308675.8342235
1742308675,854233990,-0.0869140625,-0.01171875,0.9765625,0.79345703125,0.244140625,-0.06103515625,1742308675.854234
1742308675,874201130,-0.0869140625,-0.0087890625,0.98095703125,0.6103515625,-0.06103515625,-0.3662109375,1742308675.874201
1742308675,894201101,-0.0859375,-0.001953125,0.9677734375,0.54931640625,-0.30517578125,-0.244140625,1742308675.894201
1742308675,914264592,-0.08349609375,-0.00146484375,0.970703125,0.54931640625,-0.54931640625,-0.06103515625,1742308675.9142647
1742308675,934291924,-0.08154296875,0.00244140625,0.97119140625,0.732421875,-0.06103515625,-0.1220703125,1742308675.9342918
1742308675,954587863,-0.080078125,-0.00634765625,0.97314453125,0.48828125,-0.1220703125,-0.06103515625,1742308675.954588
1742308675,974194107,-0.10009765625,-0.005859375,0.978515625,0.06103515625,-0.244140625,-0.3662109375,1742308675.974194
1742308675,994157791,-0.0810546875,-0.00732421875,0.97900390625,0.18310546875,0.06103515625,-0.18310546875,1742308675.9941578
1742308676,14317027,-0.0888671875,-0.0107421875,0.97705078125,0.67138671875,-0.06103515625,-0.06103515625,1742308676.014317
1742308676,34263976,-0.09619140625,-0.009765625,0.9814453125,1.15966796875,0.30517578125,-0.06103515625,1742308676.034264
1742308676,54216046,-0.08935546875,-0.0048828125,0.9775390625,1.0986328125,0.244140625,0.18310546875,1742308676.0542161
1742308676,74237939,-0.0830078125,-0.001953125,0.97900390625,0.79345703125,0.3662109375,-0.3662109375,1742308676.0742378
1742308676,94165112,-0.072265625,-0.001953125,0.97265625,0.244140625,0.42724609375,-0.54931640625,1742308676.094165
1742308676,111426401,-0.0927734375,-0.00146484375,0.97119140625,0.244140625,0.18310546875,-0.3662109375,1742308676.1114264
1742308676,134214659,-0.0966796875,-0.01123046875,0.97607421875,0.48828125,0.48828125,0.0,1742308676.1342146
1742308676,154373992,-0.09716796875,-0.0078125,0.9736328125,0.06103515625,-0.54931640625,0.1220703125,1742308676.154374
1742308676,174208526,-0.09619140625,-0.0048828125,0.9794921875,0.30517578125,-0.8544921875,-0.3662109375,1742308676.1742086
1742308676,194212403,-0.07373046875,-0.0078125,0.9765625,0.42724609375,-0.67138671875,-0.67138671875,1742308676.1942124
1742308676,214118136,-0.07421875,-0.00048828125,0.97412109375,0.6103515625,-0.06103515625,-0.18310546875,1742308676.2141182
1742308676,234193469,-0.07568359375,-0.00390625,0.96630859375,0.91552734375,0.8544921875,-0.1220703125,1742308676.2341936
1742308676,254349443,-0.09375,-0.0048828125,0.96875,0.732421875,0.91552734375,-0.1220703125,1742308676.2543495
1742308676,274123592,-0.08447265625,-0.00146484375,0.974609375,0.3662109375,1.3427734375,-0.06103515625,1742308676.2741237
1742308676,294126573,-0.0927734375,-0.00830078125,0.97021484375,0.0,0.244140625,-0.244140625,1742308676.2941265
1742308676,314148435,-0.09130859375,-0.0009765625,0.974609375,0.18310546875,-0.18310546875,-0.244140625,1742308676.3141484
1742308676,334211672,-0.0791015625,-0.0048828125,0.9677734375,0.30517578125,-0.9765625,-0.1220703125,1742308676.3342116
1742308676,354261981,-0.09130859375,-0.0087890625,0.97607421875,0.48828125,-1.28173828125,0.06103515625,1742308676.3542619
1742308676,374388706,-0.08642578125,-0.009765625,0.970703125,0.18310546875,-0.732421875,-0.06103515625,1742308676.3743887
1742308676,394241480,-0.07861328125,-0.0029296875,0.97998046875,0.48828125,-0.54931640625,-0.244140625,1742308676.3942416
1742308676,414268845,-0.06591796875,-0.00146484375,0.97265625,0.42724609375,0.48828125,-0.30517578125,1742308676.4142687
1742308676,434312562,-0.08642578125,-0.00830078125,0.96875,0.3662109375,1.0986328125,0.0,1742308676.4343126
1742308676,454318232,-0.0830078125,-0.0107421875,0.9755859375,0.6103515625,1.40380859375,-0.1220703125,1742308676.4543183
1742308676,474469245,-0.080078125,-0.0107421875,0.97509765625,0.67138671875,1.03759765625,-0.244140625,1742308676.4744692
1742308676,494388002,-0.09033203125,-0.00146484375,0.978515625,0.48828125,0.79345703125,-0.18310546875,1742308676.494388
1742308676,514243496,-0.08984375,-0.0126953125,0.96923828125,0.79345703125,0.06103515625,-0.1220703125,1742308676.5142436
1742308676,534303981,-0.099609375,0.0029296875,0.9736328125,0.18310546875,-1.15966796875,0.18310546875,1742308676.534304
1742308676,554282354,-0.08544921875,-0.00048828125,0.9716796875,0.06103515625,-1.03759765625,0.1220703125,1742308676.5542824
1742308676,574185880,-0.08837890625,-0.0087890625,0.974609375,-0.06103515625,-1.220703125,-0.18310546875,1742308676.5741858
1742308676,594424285,-0.07958984375,-0.0068359375,0.97998046875,0.06103515625,-0.18310546875,-0.3662109375,1742308676.5944242
1742308676,614387522,-0.072265625,-0.0068359375,0.9697265625,-0.244140625,-0.18310546875,-0.48828125,1742308676.6143875
1742308676,634201415,-0.07373046875,-0.00439453125,0.970703125,0.79345703125,1.0986328125,-0.42724609375,1742308676.6342015
1742308676,654240749,-0.08984375,-0.01416015625,0.9736328125,1.15966796875,0.79345703125,-0.06103515625,1742308676.6542408
1742308676,674222226,-0.095703125,-0.0068359375,0.9755859375,0.9765625,0.9765625,-0.1220703125,1742308676.6742222
1742308676,694161143,-0.08056640625,-0.0048828125,0.97314453125,0.732421875,0.6103515625,-0.48828125,1742308676.6941612
1742308676,714406396,-0.09423828125,0.0,0.97998046875,0.67138671875,0.0,-0.244140625,1742308676.7144065
1742308676,734915521,-0.09619140625,-0.0107421875,0.97216796875,0.244140625,-0.6103515625,0.0,1742308676.7349155
1742308676,754318471,-0.0849609375,-0.0068359375,0.97119140625,-0.06103515625,-1.15966796875,-0.18310546875,1742308676.7543185
1742308676,774854924,-0.08544921875,-0.01318359375,0.98046875,-0.06103515625,-1.220703125,-0.3662109375,1742308676.774855
1742308676,789507800,-0.0751953125,-0.00927734375,0.97900390625,0.06103515625,-0.732421875,-0.30517578125,1742308676.7895079
1742308676,814350135,-0.0771484375,0.0,0.9736328125,0.18310546875,-0.54931640625,0.0,1742308676.8143501
1742308676,834700892,-0.072265625,-0.0107421875,0.9775390625,0.91552734375,0.91552734375,-0.18310546875,1742308676.8347008
1742308676,854290466,-0.09228515625,-0.00634765625,0.9853515625,0.91552734375,1.40380859375,-0.18310546875,1742308676.8542905
1742308676,874234183,-0.08837890625,0.0009765625,0.97021484375,0.91552734375,1.708984375,-0.3662109375,1742308676.8742342
1742308676,894177804,-0.078125,0.001953125,0.96923828125,0.3662109375,1.52587890625,-0.54931640625,1742308676.894178
1742308676,914196050,-0.08984375,0.00390625,0.97705078125,0.1220703125,0.244140625,-0.30517578125,1742308676.914196
1742308676,934262007,-0.09521484375,-0.00244140625,0.96728515625,0.1220703125,-0.30517578125,0.06103515625,1742308676.934262
1742308676,954331836,-0.09619140625,-0.00732421875,0.97509765625,0.244140625,-1.5869140625,-0.1220703125,1742308676.9543319
1742308676,974242465,-0.087890625,-0.0107421875,0.98828125,0.48828125,-1.3427734375,-0.1220703125,1742308676.9742424
1742308676,994575558,-0.10107421875,-0.00439453125,0.97900390625,-0.18310546875,-1.5869140625,-0.244140625,1742308676.9945755
1742308677,14326765,-0.06787109375,0.0009765625,0.9658203125,0.06103515625,-0.67138671875,-0.48828125,1742308677.0143268
1742308677,34403540,-0.06494140625,-0.00048828125,0.98193359375,0.9765625,0.6103515625,-0.3662109375,1742308677.0344036
1742308677,54811290,-0.08740234375,-0.00830078125,0.978515625,1.220703125,1.40380859375,-0.244140625,1742308677.0548112
1742308677,74139106,-0.09130859375,-0.005859375,0.96630859375,0.732421875,1.46484375,-0.3662109375,1742308677.074139
1742308677,90697517,-0.091796875,0.0087890625,0.97802734375,0.732421875,1.15966796875,-0.48828125,1742308677.0906975
1742308677,114112400,-0.0888671875,-0.0078125,0.97412109375,0.54931640625,0.54931640625,-0.18310546875,1742308677.1141124
1742308677,129394845,-0.10791015625,-0.001953125,0.9697265625,0.42724609375,-0.9765625,0.0,1742308677.1293948
1742308677,149705347,-0.091796875,-0.00634765625,0.9716796875,0.42724609375,-0.9765625,-0.06103515625,1742308677.1497054
1742308677,174370757,-0.08740234375,-0.00439453125,0.98583984375,0.0,-1.8310546875,-0.244140625,1742308677.1743708
1742308677,194116492,-0.06884765625,0.00048828125,0.97119140625,-0.30517578125,-1.46484375,-0.3662109375,1742308677.1941166
1742308677,214734066,-0.06591796875,-0.0048828125,0.970703125,0.1220703125,-0.244140625,-0.18310546875,1742308677.214734
1742308677,234473017,-0.076171875,-0.00634765625,0.9775390625,0.54931640625,0.79345703125,-0.18310546875,1742308677.234473
1742308677,254429184,-0.078125,-0.013671875,0.98046875,1.0986328125,1.46484375,-0.1220703125,1742308677.254429
1742308677,274283304,-0.08837890625,-0.0087890625,0.970703125,0.91552734375,1.89208984375,-0.18310546875,1742308677.2742834
1742308677,289187413,-0.0908203125,0.00341796875,0.9736328125,0.42724609375,1.220703125,-0.30517578125,1742308677.2891874
1742308677,314388309,-0.080078125,-0.0009765625,0.96923828125,0.54931640625,0.67138671875,-0.1220703125,1742308677.3143883
1742308677,334661660,-0.09716796875,-0.001953125,0.97216796875,0.30517578125,-0.1220703125,-0.06103515625,1742308677.3346617
1742308677,354223075,-0.095703125,-0.00830078125,0.96435546875,0.06103515625,-1.5869140625,-0.30517578125,1742308677.354223
1742308677,374276458,-0.07861328125,-0.0087890625,0.97802734375,0.244140625,-1.40380859375,-0.1220703125,1742308677.3742764
1742308677,394227633,-0.08642578125,-0.013671875,0.98193359375,-0.1220703125,-1.40380859375,0.0,1742308677.3942277
1742308677,414201144,-0.0869140625,-0.00146484375,0.9755859375,0.18310546875,-0.06103515625,-0.244140625,1742308677.4142013
1742308677,434231999,-0.06787109375,-0.00634765625,0.9697265625,0.54931640625,0.244140625,-0.244140625,1742308677.434232
1742308677,454237638,-0.07763671875,-0.0087890625,0.97265625,0.8544921875,1.46484375,-0.18310546875,1742308677.4542377
1742308677,474223789,-0.09130859375,-0.00439453125,0.9755859375,0.79345703125,1.89208984375,-0.3662109375,1742308677.4742239
1742308677,489528282,-0.08544921875,0.001953125,0.9638671875,0.54931640625,1.0986328125,-0.3662109375,1742308677.4895282
1742308677,515408378,-0.091796875,0.00634765625,0.96630859375,0.3662109375,0.244140625,-0.18310546875,1742308677.5154083
1742308677,534290242,-0.0966796875,-0.00244140625,0.97265625,0.1220703125,-0.48828125,0.06103515625,1742308677.5342903
1742308677,554305865,-0.10595703125,-0.0029296875,0.974609375,-0.48828125,-1.89208984375,0.06103515625,1742308677.5543058
1742308677,574274992,-0.0810546875,-0.00390625,0.97216796875,0.06103515625,-1.77001953125,-0.30517578125,1742308677.574275
1742308677,594269783,-0.0732421875,-0.01025390625,0.984375,0.3662109375,-1.220703125,-0.3662109375,1742308677.5942698
1742308677,614240446,-0.08349609375,-0.005859375,0.97998046875,0.54931640625,-0.1220703125,-0.18310546875,1742308677.6142404
1742308677,634367269,-0.06689453125,-0.00390625,0.96923828125,0.8544921875,1.46484375,-0.18310546875,1742308677.6343672
1742308677,654324908,-0.07470703125,-0.00390625,0.978515625,0.91552734375,1.77001953125,-0.30517578125,1742308677.654325
1742308677,674219539,-0.08935546875,-0.00537109375,0.97705078125,0.79345703125,2.01416015625,-0.3662109375,1742308677.6742196
1742308677,694047002,-0.0888671875,-0.00048828125,0.96337890625,0.54931640625,0.8544921875,-0.3662109375,1742308677.694047
1742308677,714942784,-0.09619140625,-0.00439453125,0.974609375,0.67138671875,0.1220703125,-0.18310546875,1742308677.7149427
1742308677,734247976,-0.095703125,-0.0087890625,0.96728515625,0.06103515625,-1.3427734375,-0.06103515625,1742308677.734248
1742308677,754351631,-0.0908203125,-0.0009765625,0.9677734375,0.42724609375,-1.40380859375,-0.1220703125,1742308677.7543516
1742308677,774293654,-0.08154296875,-0.01416015625,0.97314453125,0.18310546875,-2.01416015625,0.0,1742308677.7742937
1742308677,794083709,-0.08056640625,0.0009765625,0.982421875,0.30517578125,-0.8544921875,-0.30517578125,1742308677.7940836
1742308677,814415363,-0.06982421875,-0.0068359375,0.97265625,0.732421875,-0.18310546875,-0.30517578125,1742308677.8144155
1742308677,834324267,-0.07861328125,-0.00439453125,0.9736328125,0.732421875,0.732421875,0.06103515625,1742308677.8343244
1742308677,855104913,-0.08642578125,-0.01171875,0.9833984375,0.8544921875,1.3427734375,-0.06103515625,1742308677.855105
1742308677,874342712,-0.09521484375,-0.015625,0.98095703125,0.79345703125,1.03759765625,-0.30517578125,1742308677.8743427
1742308677,894785535,-0.09716796875,-0.00390625,0.9755859375,0.732421875,0.79345703125,-0.6103515625,1742308677.8947856
1742308677,915299365,-0.08349609375,-0.001953125,0.96826171875,0.54931640625,-0.18310546875,-0.244140625,1742308677.9152994
1742308677,934317581,-0.087890625,-0.0009765625,0.974609375,0.1220703125,-1.03759765625,0.0,1742308677.9343176
1742308677,954222708,-0.09521484375,-0.0068359375,0.97314453125,0.0,-0.67138671875,0.0,1742308677.9542227
1742308677,974566459,-0.08447265625,-0.00634765625,0.98388671875,0.1220703125,-0.6103515625,-0.30517578125,1742308677.9745665
1742308677,994203522,-0.07275390625,0.00048828125,0.96826171875,-0.06103515625,-0.3662109375,-0.3662109375,1742308677.9942036
1742308678,15904232,-0.06884765625,-0.00048828125,0.96630859375,0.1220703125,0.48828125,-0.3662109375,1742308678.0159042
1742308678,34427667,-0.09228515625,-0.00341796875,0.97705078125,0.6103515625,0.3662109375,-0.18310546875,1742308678.0344276
1742308678,54357883,-0.0771484375,-0.00732421875,0.96923828125,0.91552734375,0.8544921875,-0.06103515625,1742308678.0543578
1742308678,74331684,-0.08544921875,-0.0029296875,0.9775390625,0.9765625,0.54931640625,-0.42724609375,1742308678.0743318
1742308678,94201484,-0.0966796875,-0.0087890625,0.978515625,1.03759765625,0.30517578125,-0.18310546875,1742308678.0942016
1742308678,114404661,-0.10009765625,0.00146484375,0.9638671875,0.06103515625,-0.6103515625,-0.3662109375,1742308678.1144047
1742308678,134378045,-0.0771484375,0.00146484375,0.96533203125,0.42724609375,-0.3662109375,-0.48828125,1742308678.134378
1742308678,154564966,-0.0859375,-0.01123046875,0.98291015625,0.6103515625,-1.0986328125,-0.1220703125,1742308678.1545649
1742308678,174418926,-0.09765625,-0.0029296875,0.98193359375,0.30517578125,-0.42724609375,-0.3662109375,1742308678.174419
1742308678,189497597,-0.0732421875,-0.005859375,0.9619140625,0.30517578125,-0.244140625,-0.48828125,1742308678.1894977
1742308678,214209824,-0.07958984375,0.0048828125,0.9765625,0.3662109375,-0.244140625,-0.244140625,1742308678.2142098
1742308678,234607080,-0.09130859375,-0.00927734375,0.974609375,0.54931640625,0.48828125,0.0,1742308678.234607
1742308678,255125552,-0.09521484375,-0.00634765625,0.97265625,0.79345703125,-0.06103515625,0.0,1742308678.2551255
1742308678,274314009,-0.08447265625,-0.00537109375,0.982421875,0.54931640625,0.54931640625,-0.30517578125,1742308678.274314
1742308678,289551143,-0.099609375,-0.0087890625,0.9794921875,0.30517578125,-0.54931640625,-0.54931640625,1742308678.2895513
1742308678,314242186,-0.08349609375,0.0,0.97216796875,0.48828125,0.0,-0.3662109375,1742308678.3142421
1742308678,329316313,-0.07666015625,-0.0078125,0.9697265625,0.6103515625,-0.18310546875,0.0,1742308678.3293164
1742308678,349350529,-0.09130859375,-0.00830078125,0.9912109375,0.67138671875,0.3662109375,-0.30517578125,1742308678.3493505
1742308678,374345732,-0.08642578125,-0.013671875,0.97607421875,0.732421875,0.30517578125,-0.42724609375,1742308678.3743458
1742308678,389576114,-0.0869140625,0.00341796875,0.96826171875,0.42724609375,0.48828125,-0.30517578125,1742308678.3895762
1742308678,414455797,-0.07568359375,0.0009765625,0.9765625,0.1220703125,0.06103515625,-0.30517578125,1742308678.414456
1742308678,434449661,-0.08642578125,-0.0078125,0.97412109375,0.244140625,0.06103515625,-0.1220703125,1742308678.4344497
1742308678,454524230,-0.09375,0.00048828125,0.97509765625,0.3662109375,-0.06103515625,-0.18310546875,1742308678.4545243
1742308678,474322958,-0.07763671875,-0.01123046875,0.978515625,0.3662109375,0.1220703125,-0.30517578125,1742308678.474323
1742308678,494254679,-0.09765625,-0.00244140625,0.97607421875,0.18310546875,-0.6103515625,-0.42724609375,1742308678.4942546
1742308678,514163136,-0.0751953125,-0.0009765625,0.96240234375,0.54931640625,0.48828125,-0.6103515625,1742308678.514163
1742308678,534449608,-0.078125,-0.00732421875,0.97314453125,0.67138671875,-0.54931640625,-0.30517578125,1742308678.5344496
1742308678,554411952,-0.09033203125,-0.0078125,0.98388671875,0.67138671875,0.3662109375,-0.1220703125,1742308678.554412
1742308678,574532985,-0.0849609375,-0.00927734375,0.9697265625,0.48828125,0.0,-0.18310546875,1742308678.574533
1742308678,594441921,-0.08984375,0.00146484375,0.9775390625,0.244140625,0.244140625,-0.6103515625,1742308678.594442
1742308678,614443530,-0.07275390625,-0.00732421875,0.96875,0.06103515625,0.30517578125,-0.1220703125,1742308678.6144435
1742308678,634263219,-0.095703125,0.00146484375,0.97607421875,0.42724609375,-0.06103515625,-0.06103515625,1742308678.6342633
1742308678,649342465,-0.08642578125,-0.0048828125,0.970703125,0.48828125,0.06103515625,-0.1220703125,1742308678.6493425
1742308678,674286564,-0.087890625,-0.00244140625,0.9833984375,0.30517578125,-0.6103515625,-0.1220703125,1742308678.6742866
1742308678,689227474,-0.076171875,-0.00732421875,0.97509765625,0.42724609375,0.06103515625,-0.54931640625,1742308678.6892276
1742308678,709296635,-0.07421875,-0.00439453125,0.97265625,0.18310546875,0.1220703125,-0.42724609375,1742308678.7092967
1742308678,734544765,-0.0927734375,0.00244140625,0.97509765625,0.48828125,0.54931640625,0.06103515625,1742308678.7345448
1742308678,749403436,-0.0810546875,-0.01025390625,0.97607421875,0.67138671875,0.67138671875,0.0,1742308678.7494035
1742308678,774282158,-0.09423828125,-0.00146484375,0.9853515625,0.54931640625,0.0,-0.18310546875,1742308678.7742822
1742308678,789295037,-0.09130859375,-0.00634765625,0.97216796875,0.732421875,0.06103515625,-0.30517578125,1742308678.789295
1742308678,814237056,-0.08740234375,-0.001953125,0.9755859375,0.3662109375,-0.54931640625,-0.1220703125,1742308678.814237
1742308678,834677768,-0.08984375,-0.0087890625,0.978515625,0.54931640625,0.1220703125,-0.06103515625,1742308678.8346777
1742308678,849648118,-0.09130859375,-0.0146484375,0.97021484375,0.48828125,-0.54931640625,-0.18310546875,1742308678.849648
1742308678,874472217,-0.08203125,-0.0078125,0.97216796875,0.6103515625,0.244140625,-0.6103515625,1742308678.8744721
1742308678,894279138,-0.08203125,-0.01220703125,0.9765625,0.3662109375,-0.18310546875,-0.1220703125,1742308678.8942792
1742308678,909677616,-0.09521484375,-0.00537109375,0.97998046875,0.3662109375,0.30517578125,-0.18310546875,1742308678.9096775
1742308678,934374835,-0.080078125,-0.00634765625,0.96630859375,0.732421875,0.54931640625,-0.244140625,1742308678.9343748
1742308678,954402587,-0.0830078125,-0.00830078125,0.98095703125,0.8544921875,0.18310546875,-0.18310546875,1742308678.9544027
1742308678,974734563,-0.08935546875,-0.01416015625,0.984375,0.54931640625,0.18310546875,-0.3662109375,1742308678.9747345
1742308678,994135340,-0.0849609375,-0.0048828125,0.966796875,0.244140625,-0.54931640625,-0.6103515625,1742308678.9941354
1742308679,14682613,-0.0771484375,-0.00048828125,0.97314453125,0.3662109375,-0.30517578125,-0.30517578125,1742308679.0146825
1742308679,34548479,-0.08056640625,-0.0107421875,0.97607421875,0.30517578125,-0.3662109375,-0.1220703125,1742308679.0345485
1742308679,49342863,-0.10205078125,0.00244140625,0.97900390625,0.18310546875,-0.6103515625,0.06103515625,1742308679.0493429
1742308679,74860499,-0.08056640625,-0.00830078125,0.9765625,0.3662109375,0.3662109375,-0.244140625,1742308679.0748606
1742308679,95189021,-0.076171875,-0.005859375,0.98583984375,0.3662109375,0.42724609375,-0.42724609375,1742308679.095189
1742308679,114298184,-0.08154296875,-0.001953125,0.96630859375,0.6103515625,0.6103515625,-0.244140625,1742308679.114298
1742308679,134290450,-0.07861328125,0.0029296875,0.96435546875,0.79345703125,0.8544921875,-0.244140625,1742308679.1342905
1742308679,154222908,-0.0888671875,0.0,0.974609375,0.48828125,0.1220703125,-0.30517578125,1742308679.154223
1742308679,169536715,-0.08203125,-0.00537109375,0.974609375,0.42724609375,-0.06103515625,-0.06103515625,1742308679.1695368
1742308679,189672085,-0.0927734375,-0.00146484375,0.97314453125,0.1220703125,-0.54931640625,-0.42724609375,1742308679.189672
1742308679,214180794,-0.0869140625,-0.00244140625,0.97265625,0.54931640625,-0.30517578125,0.06103515625,1742308679.2141807
1742308679,234712483,-0.0947265625,-0.0048828125,0.97607421875,0.1220703125,-0.8544921875,-0.06103515625,1742308679.2347126
1742308679,254254414,-0.08203125,-0.0068359375,0.970703125,0.3662109375,-0.3662109375,-0.42724609375,1742308679.2542543
1742308679,274121048,-0.07568359375,-0.00341796875,0.98193359375,0.732421875,0.06103515625,-0.67138671875,1742308679.274121
1742308679,294290722,-0.07958984375,-0.00537109375,0.9775390625,0.79345703125,0.30517578125,-0.30517578125,1742308679.2942908
1742308679,314141164,-0.07958984375,-0.00634765625,0.96533203125,0.79345703125,0.54931640625,-0.1220703125,1742308679.3141413
1742308679,334297206,-0.1005859375,0.00048828125,0.97900390625,0.48828125,0.30517578125,-0.244140625,1742308679.3342972
1742308679,354249760,-0.0888671875,-0.013671875,0.97314453125,0.732421875,0.42724609375,-0.244140625,1742308679.3542497
1742308679,374217994,-0.095703125,-0.0048828125,0.97412109375,0.54931640625,-0.6103515625,-0.3662109375,1742308679.374218
1742308679,394400339,-0.087890625,-0.0048828125,0.9755859375,0.42724609375,-0.18310546875,-0.3662109375,1742308679.3944004
1742308679,414182206,-0.0859375,0.0,0.97509765625,0.1220703125,-0.67138671875,-0.18310546875,1742308679.4141822
1742308679,434338088,-0.08203125,0.00244140625,0.97265625,0.0,-0.48828125,0.0,1742308679.434338
1742308679,454571921,-0.08203125,-0.0078125,0.97802734375,0.30517578125,0.0,0.06103515625,1742308679.454572
1742308679,474243676,-0.08837890625,-0.0078125,0.98486328125,0.67138671875,0.30517578125,-0.6103515625,1742308679.4742436
1742308679,494307974,-0.07666015625,-0.00732421875,0.97021484375,0.8544921875,0.6103515625,-0.3662109375,1742308679.494308
1742308679,514293616,-0.0830078125,-0.00048828125,0.96875,0.3662109375,0.79345703125,-0.1220703125,1742308679.5142937
1742308679,534179930,-0.099609375,-0.0048828125,0.97900390625,0.18310546875,0.42724609375,0.1220703125,1742308679.53418
1742308679,554492035,-0.08544921875,-0.005859375,0.97412109375,0.54931640625,0.18310546875,-0.1220703125,1742308679.554492
1742308679,574148846,-0.0859375,-0.005859375,0.978515625,0.3662109375,0.0,-0.18310546875,1742308679.574149
1742308679,594194712,-0.0791015625,-0.005859375,0.98486328125,0.42724609375,-0.30517578125,-0.30517578125,1742308679.5941947
1742308679,614491169,-0.09375,0.00048828125,0.970703125,0.18310546875,-0.54931640625,-0.06103515625,1742308679.6144912
1742308679,634249740,-0.08056640625,-0.0068359375,0.96923828125,0.48828125,-0.06103515625,0.06103515625,1742308679.6342497
1742308679,649519291,-0.0869140625,-0.00830078125,0.98486328125,0.42724609375,-0.1220703125,-0.18310546875,1742308679.6495192
1742308679,674127392,-0.0849609375,-0.00634765625,0.97900390625,0.6103515625,0.18310546875,-0.30517578125,1742308679.6741273
1742308679,694129962,-0.08154296875,-0.00439453125,0.96337890625,0.42724609375,0.244140625,-0.244140625,1742308679.69413
1742308679,714230100,-0.0849609375,0.001953125,0.9716796875,0.3662109375,0.3662109375,-0.244140625,1742308679.71423
1742308679,734358398,-0.083984375,-0.00732421875,0.96728515625,0.244140625,0.3662109375,-0.1220703125,1742308679.7343583
1742308679,754301320,-0.09521484375,0.0009765625,0.97509765625,0.06103515625,-0.244140625,-0.1220703125,1742308679.7543013
1742308679,774157042,-0.07470703125,-0.00048828125,0.97607421875,0.1220703125,-0.1220703125,-0.42724609375,1742308679.774157
1742308679,794132860,-0.09619140625,0.00146484375,0.98388671875,-0.18310546875,-0.91552734375,-0.1220703125,1742308679.794133
1742308679,814196838,-0.0791015625,-0.0068359375,0.96630859375,0.3662109375,-0.06103515625,-0.244140625,1742308679.8141968
1742308679,834414575,-0.06982421875,-0.00341796875,0.97412109375,0.732421875,0.06103515625,-0.18310546875,1742308679.8344145
1742308679,854360698,-0.08984375,-0.005859375,0.98388671875,0.79345703125,0.67138671875,-0.06103515625,1742308679.8543606
1742308679,874173540,-0.08544921875,-0.0146484375,0.97265625,0.91552734375,0.732421875,-0.244140625,1742308679.8741736
1742308679,894046670,-0.09228515625,0.0,0.978515625,0.8544921875,0.9765625,-0.06103515625,1742308679.8940468
1742308679,909747133,-0.0869140625,-0.00244140625,0.966796875,0.42724609375,0.30517578125,0.0,1742308679.9097471
1742308679,934389761,-0.09326171875,-0.0048828125,0.974609375,0.6103515625,-0.244140625,0.0,1742308679.9343898
1742308679,954220268,-0.09814453125,-0.009765625,0.97705078125,0.42724609375,-0.1220703125,-0.06103515625,1742308679.9542203
1742308679,974244790,-0.0927734375,-0.005859375,0.97705078125,-0.30517578125,-1.8310546875,-0.30517578125,1742308679.9742448
1742308679,994183424,-0.06298828125,-0.00830078125,0.97314453125,0.3662109375,-0.54931640625,-0.8544921875,1742308679.9941835
1742308680,14350314,-0.08154296875,-0.0126953125,0.9833984375,0.6103515625,-0.79345703125,-0.18310546875,1742308680.0143504
1742308680,34752789,-0.091796875,-0.00634765625,0.98291015625,0.91552734375,0.67138671875,0.0,1742308680.0347528
1742308680,54467457,-0.07177734375,-0.009765625,0.9736328125,0.9765625,0.91552734375,0.0,1742308680.0544674
1742308680,74178925,-0.08642578125,-0.00537109375,0.9853515625,1.0986328125,1.220703125,-0.30517578125,1742308680.074179
1742308680,94237304,-0.09326171875,-0.00634765625,0.97509765625,0.6103515625,1.220703125,-0.244140625,1742308680.0942373
1742308680,114133859,-0.09375,0.0009765625,0.96875,0.30517578125,0.54931640625,-0.18310546875,1742308680.1141338
1742308680,134162799,-0.08935546875,-0.00146484375,0.970703125,0.18310546875,-0.48828125,-0.30517578125,1742308680.134163
1742308680,154193754,-0.0947265625,-0.00537109375,0.97705078125,-0.1220703125,-1.0986328125,-0.3662109375,1742308680.1541936
1742308680,174103526,-0.08447265625,-0.00244140625,0.97607421875,-0.30517578125,-1.8310546875,-0.244140625,1742308680.1741035
1742308680,194233073,-0.06591796875,-0.00830078125,0.97705078125,-0.1220703125,-1.03759765625,-0.30517578125,1742308680.1942332
1742308680,214094300,-0.0703125,-0.0048828125,0.978515625,0.48828125,-0.18310546875,-0.244140625,1742308680.2140944
1742308680,229392141,-0.09130859375,-0.0029296875,0.9736328125,0.9765625,0.54931640625,0.0,1742308680.229392
1742308680,254353299,-0.08056640625,0.0,0.96435546875,0.732421875,1.64794921875,-0.3662109375,1742308680.2543533
1742308680,274218718,-0.08740234375,-0.0048828125,0.982421875,0.54931640625,1.52587890625,-0.6103515625,1742308680.2742188
1742308680,294328906,-0.08642578125,-0.00341796875,0.970703125,0.54931640625,0.9765625,-0.30517578125,1742308680.294329
1742308680,314562357,-0.09326171875,0.00146484375,0.96533203125,0.6103515625,0.18310546875,-0.06103515625,1742308680.3145623
1742308680,334119265,-0.09326171875,-0.00927734375,0.97509765625,0.732421875,-0.42724609375,0.0,1742308680.3341193
1742308680,354237036,-0.1015625,-0.0146484375,0.97802734375,0.54931640625,-1.52587890625,-0.1220703125,1742308680.354237
1742308680,374120791,-0.0849609375,-0.00146484375,0.97412109375,0.3662109375,-1.52587890625,-0.18310546875,1742308680.3741207
1742308680,389187336,-0.0732421875,-0.009765625,0.970703125,-0.06103515625,-1.3427734375,-0.30517578125,1742308680.3891873
1742308680,414181998,-0.08203125,-0.0009765625,0.98193359375,0.48828125,-0.54931640625,-0.244140625,1742308680.414182
1742308680,434259385,-0.0791015625,-0.0068359375,0.97119140625,0.732421875,0.30517578125,-0.18310546875,1742308680.4342594
1742308680,454203301,-0.08251953125,-0.00048828125,0.974609375,0.244140625,0.6103515625,-0.1220703125,1742308680.4542034
1742308680,474167920,-0.091796875,-0.00634765625,0.98046875,0.67138671875,1.28173828125,-0.30517578125,1742308680.4741678
1742308680,494272987,-0.09326171875,-0.0068359375,0.97509765625,0.79345703125,0.42724609375,-0.48828125,1742308680.494273
1742308680,514214407,-0.0908203125,0.00146484375,0.96923828125,0.79345703125,0.54931640625,-0.244140625,1742308680.5142145
1742308680,534292082,-0.09521484375,-0.0048828125,0.97021484375,0.67138671875,-0.54931640625,0.1220703125,1742308680.534292
1742308680,554423965,-0.10107421875,0.00390625,0.97900390625,0.244140625,-0.48828125,0.06103515625,1742308680.554424
1742308680,574129257,-0.08154296875,-0.0029296875,0.970703125,0.06103515625,-0.67138671875,-0.244140625,1742308680.5741293
1742308680,594127572,-0.0751953125,0.0009765625,0.9755859375,0.06103515625,-0.48828125,-0.42724609375,1742308680.5941277
1742308680,614222208,-0.0810546875,-0.0078125,0.9716796875,0.54931640625,-0.244140625,-0.3662109375,1742308680.6142223
1742308680,634249099,-0.0986328125,-0.00537109375,0.96826171875,0.06103515625,0.0,0.18310546875,1742308680.6342492
1742308680,654310614,-0.08251953125,-0.00537109375,0.978515625,0.42724609375,0.3662109375,0.06103515625,1742308680.6543107
1742308680,674146434,-0.08203125,-0.00732421875,0.98046875,0.48828125,0.54931640625,-0.30517578125,1742308680.6741464
1742308680,694135885,-0.08154296875,0.00390625,0.97412109375,0.6103515625,0.79345703125,-0.42724609375,1742308680.694136
1742308680,714457304,-0.078125,0.0,0.96875,0.8544921875,1.03759765625,-0.18310546875,1742308680.7144573
1742308680,734262244,-0.09375,-0.00390625,0.9658203125,0.8544921875,0.244140625,0.06103515625,1742308680.7342622
1742308680,754196079,-0.10595703125,-0.00146484375,0.97509765625,0.54931640625,0.18310546875,0.0,1742308680.7541962
1742308680,774212059,-0.10205078125,-0.01171875,0.97705078125,-0.18310546875,-1.0986328125,-0.1220703125,1742308680.7742121
1742308680,794180550,-0.0830078125,0.001953125,0.9775390625,0.1220703125,-1.03759765625,-0.42724609375,1742308680.7941806
1742308680,809191031,-0.07421875,-0.0068359375,0.9716796875,0.18310546875,-1.220703125,-0.18310546875,1742308680.809191
1742308680,834268253,-0.08740234375,-0.00439453125,0.970703125,0.1220703125,-0.42724609375,-0.1220703125,1742308680.8342683
1742308680,854602280,-0.076171875,-0.005859375,0.9677734375,0.3662109375,-0.06103515625,-0.244140625,1742308680.8546023
1742308680,874150772,-0.08154296875,0.0,0.97705078125,0.732421875,0.42724609375,-0.18310546875,1742308680.8741508
1742308680,894438335,-0.07763671875,0.00048828125,0.96923828125,0.48828125,1.15966796875,-0.3662109375,1742308680.8944383
1742308680,914584202,-0.080078125,0.00390625,0.9677734375,0.42724609375,0.8544921875,-0.1220703125,1742308680.9145842
1742308680,934370805,-0.08740234375,-0.0048828125,0.97509765625,0.48828125,1.220703125,0.06103515625,1742308680.9343708
1742308680,954193793,-0.09033203125,-0.01025390625,0.9765625,0.48828125,0.30517578125,-0.18310546875,1742308680.9541938
1742308680,974110029,-0.09814453125,0.0009765625,0.97900390625,0.30517578125,0.06103515625,-0.30517578125,1742308680.9741101
1742308680,993979096,-0.07568359375,-0.00732421875,0.96826171875,0.67138671875,-0.8544921875,-0.06103515625,1742308680.993979
1742308681,14342052,-0.0859375,0.00390625,0.97900390625,0.0,-1.3427734375,0.30517578125,1742308681.014342
1742308681,34357104,-0.09375,-0.00830078125,0.9755859375,0.1220703125,-0.8544921875,0.1220703125,1742308681.034357
1742308681,54227101,-0.0849609375,-0.01123046875,0.9794921875,0.244140625,-0.67138671875,-0.06103515625,1742308681.054227
1742308681,74257482,-0.07763671875,-0.01123046875,0.9833984375,0.42724609375,0.67138671875,-0.54931640625,1742308681.0742574
1742308681,94187351,-0.0751953125,-0.01220703125,0.97119140625,0.732421875,0.8544921875,-0.244140625,1742308681.0941873
1742308681,114203715,-0.0830078125,0.00048828125,0.97021484375,0.67138671875,1.220703125,-0.1220703125,1742308681.1142037
1742308681,134333104,-0.08935546875,-0.0078125,0.966796875,0.42724609375,0.9765625,0.244140625,1742308681.1343331
1742308681,154237116,-0.10400390625,-0.00390625,0.982421875,0.91552734375,0.54931640625,-0.244140625,1742308681.154237
1742308681,174126473,-0.08642578125,0.0048828125,0.96826171875,0.6103515625,0.0,-0.54931640625,1742308681.1741264
1742308681,194134550,-0.07958984375,-0.00048828125,0.97216796875,0.1220703125,-0.91552734375,-0.18310546875,1742308681.1941345
1742308681,214186019,-0.0869140625,-0.00244140625,0.9736328125,0.06103515625,-1.03759765625,0.0,1742308681.214186
1742308681,234141519,-0.0908203125,-0.01171875,0.9638671875,0.06103515625,-1.0986328125,0.0,1742308681.2341416
1742308681,254286108,-0.08642578125,-0.0087890625,0.98095703125,0.18310546875,-0.6103515625,-0.30517578125,1742308681.254286
1742308681,274104841,-0.0693359375,-0.01513671875,0.97900390625,0.42724609375,-0.18310546875,-0.42724609375,1742308681.2741048
1742308681,294133493,-0.07861328125,0.0048828125,0.9814453125,0.6103515625,0.30517578125,-0.06103515625,1742308681.2941334
1742308681,314126626,-0.07470703125,-0.0126953125,0.97119140625,0.9765625,1.52587890625,0.30517578125,1742308681.3141267
1742308681,334230862,-0.0810546875,-0.00537109375,0.9794921875,0.8544921875,1.708984375,-0.06103515625,1742308681.334231
1742308681,354500411,-0.08544921875,-0.00244140625,0.97412109375,0.8544921875,1.40380859375,-0.3662109375,1742308681.3545003
1742308681,374159016,-0.0810546875,0.0009765625,0.9716796875,0.6103515625,0.6103515625,-0.48828125,1742308681.374159
1742308681,394248628,-0.0888671875,0.00439453125,0.97314453125,-0.06103515625,-0.732421875,-0.1220703125,1742308681.3942487
1742308681,414162305,-0.083984375,-0.00634765625,0.970703125,-0.1220703125,-1.15966796875,0.0,1742308681.4141624
1742308681,434303982,-0.09423828125,-0.0029296875,0.978515625,-0.06103515625,-1.52587890625,0.0,1742308681.434304
1742308681,454239706,-0.0849609375,-0.01171875,0.97705078125,0.54931640625,-0.8544921875,0.0,1742308681.4542396
1742308681,474291847,-0.08154296875,-0.0068359375,0.98095703125,0.42724609375,-0.79345703125,-0.30517578125,1742308681.4742918
1742308681,494426676,-0.06640625,-0.00439453125,0.97314453125,0.48828125,0.244140625,-0.6103515625,1742308681.4944267
1742308681,514163553,-0.0751953125,0.00341796875,0.97509765625,0.9765625,1.03759765625,-0.6103515625,1742308681.5141635
1742308681,534277165,-0.0869140625,-0.00537109375,0.97705078125,1.03759765625,1.46484375,0.0,1742308681.5342772
1742308681,554373178,-0.09326171875,-0.0078125,0.96630859375,0.67138671875,1.0986328125,-0.244140625,1742308681.5543733
1742308681,574195302,-0.1015625,0.00244140625,0.9814453125,0.30517578125,0.42724609375,-0.48828125,1742308681.5741954
1742308681,594252371,-0.087890625,-0.00341796875,0.9697265625,0.54931640625,-0.244140625,-0.54931640625,1742308681.5942523
1742308681,614187328,-0.09130859375,-0.00048828125,0.97314453125,0.6103515625,-1.3427734375,-0.30517578125,1742308681.6141872
1742308681,634215404,-0.08740234375,-0.00830078125,0.97216796875,0.3662109375,-1.28173828125,-0.1220703125,1742308681.6342154
1742308681,654308601,-0.087890625,-0.0078125,0.974609375,0.244140625,-1.220703125,-0.06103515625,1742308681.6543086
1742308681,674371142,-0.076171875,0.00146484375,0.978515625,-0.06103515625,-0.3662109375,-0.30517578125,1742308681.6743712
1742308681,695190417,-0.07421875,-0.00634765625,0.978515625,0.18310546875,0.6103515625,-0.244140625,1742308681.6951904
1742308681,714506463,-0.083984375,-0.001953125,0.97900390625,0.6103515625,1.0986328125,-0.48828125,1742308681.7145064
1742308681,731455758,-0.09130859375,-0.00634765625,0.970703125,1.0986328125,1.3427734375,0.0,1742308681.7314558
1742308681,754404696,-0.095703125,-0.00439453125,0.9697265625,0.67138671875,0.9765625,-0.1220703125,1742308681.7544048
1742308681,769463178,-0.09814453125,-0.00390625,0.9775390625,0.42724609375,0.3662109375,-0.3662109375,1742308681.769463
1742308681,794436818,-0.08056640625,-0.0009765625,0.97314453125,0.244140625,-0.3662109375,-0.3662109375,1742308681.794437
1742308681,814142494,-0.07958984375,0.00244140625,0.9736328125,0.18310546875,-0.6103515625,-0.244140625,1742308681.8141425
1742308681,834232811,-0.07861328125,0.00048828125,0.9716796875,0.30517578125,-0.54931640625,-0.18310546875,1742308681.8342328
1742308681,854474711,-0.10107421875,-0.0029296875,0.97265625,0.18310546875,-0.732421875,-0.18310546875,1742308681.8544748
1742308681,874215780,-0.07421875,-0.00439453125,0.974609375,0.42724609375,0.3662109375,-0.48828125,1742308681.8742158
1742308681,894227025,-0.07373046875,-0.00927734375,0.9755859375,-0.18310546875,-0.3662109375,-0.3662109375,1742308681.894227
1742308681,914138366,-0.09228515625,-0.0048828125,0.9794921875,0.54931640625,0.6103515625,-0.1220703125,1742308681.9141383
1742308681,934228106,-0.0849609375,-0.01416015625,0.97021484375,0.79345703125,0.244140625,-0.1220703125,1742308681.9342282
1742308681,954525591,-0.08837890625,-0.00537109375,0.98681640625,0.48828125,0.06103515625,-0.30517578125,1742308681.9545257
1742308681,974165764,-0.08251953125,-0.0087890625,0.96923828125,0.1220703125,0.18310546875,-0.42724609375,1742308681.9741657
1742308681,994167248,-0.0771484375,0.0087890625,0.970703125,0.06103515625,-0.48828125,-0.42724609375,1742308681.9941673
1742308682,14243774,-0.0703125,0.0,0.966796875,0.30517578125,-0.06103515625,-0.30517578125,1742308682.0142438
1742308682,34598699,-0.09619140625,-0.00390625,0.97314453125,0.1220703125,-0.54931640625,0.06103515625,1742308682.0345986
1742308682,49602430,-0.09130859375,-0.0087890625,0.97607421875,0.3662109375,0.244140625,-0.18310546875,1742308682.0496025
1742308682,74136839,-0.06982421875,-0.00830078125,0.9716796875,0.18310546875,0.06103515625,-0.3662109375,1742308682.0741367
1742308682,94149557,-0.07666015625,0.00634765625,0.9765625,0.42724609375,0.54931640625,-0.30517578125,1742308682.0941496
1742308682,114235651,-0.0732421875,-0.009765625,0.96923828125,1.03759765625,0.3662109375,-0.06103515625,1742308682.1142356
1742308682,134197361,-0.10009765625,-0.001953125,0.9833984375,0.79345703125,0.1220703125,0.1220703125,1742308682.1341975
1742308682,154210527,-0.0908203125,-0.009765625,0.974609375,0.42724609375,0.18310546875,0.06103515625,1742308682.1542106
1742308682,174097677,-0.09228515625,-0.0068359375,0.97509765625,0.244140625,-0.30517578125,-0.06103515625,1742308682.1740978
1742308682,194194907,-0.0908203125,-0.0048828125,0.9833984375,0.18310546875,0.0,-0.3662109375,1742308682.1941948
1742308682,214364232,-0.0830078125,-0.00048828125,0.96923828125,0.0,-0.91552734375,-0.42724609375,1742308682.2143643
1742308682,229439259,-0.0673828125,-0.00390625,0.966796875,0.30517578125,0.0,-0.42724609375,1742308682.2294393
1742308682,249319593,-0.0830078125,-0.01611328125,0.98193359375,0.732421875,-0.06103515625,-0.3662109375,1742308682.2493196
1742308682,274287922,-0.08935546875,-0.00244140625,0.98193359375,1.03759765625,0.42724609375,-0.1220703125,1742308682.274288
1742308682,294364832,-0.07666015625,0.00048828125,0.96875,0.8544921875,0.732421875,-0.244140625,1742308682.294365
1742308682,314397550,-0.08251953125,-0.001953125,0.978515625,0.91552734375,0.54931640625,-0.1220703125,1742308682.3143976
1742308682,334321756,-0.10009765625,-0.00732421875,0.97509765625,0.54931640625,0.30517578125,0.0,1742308682.3343217
1742308682,354196618,-0.087890625,0.00146484375,0.97314453125,0.1220703125,0.06103515625,-0.18310546875,1742308682.3541965
1742308682,374157431,-0.08154296875,-0.00390625,0.9775390625,-0.06103515625,-0.8544921875,-0.6103515625,1742308682.3741574
1742308682,394462885,-0.08447265625,-0.00146484375,0.9794921875,0.06103515625,-0.91552734375,-0.48828125,1742308682.3944628
1742308682,409660599,-0.0908203125,0.0029296875,0.96826171875,0.1220703125,-1.46484375,-0.06103515625,1742308682.4096606
1742308682,429351397,-0.076171875,-0.00927734375,0.97314453125,0.3662109375,-0.244140625,-0.244140625,1742308682.4293513
1742308682,454425231,-0.064453125,-0.005859375,0.98828125,0.6103515625,0.42724609375,-0.6103515625,1742308682.4544253
1742308682,474172477,-0.08203125,0.00390625,0.970703125,0.732421875,0.79345703125,-0.732421875,1742308682.4741726
1742308682,494070795,-0.06884765625,0.00537109375,0.96484375,0.732421875,1.708984375,-0.48828125,1742308682.4940708
1742308682,514287320,-0.08935546875,0.001953125,0.97216796875,0.42724609375,1.03759765625,-0.244140625,1742308682.5142872
1742308682,534596838,-0.09912109375,-0.00390625,0.974609375,0.6103515625,0.42724609375,0.0,1742308682.534597
1742308682,554459156,-0.09912109375,-0.00390625,0.97119140625,0.30517578125,-0.48828125,-0.18310546875,1742308682.554459
1742308682,574090754,-0.0888671875,-0.00732421875,0.9833984375,0.3662109375,-0.79345703125,-0.06103515625,1742308682.5740907
1742308682,589632404,-0.09912109375,-0.0048828125,0.97900390625,-0.244140625,-2.01416015625,-0.3662109375,1742308682.5896325
1742308682,614454814,-0.06494140625,0.00048828125,0.9677734375,0.42724609375,-1.15966796875,-0.54931640625,1742308682.6144547
1742308682,634120588,-0.06640625,-0.01123046875,0.98291015625,0.8544921875,-0.8544921875,-0.18310546875,1742308682.6341207
1742308682,654249562,-0.0859375,-0.00732421875,0.98583984375,0.9765625,0.30517578125,-0.06103515625,1742308682.6542497
1742308682,674034952,-0.08203125,-0.005859375,0.966796875,0.67138671875,1.15966796875,-0.42724609375,1742308682.6740348
1742308682,694173269,-0.0810546875,0.00732421875,0.97412109375,0.42724609375,1.15966796875,-0.67138671875,1742308682.6941733
1742308682,714123555,-0.0859375,-0.00732421875,0.974609375,0.48828125,0.9765625,-0.244140625,1742308682.7141235
1742308682,734438129,-0.107421875,-0.00634765625,0.974609375,0.67138671875,0.0,-0.1220703125,1742308682.7344382
1742308682,754274975,-0.0966796875,-0.00390625,0.974609375,0.42724609375,-0.30517578125,-0.18310546875,1742308682.754275
1742308682,774137869,-0.09228515625,-0.00537109375,0.97802734375,0.244140625,-1.52587890625,-0.42724609375,1742308682.774138
1742308682,794514554,-0.0791015625,-0.00341796875,0.97412109375,0.42724609375,-1.0986328125,-0.67138671875,1742308682.7945147
1742308682,814651976,-0.06787109375,-0.00244140625,0.966796875,0.1220703125,-0.67138671875,-0.244140625,1742308682.814652
1742308682,834516662,-0.08935546875,-0.0029296875,0.98193359375,0.54931640625,0.48828125,-0.1220703125,1742308682.8345168
1742308682,857525089,-0.0791015625,-0.0146484375,0.974609375,0.67138671875,0.91552734375,0.06103515625,1742308682.857525
1742308682,877318543,-0.0986328125,-0.00390625,0.97705078125,0.6103515625,1.28173828125,-0.3662109375,1742308682.8773186
1742308682,906430165,-0.08544921875,-0.001953125,0.97119140625,0.48828125,0.9765625,-0.42724609375,1742308682.9064302
1742308682,915436429,-0.08251953125,-0.00390625,0.9775390625,0.79345703125,0.30517578125,-0.3662109375,1742308682.9154365
1742308682,940700790,-0.09521484375,-0.001953125,0.97021484375,0.6103515625,0.06103515625,-0.30517578125,1742308682.9407008
1742308682,955231305,-0.08447265625,-0.00390625,0.97412109375,0.3662109375,-0.244140625,-0.244140625,1742308682.9552312
1742308682,969903163,-0.09326171875,0.00048828125,0.9755859375,0.06103515625,-1.03759765625,-0.18310546875,1742308682.9699032
1742308682,994585317,-0.07275390625,0.0,0.9716796875,-0.1220703125,-0.54931640625,-0.42724609375,1742308682.9945853
1742308683,9301688,-0.087890625,-0.0068359375,0.9775390625,0.18310546875,-0.91552734375,-0.1220703125,1742308683.0093017
1742308683,34428387,-0.0830078125,-0.00927734375,0.97412109375,0.6103515625,0.06103515625,0.06103515625,1742308683.0344284
1742308683,54754193,-0.08056640625,-0.01025390625,0.96875,0.48828125,0.30517578125,-0.1220703125,1742308683.0547543
1742308683,74233921,-0.09228515625,-0.0029296875,0.98193359375,0.3662109375,0.48828125,-0.42724609375,1742308683.074234
1742308683,94695856,-0.07275390625,-0.00146484375,0.96435546875,0.48828125,0.91552734375,-0.54931640625,1742308683.0946958
1742308683,152241119,-0.10888671875,-0.00146484375,0.97607421875,0.1220703125,-0.79345703125,-0.06103515625,1742308683.1522412
1742308683,157732570,-0.09423828125,0.0048828125,0.97314453125,0.18310546875,-0.48828125,0.30517578125,1742308683.1577325
1742308683,174432108,-0.083984375,-0.0078125,0.97900390625,0.1220703125,0.0,-0.6103515625,1742308683.174432
1742308683,194425563,-0.06640625,-0.00439453125,0.9736328125,0.18310546875,-0.42724609375,-0.42724609375,1742308683.1944256
1742308683,214263498,-0.08544921875,0.00048828125,0.97802734375,0.6103515625,0.1220703125,-0.1220703125,1742308683.2142634
1742308683,234360697,-0.08642578125,-0.01318359375,0.9658203125,0.91552734375,0.06103515625,0.1220703125,1742308683.2343607
1742308683,254947719,-0.0888671875,-0.0029296875,0.98486328125,0.67138671875,0.06103515625,-0.1220703125,1742308683.2549477
1742308683,274213847,-0.0927734375,-0.0107421875,0.9765625,0.3662109375,0.48828125,-0.30517578125,1742308683.2742138
1742308683,296866404,-0.091796875,-0.00048828125,0.97314453125,0.3662109375,-0.1220703125,-0.30517578125,1742308683.2968664
1742308683,321056783,-0.07666015625,-0.0068359375,0.97412109375,0.79345703125,0.42724609375,-0.244140625,1742308683.3210568
1742308683,333925476,-0.08935546875,-0.009765625,0.97021484375,0.42724609375,-0.42724609375,0.0,1742308683.3339255
1742308683,357527120,-0.0888671875,-0.0078125,0.970703125,0.67138671875,-0.1220703125,-0.244140625,1742308683.357527
1742308683,377241375,-0.08251953125,-0.01123046875,0.978515625,0.48828125,-0.79345703125,-0.06103515625,1742308683.3772414
1742308683,395385040,-0.08349609375,0.0,0.98388671875,0.732421875,-0.1220703125,-0.1220703125,1742308683.395385
1742308683,414626400,-0.0771484375,-0.0029296875,0.96826171875,0.8544921875,0.18310546875,-0.30517578125,1742308683.4146264
1742308683,434376527,-0.08837890625,-0.00244140625,0.970703125,0.6103515625,0.0,0.0,1742308683.4343765
1742308683,458907002,-0.0869140625,-0.0078125,0.9775390625,0.244140625,0.3662109375,-0.1220703125,1742308683.458907
1742308683,476108491,-0.0830078125,-0.00537109375,0.97265625,0.3662109375,0.1220703125,-0.54931640625,1742308683.4761086
1742308683,495307227,-0.09033203125,-0.00244140625,0.97119140625,0.244140625,-0.1220703125,-0.42724609375,1742308683.4953072
1742308683,515593418,-0.0791015625,-0.0078125,0.96630859375,0.30517578125,-0.54931640625,-0.244140625,1742308683.5155935
1742308683,535404857,-0.08642578125,0.0,0.98193359375,0.3662109375,-0.91552734375,0.1220703125,1742308683.535405
1742308683,549788141,-0.0869140625,-0.01708984375,0.9755859375,0.54931640625,0.0,0.06103515625,1742308683.5497882
1742308683,570279547,-0.07861328125,0.00048828125,0.98046875,0.30517578125,0.18310546875,-0.54931640625,1742308683.5702796
1742308683,590507370,-0.064453125,0.001953125,0.97509765625,0.732421875,0.91552734375,-0.48828125,1742308683.5905073
1742308683,609644506,-0.06689453125,0.00341796875,0.9736328125,0.48828125,0.91552734375,-0.18310546875,1742308683.6096444
1742308683,634624837,-0.09521484375,-0.00048828125,0.98095703125,0.3662109375,0.67138671875,-0.1220703125,1742308683.6346247
1742308683,654547284,-0.091796875,-0.0068359375,0.97314453125,0.30517578125,0.30517578125,-0.244140625,1742308683.6545472
1742308683,674097219,-0.09228515625,-0.00146484375,0.97412109375,0.18310546875,-0.6103515625,-0.3662109375,1742308683.6740973
1742308683,694517842,-0.09228515625,-0.00732421875,0.97900390625,0.3662109375,-0.48828125,-0.18310546875,1742308683.6945179
1742308683,715255008,-0.09814453125,0.0,0.97607421875,0.1220703125,-1.77001953125,-0.244140625,1742308683.715255
1742308683,736170830,-0.07568359375,-0.0029296875,0.9716796875,0.3662109375,-0.91552734375,-0.30517578125,1742308683.7361708
1742308683,754682911,-0.08154296875,-0.01416015625,0.98046875,0.732421875,-0.6103515625,-0.30517578125,1742308683.754683
1742308683,774377006,-0.08935546875,-0.00732421875,0.97802734375,0.67138671875,0.67138671875,-0.42724609375,1742308683.774377
1742308683,795203932,-0.07177734375,-0.00341796875,0.9619140625,0.48828125,1.03759765625,-0.3662109375,1742308683.795204
1742308683,814688684,-0.08349609375,0.0048828125,0.9765625,0.48828125,0.9765625,-0.30517578125,1742308683.8146887
1742308683,831461597,-0.08935546875,-0.009765625,0.96875,0.79345703125,0.79345703125,-0.3662109375,1742308683.8314617
1742308683,854713194,-0.099609375,-0.0029296875,0.97265625,0.79345703125,-0.1220703125,-0.30517578125,1742308683.8547132
1742308683,874409977,-0.08251953125,-0.00439453125,0.97265625,0.42724609375,-0.30517578125,-0.48828125,1742308683.87441
1742308683,894458696,-0.091796875,-0.00390625,0.970703125,0.06103515625,-1.28173828125,-0.244140625,1742308683.8944588
1742308683,914338807,-0.08203125,0.00146484375,0.96484375,0.244140625,-1.0986328125,-0.244140625,1742308683.9143388
1742308683,934603334,-0.0712890625,-0.0068359375,0.97314453125,0.18310546875,-0.48828125,0.1220703125,1742308683.9346035
1742308683,954518133,-0.0849609375,-0.00830078125,0.98974609375,0.54931640625,0.1220703125,-0.30517578125,1742308683.954518
1742308683,974408740,-0.08837890625,-0.01611328125,0.97412109375,0.9765625,0.67138671875,-0.30517578125,1742308683.9744086
1742308683,989300311,-0.08544921875,-0.00341796875,0.97265625,0.67138671875,1.15966796875,-0.18310546875,1742308683.9893003
1742308684,15649218,-0.0859375,-0.00244140625,0.9677734375,0.6103515625,1.15966796875,0.06103515625,1742308684.0156493
1742308684,34599411,-0.09228515625,-0.0068359375,0.9736328125,0.48828125,0.6103515625,0.0,1742308684.0345993
1742308684,56049185,-0.09033203125,-0.0029296875,0.9736328125,0.48828125,0.244140625,-0.244140625,1742308684.056049
1742308684,72742516,-0.087890625,-0.00927734375,0.9775390625,0.48828125,-0.6103515625,-0.244140625,1742308684.0727425
1742308684,89734183,-0.08642578125,0.00341796875,0.97265625,0.42724609375,-0.6103515625,-0.1220703125,1742308684.089734
1742308684,116196274,-0.0888671875,-0.0029296875,0.97021484375,0.1220703125,-0.48828125,0.1220703125,1742308684.1161962
1742308684,134610403,-0.08740234375,-0.001953125,0.9814453125,-0.06103515625,-0.6103515625,-0.1220703125,1742308684.1346104
1742308684,149641079,-0.07666015625,-0.0078125,0.97998046875,0.30517578125,-0.244140625,-0.18310546875,1742308684.149641
1742308684,175814562,-0.08251953125,-0.00537109375,0.97412109375,0.18310546875,0.1220703125,-0.244140625,1742308684.1758146
1742308684,189737335,-0.08154296875,-0.00048828125,0.97509765625,0.18310546875,0.3662109375,-0.3662109375,1742308684.1897373
1742308684,214609891,-0.078125,-0.00146484375,0.96826171875,0.48828125,0.42724609375,-0.18310546875,1742308684.2146099
1742308684,234291443,-0.10009765625,-0.0009765625,0.9697265625,0.67138671875,0.48828125,-0.1220703125,1742308684.2342916
1742308684,254313699,-0.08203125,-0.00634765625,0.9697265625,0.79345703125,0.67138671875,-0.244140625,1742308684.2543137
1742308684,275627539,-0.0869140625,-0.00244140625,0.97021484375,0.3662109375,0.0,-0.30517578125,1742308684.2756276
1742308684,294300420,-0.0810546875,0.00341796875,0.9697265625,0.06103515625,-0.06103515625,-0.30517578125,1742308684.2943003
1742308684,314249940,-0.08740234375,-0.00390625,0.9736328125,0.18310546875,0.0,0.06103515625,1742308684.31425
1742308684,334705251,-0.09814453125,-0.00439453125,0.9765625,0.30517578125,-0.244140625,0.06103515625,1742308684.3347054
1742308684,354361172,-0.07080078125,-0.0078125,0.9736328125,0.54931640625,-0.244140625,-0.42724609375,1742308684.354361
1742308684,377119042,-0.07958984375,-0.00439453125,0.9775390625,0.30517578125,-0.42724609375,-0.6103515625,1742308684.377119
1742308684,389608856,-0.07958984375,-0.00537109375,0.9716796875,0.48828125,0.1220703125,-0.244140625,1742308684.3896089
1742308684,414815908,-0.0849609375,-0.0068359375,0.97412109375,0.8544921875,0.1220703125,0.1220703125,1742308684.414816
1742308684,434329172,-0.09375,-0.0126953125,0.97998046875,0.91552734375,0.79345703125,0.06103515625,1742308684.4343293
1742308684,454343396,-0.0947265625,-0.01025390625,0.9775390625,0.6103515625,0.6103515625,-0.1220703125,1742308684.4543433
1742308684,474589876,-0.08154296875,0.0009765625,0.97216796875,0.42724609375,0.54931640625,-0.244140625,1742308684.4745898
1742308684,495389411,-0.080078125,-0.00244140625,0.97412109375,0.30517578125,0.244140625,-0.1220703125,1742308684.4953895
1742308684,514338868,-0.099609375,-0.00048828125,0.9794921875,0.6103515625,-0.244140625,0.06103515625,1742308684.514339
1742308684,535581731,-0.09130859375,-0.00830078125,0.97265625,0.732421875,-0.42724609375,-0.30517578125,1742308684.5355818
1742308684,554359764,-0.08642578125,-0.0048828125,0.97998046875,0.42724609375,-0.9765625,-0.244140625,1742308684.5543597
1742308684,571169287,-0.0908203125,-0.0068359375,0.9775390625,0.30517578125,-0.79345703125,-0.244140625,1742308684.5711694
1742308684,594386389,-0.07763671875,-0.0048828125,0.96337890625,0.1220703125,-0.42724609375,-0.48828125,1742308684.5943863
1742308684,614454853,-0.07861328125,0.001953125,0.97119140625,0.30517578125,0.30517578125,-0.244140625,1742308684.6144547
1742308684,634667796,-0.08056640625,-0.0126953125,0.97216796875,0.732421875,0.48828125,-0.18310546875,1742308684.6346679
1742308684,650032456,-0.0859375,-0.00390625,0.9736328125,0.67138671875,0.42724609375,-0.18310546875,1742308684.6500325
1742308684,669585497,-0.07861328125,-0.00732421875,0.97412109375,0.48828125,0.8544921875,-0.18310546875,1742308684.6695855
1742308684,694517765,-0.0732421875,-0.001953125,0.98046875,0.67138671875,1.03759765625,-0.48828125,1742308684.6945179
1742308684,715848884,-0.1005859375,-0.01123046875,0.96826171875,0.8544921875,0.244140625,-0.18310546875,1742308684.715849
1742308684,734441509,-0.08935546875,0.0,0.96533203125,0.54931640625,0.3662109375,-0.42724609375,1742308684.7344415
1742308684,754232341,-0.09033203125,-0.00146484375,0.98046875,0.18310546875,-0.6103515625,-0.3662109375,1742308684.7542324
1742308684,779152353,-0.08544921875,-0.00244140625,0.9716796875,0.06103515625,-0.732421875,-0.3662109375,1742308684.7791524
1742308684,794393045,-0.0849609375,-0.00341796875,0.96435546875,-0.06103515625,-0.91552734375,-0.30517578125,1742308684.794393
1742308684,814553157,-0.0830078125,-0.00634765625,0.974609375,0.3662109375,-0.42724609375,0.1220703125,1742308684.8145533
1742308684,834277941,-0.0966796875,-0.0068359375,0.97314453125,0.30517578125,-0.79345703125,0.244140625,1742308684.8342779
1742308684,854345477,-0.08251953125,-0.00732421875,0.97119140625,0.54931640625,0.1220703125,-0.42724609375,1742308684.8543456
1742308684,874775317,-0.06640625,-0.00537109375,0.9873046875,1.3427734375,0.54931640625,-0.48828125,1742308684.8747754
1742308684,894191206,-0.07861328125,-0.00390625,0.9775390625,1.28173828125,0.91552734375,0.06103515625,1742308684.8941913
1742308684,914337910,-0.09619140625,-0.00048828125,0.96240234375,0.54931640625,1.220703125,-0.1220703125,1742308684.9143379
1742308684,935055621,-0.0947265625,0.005859375,0.97509765625,0.48828125,0.67138671875,-0.30517578125,1742308684.9350557
1742308684,955841365,-0.08447265625,-0.00439453125,0.9765625,0.18310546875,-0.3662109375,-0.6103515625,1742308684.9558413
1742308684,974487366,-0.09375,-0.00341796875,0.978515625,0.06103515625,-0.91552734375,-0.48828125,1742308684.9744873
1742308684,994731734,-0.087890625,-0.00927734375,0.97509765625,0.1220703125,-1.28173828125,-0.42724609375,1742308684.9947317
1742308685,10465641,-0.0849609375,-0.005859375,0.97314453125,0.06103515625,-1.40380859375,-0.244140625,1742308685.0104656
1742308685,34280280,-0.0751953125,-0.00390625,0.97021484375,0.30517578125,-0.9765625,-0.1220703125,1742308685.0342803
1742308685,54829128,-0.0712890625,-0.00634765625,0.9765625,0.3662109375,0.06103515625,-0.3662109375,1742308685.0548291
1742308685,74567002,-0.07666015625,-0.00634765625,0.98486328125,0.79345703125,1.3427734375,-0.42724609375,1742308685.074567
1742308685,94914826,-0.076171875,-0.001953125,0.96875,1.03759765625,1.5869140625,-0.30517578125,1742308685.094915
1742308685,114534236,-0.0927734375,-0.00341796875,0.96826171875,0.79345703125,1.40380859375,0.18310546875,1742308685.1145341
1742308685,134708621,-0.10888671875,-0.0078125,0.9814453125,0.54931640625,1.220703125,-0.06103515625,1742308685.1347086
1742308685,154168894,-0.09423828125,-0.005859375,0.96875,0.42724609375,-0.244140625,-0.42724609375,1742308685.1541688
1742308685,174501327,-0.08837890625,-0.0009765625,0.97705078125,0.0,-0.91552734375,-0.3662109375,1742308685.1745014
1742308685,194564800,-0.080078125,-0.00390625,0.97802734375,0.18310546875,-1.03759765625,-0.48828125,1742308685.1945648
1742308685,214409265,-0.0947265625,-0.001953125,0.9697265625,0.1220703125,-1.77001953125,0.0,1742308685.2144094
1742308685,229678054,-0.06982421875,-0.00537109375,0.970703125,0.244140625,-0.54931640625,-0.3662109375,1742308685.2296782
1742308685,254505907,-0.0693359375,-0.01416015625,0.98583984375,0.06103515625,-0.732421875,-0.3662109375,1742308685.2545059
1742308685,275902563,-0.080078125,-0.00732421875,0.97705078125,1.03759765625,0.8544921875,-0.54931640625,1742308685.2759025
1742308685,296616436,-0.078125,-0.00634765625,0.97314453125,0.9765625,0.91552734375,-0.3662109375,1742308685.2966166
1742308685,317760676,-0.08837890625,0.00048828125,0.97705078125,0.67138671875,1.03759765625,-0.1220703125,1742308685.3177607
1742308685,335157591,-0.0859375,-0.01171875,0.97119140625,0.732421875,1.03759765625,-0.30517578125,1742308685.3351576
1742308685,354231081,-0.0908203125,0.00146484375,0.974609375,0.54931640625,-0.18310546875,-0.30517578125,1742308685.354231
1742308685,374825849,-0.07373046875,-0.00048828125,0.9716796875,0.244140625,-0.30517578125,-0.30517578125,1742308685.374826
1742308685,395464938,-0.08984375,0.005859375,0.9736328125,-0.18310546875,-1.3427734375,-0.06103515625,1742308685.395465
1742308685,414272764,-0.08984375,-0.00537109375,0.9755859375,0.18310546875,-0.54931640625,-0.18310546875,1742308685.4142728
1742308685,434291181,-0.07763671875,-0.01123046875,0.97802734375,-0.06103515625,-0.42724609375,-0.30517578125,1742308685.4342911
1742308685,455769949,-0.072265625,-0.00439453125,0.97900390625,0.06103515625,0.30517578125,-0.3662109375,1742308685.45577
1742308685,474343759,-0.0703125,-0.00634765625,0.97412109375,0.732421875,0.67138671875,-0.3662109375,1742308685.4743438
1742308685,495286879,-0.087890625,0.005859375,0.97998046875,0.732421875,0.3662109375,0.06103515625,1742308685.495287
1742308685,514341457,-0.0966796875,-0.0068359375,0.97021484375,0.732421875,0.9765625,0.0,1742308685.5143414
1742308685,534174690,-0.09716796875,-0.005859375,0.97607421875,0.6103515625,0.1220703125,0.0,1742308685.5341747
1742308685,554114867,-0.09521484375,-0.00927734375,0.98095703125,0.48828125,0.42724609375,-0.42724609375,1742308685.5541148
1742308685,574524900,-0.09033203125,-0.00537109375,0.96875,-0.18310546875,-0.9765625,-0.42724609375,1742308685.5745249
1742308685,594200309,-0.06982421875,0.00146484375,0.9755859375,0.48828125,-0.30517578125,-0.244140625,1742308685.5942004
1742308685,614174407,-0.08447265625,-0.01953125,0.97900390625,0.244140625,-0.67138671875,0.18310546875,1742308685.6141744
1742308685,634471607,-0.08935546875,-0.00634765625,0.984375,0.48828125,0.0,0.0,1742308685.6344717
1742308685,654193929,-0.06201171875,-0.00927734375,0.97607421875,0.54931640625,0.244140625,-0.42724609375,1742308685.6541939
1742308685,674155066,-0.0791015625,0.0009765625,0.98388671875,1.03759765625,0.3662109375,-0.30517578125,1742308685.674155
1742308685,694518699,-0.09130859375,-0.00244140625,0.97412109375,0.732421875,0.91552734375,-0.30517578125,1742308685.6945188
1742308685,714260412,-0.08935546875,0.00146484375,0.96240234375,0.3662109375,0.48828125,-0.244140625,1742308685.7142603
1742308685,734340237,-0.0869140625,-0.001953125,0.970703125,0.18310546875,0.0,-0.244140625,1742308685.7343402
1742308685,754152158,-0.09423828125,-0.009765625,0.97509765625,-0.06103515625,-0.6103515625,-0.3662109375,1742308685.754152
1742308685,774137839,-0.07958984375,0.0009765625,0.96923828125,0.1220703125,-1.3427734375,-0.3662109375,1742308685.7741377
1742308685,794185120,-0.0732421875,-0.0087890625,0.96875,0.18310546875,-0.67138671875,-0.1220703125,1742308685.7941852
1742308685,814243921,-0.08056640625,-0.005859375,0.98486328125,0.6103515625,-0.06103515625,-0.30517578125,1742308685.814244
1742308685,834306402,-0.07666015625,-0.009765625,0.9765625,0.79345703125,0.3662109375,-0.3662109375,1742308685.8343065
1742308685,854151987,-0.07275390625,0.0009765625,0.96533203125,0.54931640625,1.0986328125,-0.42724609375,1742308685.854152
1742308685,874504292,-0.080078125,0.001953125,0.97998046875,0.3662109375,0.91552734375,-0.54931640625,1742308685.8745043
1742308685,894124821,-0.0888671875,-0.00244140625,0.97216796875,0.3662109375,0.91552734375,-0.30517578125,1742308685.8941247
1742308685,914271686,-0.1005859375,-0.00244140625,0.9658203125,0.48828125,0.244140625,0.06103515625,1742308685.9142716
1742308685,934521783,-0.095703125,-0.00634765625,0.98291015625,0.67138671875,-0.18310546875,0.3662109375,1742308685.9345217
1742308685,954333417,-0.1025390625,-0.00830078125,0.9794921875,0.1220703125,-1.28173828125,-0.3662109375,1742308685.9543333
1742308685,975235129,-0.072265625,0.001953125,0.9697265625,0.3662109375,-1.03759765625,-0.67138671875,1742308685.9752352
1742308685,994695210,-0.07568359375,-0.00390625,0.9697265625,0.6103515625,-1.28173828125,-0.18310546875,1742308685.9946952
1742308686,14279900,-0.0927734375,-0.00634765625,0.982421875,0.732421875,-0.30517578125,0.06103515625,1742308686.0142798
1742308686,34274030,-0.083984375,-0.0048828125,0.96533203125,0.42724609375,0.30517578125,-0.1220703125,1742308686.034274
1742308686,54227808,-0.07763671875,0.0009765625,0.9775390625,0.3662109375,0.6103515625,-0.54931640625,1742308686.0542278
1742308686,74482802,-0.07568359375,-0.0048828125,0.98193359375,0.48828125,0.732421875,-0.3662109375,1742308686.074483
1742308686,94316036,-0.09423828125,-0.00732421875,0.97607421875,0.91552734375,0.42724609375,-0.18310546875,1742308686.094316
1742308686,114339382,-0.09423828125,-0.00439453125,0.96923828125,1.03759765625,0.42724609375,0.0,1742308686.1143394
1742308686,134201480,-0.091796875,-0.0087890625,0.9716796875,0.732421875,-0.48828125,-0.06103515625,1742308686.1342015
1742308686,154525850,-0.0908203125,0.00146484375,0.974609375,0.42724609375,-0.6103515625,-0.30517578125,1742308686.1545258
1742308686,174312268,-0.08056640625,-0.0009765625,0.97119140625,0.06103515625,-0.48828125,-0.3662109375,1742308686.1743124
1742308686,194270494,-0.08349609375,-0.0009765625,0.974609375,0.18310546875,-0.244140625,-0.18310546875,1742308686.1942706
1742308686,209285204,-0.08349609375,-0.01416015625,0.97802734375,0.91552734375,0.30517578125,-0.06103515625,1742308686.2092853
1742308686,234375650,-0.087890625,-0.01123046875,0.9794921875,0.732421875,0.3662109375,0.06103515625,1742308686.2343757
1742308686,254210580,-0.09423828125,-0.0068359375,0.9775390625,0.54931640625,0.42724609375,-0.244140625,1742308686.2542105
1742308686,274672838,-0.07177734375,-0.0107421875,0.9775390625,0.6103515625,0.1220703125,-0.3662109375,1742308686.2746727
1742308686,294336856,-0.0830078125,0.00048828125,0.9794921875,0.6103515625,0.3662109375,-0.244140625,1742308686.2943368
1742308686,314345514,-0.0849609375,-0.0009765625,0.96728515625,0.79345703125,0.42724609375,0.0,1742308686.3143456
1742308686,334378364,-0.09912109375,0.0,0.97314453125,0.48828125,0.06103515625,0.1220703125,1742308686.3343785
1742308686,354505710,-0.0771484375,-0.00146484375,0.97705078125,-0.30517578125,0.30517578125,-0.6103515625,1742308686.3545058
1742308686,374221248,-0.09033203125,-0.0009765625,0.9697265625,-0.30517578125,-0.54931640625,-0.54931640625,1742308686.3742213
1742308686,394478322,-0.08349609375,0.00048828125,0.9677734375,0.1220703125,-0.42724609375,-0.1220703125,1742308686.3944783
1742308686,414470020,-0.08154296875,-0.01025390625,0.9697265625,0.42724609375,-0.42724609375,0.1220703125,1742308686.41447
1742308686,434304566,-0.09228515625,-0.005859375,0.982421875,0.6103515625,-0.3662109375,-0.1220703125,1742308686.4343045
1742308686,456829734,-0.0703125,-0.00390625,0.96533203125,0.3662109375,-0.244140625,-0.3662109375,1742308686.4568298
1742308686,474450298,-0.08544921875,0.001953125,0.98193359375,0.48828125,0.244140625,-0.3662109375,1742308686.4744503
1742308686,494282444,-0.076171875,-0.00390625,0.9736328125,0.67138671875,0.79345703125,-0.244140625,1742308686.4942825
1742308686,514363710,-0.099609375,-0.0029296875,0.96533203125,0.67138671875,0.48828125,0.0,1742308686.5143638
1742308686,534385488,-0.08154296875,-0.00244140625,0.96875,0.3662109375,0.48828125,-0.244140625,1742308686.5343854
1742308686,554238882,-0.078125,-0.00341796875,0.9814453125,0.18310546875,0.18310546875,-0.244140625,1742308686.5542388
1742308686,569549112,-0.09619140625,0.00048828125,0.97705078125,0.18310546875,0.0,-0.3662109375,1742308686.569549
1742308686,589433738,-0.07666015625,-0.00048828125,0.96337890625,0.48828125,-0.1220703125,-0.244140625,1742308686.5894337
1742308686,614316728,-0.08349609375,-0.0009765625,0.97705078125,0.79345703125,-0.54931640625,0.0,1742308686.6143167
1742308686,634325642,-0.09716796875,-0.00634765625,0.97021484375,0.30517578125,-0.244140625,-0.30517578125,1742308686.6343257
1742308686,654297596,-0.08984375,-0.00634765625,0.96826171875,0.0,-0.54931640625,0.0,1742308686.6542976
1742308686,669520306,-0.08349609375,-0.00244140625,0.984375,0.3662109375,0.54931640625,-0.1220703125,1742308686.6695204
1742308686,694580384,-0.09619140625,-0.0009765625,0.97900390625,-0.06103515625,-0.54931640625,-0.1220703125,1742308686.6945803
1742308686,714616658,-0.0791015625,-0.00390625,0.96875,0.54931640625,0.54931640625,-0.3662109375,1742308686.7146168
1742308686,734806372,-0.0810546875,-0.01220703125,0.98779296875,1.28173828125,0.54931640625,-0.18310546875,1742308686.7348063
1742308686,754359798,-0.0947265625,-0.00732421875,0.98583984375,1.0986328125,0.732421875,-0.06103515625,1742308686.7543597
1742308686,774182376,-0.08935546875,-0.00048828125,0.9609375,0.67138671875,0.30517578125,-0.244140625,1742308686.7741823
1742308686,794311706,-0.083984375,0.00732421875,0.97314453125,0.48828125,0.1220703125,-0.18310546875,1742308686.7943118
1742308686,814362124,-0.083984375,-0.00927734375,0.9755859375,0.18310546875,-0.30517578125,-0.1220703125,1742308686.814362
1742308686,834465758,-0.09326171875,-0.00146484375,0.9716796875,-0.1220703125,-0.3662109375,-0.30517578125,1742308686.8344657
1742308686,854640976,-0.09326171875,-0.0068359375,0.97216796875,-0.1220703125,-0.9765625,-0.3662109375,1742308686.854641
1742308686,874644930,-0.0673828125,-0.00390625,0.982421875,0.18310546875,-0.732421875,-0.48828125,1742308686.874645
1742308686,894213780,-0.087890625,-0.00244140625,0.97216796875,0.30517578125,-1.3427734375,-0.18310546875,1742308686.8942137
1742308686,914419238,-0.083984375,-0.00732421875,0.9697265625,0.91552734375,-0.06103515625,-0.1220703125,1742308686.9144192
1742308686,936135223,-0.076171875,-0.01123046875,0.9853515625,1.03759765625,0.91552734375,-0.06103515625,1742308686.9361353
1742308686,954246858,-0.0859375,-0.00537109375,0.97998046875,0.9765625,1.3427734375,-0.18310546875,1742308686.9542468
1742308686,975128508,-0.08447265625,-0.0029296875,0.9599609375,0.732421875,1.64794921875,-0.30517578125,1742308686.9751284
1742308686,989496433,-0.1005859375,0.00244140625,0.97314453125,0.3662109375,0.91552734375,-0.18310546875,1742308686.9894965
1742308687,17013695,-0.08740234375,-0.0009765625,0.97119140625,0.3662109375,0.3662109375,-0.06103515625,1742308687.0170138
1742308687,34361619,-0.09423828125,-0.00732421875,0.96875,0.244140625,-0.91552734375,-0.244140625,1742308687.0343616
1742308687,55408742,-0.09912109375,-0.00341796875,0.98583984375,0.48828125,-1.15966796875,-0.1220703125,1742308687.0554087
1742308687,72323994,-0.07861328125,-0.0107421875,0.9755859375,0.54931640625,-1.40380859375,-0.244140625,1742308687.072324
1742308687,92211725,-0.07568359375,-0.00390625,0.96875,-0.244140625,-1.0986328125,-0.48828125,1742308687.0922117
1742308687,126302391,-0.072265625,0.0029296875,0.97265625,0.06103515625,0.30517578125,-0.30517578125,1742308687.1263025
1742308687,143232908,-0.07177734375,-0.00244140625,0.97314453125,0.6103515625,1.46484375,-0.732421875,1742308687.1432328
1742308687,149782984,-0.08642578125,-0.0029296875,0.97412109375,0.79345703125,1.64794921875,-0.30517578125,1742308687.149783
1742308687,174321144,-0.09130859375,0.0048828125,0.97265625,0.6103515625,1.15966796875,-0.42724609375,1742308687.1743212
1742308687,190701645,-0.083984375,-0.00146484375,0.9736328125,0.67138671875,0.9765625,-0.3662109375,1742308687.1907017
1742308687,221473113,-0.09130859375,0.00537109375,0.9697265625,0.3662109375,-0.30517578125,-0.30517578125,1742308687.2214732
1742308687,254162659,-0.0888671875,-0.0048828125,0.96875,0.3662109375,-0.8544921875,-0.1220703125,1742308687.2541625
1742308687,254420131,-0.09033203125,-0.00634765625,0.97265625,0.244140625,-1.220703125,-0.3662109375,1742308687.25442
1742308687,270399992,-0.07763671875,0.001953125,0.97021484375,-0.06103515625,-1.28173828125,-0.30517578125,1742308687.2704
1742308687,289358700,-0.06591796875,0.0,0.9716796875,0.244140625,-0.48828125,-0.244140625,1742308687.2893586
1742308687,314592059,-0.078125,-0.0087890625,0.98095703125,0.3662109375,0.42724609375,-0.1220703125,1742308687.3145921
1742308687,340052363,-0.09033203125,-0.013671875,0.9794921875,0.8544921875,0.732421875,0.1220703125,1742308687.3400524
1742308687,360373341,-0.07763671875,-0.00732421875,0.97607421875,0.79345703125,1.03759765625,-0.244140625,1742308687.3603733
1742308687,381073200,-0.095703125,-0.0078125,0.97802734375,0.732421875,1.03759765625,-0.18310546875,1742308687.3810732
1742308687,390083786,-0.0888671875,0.00146484375,0.9677734375,0.6103515625,0.732421875,-0.3662109375,1742308687.3900838
1742308687,414366138,-0.08349609375,0.00341796875,0.970703125,0.48828125,0.30517578125,-0.1220703125,1742308687.4143662
1742308687,445370342,-0.08154296875,-0.00341796875,0.96484375,0.06103515625,-0.42724609375,-0.1220703125,1742308687.4453704
1742308687,459454396,-0.10205078125,0.00048828125,0.97607421875,0.18310546875,-0.91552734375,0.06103515625,1742308687.4594543
1742308687,475276882,-0.08154296875,-0.0029296875,0.97607421875,0.0,-0.30517578125,-0.67138671875,1742308687.475277
1742308687,491716327,-0.07763671875,-0.00634765625,0.9833984375,0.42724609375,-1.03759765625,-0.48828125,1742308687.4917164
1742308687,514597560,-0.08349609375,-0.00634765625,0.978515625,0.244140625,-0.30517578125,0.1220703125,1742308687.5145977
1742308687,539687336,-0.08642578125,-0.0126953125,0.974609375,1.03759765625,0.06103515625,-0.06103515625,1742308687.5396874
1742308687,550268865,-0.08349609375,0.00146484375,0.97509765625,0.6103515625,0.3662109375,-0.30517578125,1742308687.550269
1742308687,576279504,-0.06201171875,-0.00341796875,0.96875,0.54931640625,0.91552734375,-0.3662109375,1742308687.5762794
1742308687,594396548,-0.0849609375,0.0048828125,0.97314453125,0.54931640625,0.48828125,-0.06103515625,1742308687.5943966
1742308687,614275831,-0.078125,0.00341796875,0.96728515625,0.54931640625,0.30517578125,-0.18310546875,1742308687.614276
1742308687,634725705,-0.1015625,0.0009765625,0.962890625,0.48828125,-2.25830078125,-0.06103515625,1742308687.6347258
1742308687,650296159,-0.10791015625,-0.03076171875,0.9541015625,-0.67138671875,3.2958984375,0.06103515625,1742308687.6502962
1742308687,670459154,-0.06201171875,0.01220703125,1.01123046875,-0.244140625,1.28173828125,-0.30517578125,1742308687.6704593
1742308687,694854434,-0.10791015625,-0.02490234375,0.96240234375,0.9765625,0.48828125,-0.06103515625,1742308687.6948545
1742308687,719927473,-0.06982421875,0.01416015625,0.98291015625,2.3193359375,-1.40380859375,-0.42724609375,1742308687.7199275
1742308687,737971142,-0.10400390625,-0.0029296875,0.96142578125,1.28173828125,-2.74658203125,0.1220703125,1742308687.737971
1742308687,749842942,-0.0771484375,0.0205078125,0.96435546875,0.42724609375,-0.67138671875,-0.3662109375,1742308687.749843
1742308687,769868401,-0.06201171875,-0.01220703125,0.94091796875,-1.8310546875,0.1220703125,-0.244140625,1742308687.7698684
1742308687,794212257,-0.08544921875,-0.00146484375,0.99462890625,-2.13623046875,2.99072265625,-0.67138671875,1742308687.7942123
1742308687,814450803,-0.10009765625,-0.017578125,0.99072265625,0.0,2.44140625,-0.244140625,1742308687.8144507
1742308687,830291817,-0.10888671875,-0.013671875,0.97314453125,2.5634765625,0.8544921875,0.1220703125,1742308687.8302917
1742308687,854583961,-0.083984375,-0.0078125,0.9892578125,3.2958984375,-1.5869140625,-0.06103515625,1742308687.854584
1742308687,874294892,-0.07421875,-0.0029296875,0.9677734375,2.01416015625,-3.2958984375,-0.244140625,1742308687.874295
1742308687,894362335,-0.06689453125,0.021484375,0.94775390625,0.18310546875,-1.64794921875,-0.1220703125,1742308687.8943624
1742308687,914295506,-0.078125,0.0029296875,0.95654296875,-1.5869140625,1.3427734375,0.18310546875,1742308687.9142954
1742308687,934432549,-0.10107421875,-0.00341796875,1.005859375,-1.708984375,2.5634765625,-0.1220703125,1742308687.9344325
1742308687,954389399,-0.0869140625,-0.01953125,0.9892578125,0.0,1.953125,-0.67138671875,1742308687.9543893
1742308687,974394602,-0.09912109375,-0.0146484375,0.98095703125,1.77001953125,-0.42724609375,-0.6103515625,1742308687.9743946
1742308687,994500605,-0.09228515625,-0.02197265625,0.9765625,2.44140625,-1.8310546875,-0.42724609375,1742308687.9945006
1742308688,14439249,-0.0810546875,-0.005859375,0.96484375,1.15966796875,-2.38037109375,0.0,1742308688.0144393
1742308688,45978045,-0.0673828125,0.00244140625,0.96875,0.0,-0.54931640625,0.06103515625,1742308688.045978
1742308688,76467978,-0.09130859375,0.00341796875,0.986328125,-0.3662109375,1.77001953125,-0.244140625,1742308688.076468
1742308688,87107748,-0.078125,0.00830078125,0.98486328125,-0.06103515625,2.685546875,-0.6103515625,1742308688.0871077
1742308688,92634496,-0.07470703125,0.00732421875,0.96875,0.79345703125,2.62451171875,-0.42724609375,1742308688.0926344
1742308688,109565718,-0.09326171875,-0.0048828125,0.96728515625,0.79345703125,0.3662109375,-0.244140625,1742308688.1095657
1742308688,129415274,-0.09619140625,-0.01904296875,0.970703125,0.1220703125,-0.79345703125,-0.18310546875,1742308688.1294153
1742308688,166615731,-0.09912109375,-0.00927734375,0.97509765625,-0.30517578125,-2.25830078125,0.0,1742308688.1666157
1742308688,188561221,-0.0810546875,0.009765625,0.9833984375,0.54931640625,-1.77001953125,-0.3662109375,1742308688.1885612
1742308688,194135874,-0.0810546875,0.009765625,0.9833984375,0.54931640625,-1.77001953125,-0.3662109375,1742308688.194136
1742308688,214762837,-0.076171875,0.0087890625,0.970703125,2.01416015625,0.30517578125,-0.3662109375,1742308688.214763
1742308688,235189385,-0.08056640625,-0.01416015625,0.966796875,1.3427734375,1.03759765625,-0.18310546875,1742308688.2351894
1742308688,254656317,-0.08935546875,-0.00927734375,0.9716796875,0.0,1.8310546875,-0.30517578125,1742308688.2546563
1742308688,274371473,-0.08251953125,-0.01611328125,0.9697265625,-0.67138671875,1.03759765625,-0.42724609375,1742308688.2743714
1742308688,294311716,-0.09521484375,-0.00390625,0.97998046875,-0.06103515625,-0.3662109375,-0.18310546875,1742308688.2943118
1742308688,315367831,-0.087890625,0.0,0.982421875,1.46484375,-0.9765625,-0.1220703125,1742308688.315368
1742308688,334316556,-0.09814453125,-0.00537109375,0.97607421875,2.197265625,-1.03759765625,-0.06103515625,1742308688.3343165
1742308688,354513951,-0.08447265625,-0.00048828125,0.96826171875,1.15966796875,0.244140625,-0.3662109375,1742308688.354514
1742308688,374348883,-0.07958984375,-0.005859375,0.951171875,-0.6103515625,-0.1220703125,-0.48828125,1742308688.3743489
1742308688,394492615,-0.06982421875,-0.0029296875,0.97216796875,-1.03759765625,0.18310546875,-0.3662109375,1742308688.3944926
1742308688,414489274,-0.08544921875,-0.015625,0.98486328125,-0.18310546875,-0.8544921875,0.3662109375,1742308688.4144893
1742308688,435492973,-0.1064453125,-0.0087890625,0.9951171875,0.9765625,-0.79345703125,0.1220703125,1742308688.435493
1742308688,454698498,-0.08349609375,-0.01806640625,0.9755859375,2.13623046875,-0.18310546875,-0.48828125,1742308688.4546986
1742308688,469539704,-0.083984375,-0.00244140625,0.9736328125,1.40380859375,1.5869140625,-0.18310546875,1742308688.4695396
1742308688,490883659,-0.09326171875,-0.00146484375,0.966796875,0.244140625,2.25830078125,-0.3662109375,1742308688.4908836
1742308688,510505087,-0.08349609375,-0.0068359375,0.96826171875,-0.18310546875,1.40380859375,-0.06103515625,1742308688.5105052
1742308688,529787539,-0.09716796875,0.0,0.98828125,0.244140625,-0.244140625,-0.244140625,1742308688.5297875
1742308688,549624647,-0.0888671875,-0.00341796875,0.9794921875,0.732421875,-1.5869140625,-0.3662109375,1742308688.5496247
1742308688,569582619,-0.0947265625,-0.0029296875,0.96923828125,0.54931640625,-2.685546875,-0.1220703125,1742308688.5695827
1742308688,589670735,-0.068359375,-0.00146484375,0.96435546875,-0.06103515625,-0.8544921875,-0.06103515625,1742308688.5896707
1742308688,615488255,-0.0810546875,-0.01171875,0.97119140625,-0.79345703125,-0.244140625,0.1220703125,1742308688.6154883
1742308688,630672629,-0.09130859375,-0.00390625,0.984375,-0.1220703125,1.52587890625,-0.1220703125,1742308688.6306727
1742308688,651652872,-0.07861328125,-0.0087890625,0.98193359375,0.8544921875,0.732421875,-0.3662109375,1742308688.6516528
1742308688,674693466,-0.0908203125,0.0,0.9833984375,1.28173828125,0.30517578125,-0.42724609375,1742308688.6746936
1742308688,689625361,-0.07666015625,-0.00341796875,0.9609375,0.91552734375,-0.30517578125,0.06103515625,1742308688.6896253
1742308688,714379234,-0.091796875,0.0087890625,0.96630859375,0.3662109375,-0.1220703125,0.1220703125,1742308688.7143793
1742308688,734438581,-0.08447265625,-0.0029296875,0.9677734375,0.18310546875,1.0986328125,-0.06103515625,1742308688.7344387
1742308688,749791180,-0.095703125,-0.00732421875,0.9736328125,-0.48828125,0.67138671875,-0.30517578125,1742308688.7497911
1742308688,775482620,-0.09130859375,-0.00048828125,0.98095703125,-0.244140625,0.48828125,-0.244140625,1742308688.7754827
1742308688,791790386,-0.07421875,-0.0068359375,0.97705078125,0.54931640625,-0.42724609375,-0.48828125,1742308688.7917905
1742308688,809543719,-0.091796875,-0.0029296875,0.9794921875,0.91552734375,-1.15966796875,-0.06103515625,1742308688.8095436
1742308688,829906331,-0.07568359375,-0.00830078125,0.96923828125,0.91552734375,-0.9765625,-0.244140625,1742308688.8299062
1742308688,849631119,-0.07080078125,0.0009765625,0.970703125,0.06103515625,-0.91552734375,-0.30517578125,1742308688.849631
1742308688,874659999,-0.0751953125,0.0,0.9736328125,-0.48828125,1.0986328125,-0.54931640625,1742308688.87466
1742308688,893184948,-0.0869140625,-0.00634765625,0.97607421875,0.1220703125,1.0986328125,-0.244140625,1742308688.893185
1742308688,910942409,-0.09619140625,-0.0087890625,0.9853515625,0.9765625,1.15966796875,-0.06103515625,1742308688.9109423
1742308688,934468186,-0.0888671875,-0.00927734375,0.97412109375,1.220703125,0.06103515625,-0.18310546875,1742308688.9344683
1742308688,954295726,-0.083984375,-0.00341796875,0.97119140625,1.3427734375,-0.42724609375,-0.30517578125,1742308688.9542956
1742308688,974786594,-0.0869140625,-0.0048828125,0.9697265625,0.54931640625,-0.6103515625,-0.06103515625,1742308688.9747865
1742308688,994339510,-0.08642578125,-0.00341796875,0.97412109375,-0.1220703125,-0.3662109375,-0.06103515625,1742308688.9943395
1742308689,9709612,-0.08203125,-0.001953125,0.9794921875,-0.1220703125,-0.06103515625,-0.18310546875,1742308689.0097096
1742308689,38288540,-0.09521484375,0.0009765625,0.9814453125,0.244140625,-0.67138671875,-0.1220703125,1742308689.0382886
1742308689,54744178,-0.0830078125,-0.0087890625,0.9814453125,0.91552734375,-0.30517578125,-0.30517578125,1742308689.0547442
1742308689,74464327,-0.0712890625,-0.00830078125,0.97412109375,0.732421875,-0.6103515625,-0.42724609375,1742308689.0744643
1742308689,95339995,-0.0830078125,-0.001953125,0.97216796875,0.3662109375,0.0,-0.244140625,1742308689.09534
1742308689,114344112,-0.0830078125,-0.00537109375,0.97021484375,0.3662109375,0.6103515625,-0.18310546875,1742308689.1143441
1742308689,134636964,-0.091796875,0.00390625,0.97900390625,0.244140625,0.54931640625,-0.18310546875,1742308689.1346369
1742308689,156640408,-0.091796875,-0.01025390625,0.982421875,0.67138671875,0.79345703125,-0.06103515625,1742308689.1566403
1742308689,174316749,-0.08544921875,-0.00634765625,0.9765625,0.48828125,0.67138671875,-0.6103515625,1742308689.1743166
1742308689,194329954,-0.0859375,-0.00341796875,0.96630859375,0.67138671875,-0.1220703125,-0.3662109375,1742308689.19433
1742308689,214632598,-0.08154296875,-0.0029296875,0.96484375,0.42724609375,-0.244140625,-0.1220703125,1742308689.2146325
1742308689,234346827,-0.09375,0.0,0.982421875,0.3662109375,-1.03759765625,-0.3662109375,1742308689.2343469
1742308689,254687263,-0.0810546875,0.0,0.97119140625,0.42724609375,-0.48828125,-0.48828125,1742308689.2546873
1742308689,275327091,-0.080078125,0.00244140625,0.9677734375,0.30517578125,-0.244140625,-0.3662109375,1742308689.2753272
1742308689,294336840,-0.080078125,-0.0048828125,0.97509765625,0.3662109375,0.67138671875,0.0,1742308689.2943368
1742308689,314202621,-0.09912109375,-0.001953125,0.9775390625,0.0,0.1220703125,0.244140625,1742308689.3142025
1742308689,334228593,-0.076171875,-0.00390625,0.97216796875,0.30517578125,0.06103515625,-0.48828125,1742308689.3342285
1742308689,354303558,-0.072265625,-0.0068359375,0.98681640625,1.3427734375,0.0,-0.54931640625,1742308689.3543036
1742308689,375789785,-0.087890625,-0.0068359375,0.97705078125,1.40380859375,-0.30517578125,-0.3662109375,1742308689.3757899
1742308689,394383406,-0.091796875,-0.00244140625,0.9599609375,0.8544921875,0.244140625,0.0,1742308689.3943834
1742308689,414530819,-0.0849609375,0.0068359375,0.9677734375,0.06103515625,0.1220703125,0.0,1742308689.4145308
1742308689,430168826,-0.0869140625,-0.00732421875,0.9775390625,-0.06103515625,-0.06103515625,-0.244140625,1742308689.4301689
1742308689,454341100,-0.099609375,-0.0068359375,0.98095703125,0.18310546875,-0.42724609375,-0.244140625,1742308689.4543412
1742308689,474625056,-0.08203125,-0.00390625,0.9775390625,0.48828125,-0.48828125,-0.3662109375,1742308689.474625
1742308689,494372021,-0.0810546875,-0.0068359375,0.9736328125,0.67138671875,-0.79345703125,-0.30517578125,1742308689.4943721
1742308689,514551145,-0.0869140625,-0.0048828125,0.96875,0.42724609375,-0.42724609375,-0.1220703125,1742308689.5145512
1742308689,534650877,-0.07763671875,-0.0068359375,0.97607421875,0.3662109375,0.244140625,-0.244140625,1742308689.5346508
1742308689,554346322,-0.0791015625,-0.0078125,0.98046875,0.3662109375,0.8544921875,-0.48828125,1742308689.5543463
1742308689,574206919,-0.076171875,-0.0087890625,0.974609375,0.732421875,0.732421875,-0.48828125,1742308689.5742068
1742308689,595129851,-0.08935546875,0.00048828125,0.97119140625,0.8544921875,0.6103515625,0.06103515625,1742308689.59513
1742308689,614625583,-0.09228515625,-0.00244140625,0.97412109375,0.67138671875,0.54931640625,-0.3662109375,1742308689.6146257
1742308689,634595012,-0.0849609375,-0.005859375,0.96923828125,0.48828125,0.3662109375,-0.30517578125,1742308689.634595
1742308689,654367800,-0.087890625,0.0009765625,0.9755859375,0.0,-0.1220703125,-0.3662109375,1742308689.6543677
1742308689,669908559,-0.07177734375,-0.00146484375,0.970703125,-0.1220703125,-0.30517578125,-0.48828125,1742308689.6699085
1742308689,694642209,-0.0986328125,0.0009765625,0.9765625,0.18310546875,-1.03759765625,-0.06103515625,1742308689.6946423
1742308689,711825431,-0.08203125,-0.0068359375,0.974609375,0.18310546875,-0.6103515625,-0.18310546875,1742308689.7118254
1742308689,734126442,-0.08154296875,-0.0009765625,0.986328125,0.06103515625,-0.54931640625,-0.54931640625,1742308689.7341263
1742308689,749631873,-0.06982421875,-0.00048828125,0.9736328125,0.54931640625,-0.06103515625,-0.6103515625,1742308689.749632
1742308689,774604019,-0.07568359375,-0.00439453125,0.96337890625,0.67138671875,0.9765625,-0.18310546875,1742308689.774604
1742308689,789387274,-0.09765625,0.00146484375,0.97265625,0.42724609375,1.15966796875,-0.06103515625,1742308689.7893872
1742308689,814541212,-0.08203125,-0.00537109375,0.970703125,0.3662109375,0.79345703125,0.06103515625,1742308689.814541
1742308689,829668563,-0.09912109375,0.00048828125,0.9814453125,0.48828125,-0.1220703125,-0.06103515625,1742308689.8296685
1742308689,854531493,-0.087890625,-0.00244140625,0.97412109375,0.67138671875,-0.8544921875,-0.30517578125,1742308689.8545315
1742308689,874408153,-0.09716796875,-0.00439453125,0.97216796875,-0.06103515625,-1.52587890625,-0.3662109375,1742308689.8744082
1742308689,894659086,-0.072265625,-0.005859375,0.96728515625,-0.06103515625,-0.48828125,-0.3662109375,1742308689.894659
1742308689,909317957,-0.06689453125,-0.00927734375,0.9775390625,0.0,-0.06103515625,-0.18310546875,1742308689.909318
1742308689,935396214,-0.08740234375,-0.00732421875,0.982421875,0.48828125,1.0986328125,0.0,1742308689.9353962
1742308689,954527627,-0.07080078125,0.00146484375,0.97314453125,1.3427734375,1.15966796875,-0.3662109375,1742308689.9545276
1742308689,971453825,-0.080078125,0.00048828125,0.9765625,1.77001953125,0.48828125,-0.244140625,1742308689.971454
1742308689,994340532,-0.09033203125,0.0009765625,0.97021484375,0.6103515625,0.8544921875,-0.18310546875,1742308689.9943404
1742308690,14546921,-0.09228515625,-0.0009765625,0.96630859375,-0.06103515625,0.18310546875,-0.06103515625,1742308690.0145469
1742308690,34751294,-0.08837890625,-0.0078125,0.98876953125,-0.06103515625,0.30517578125,-0.18310546875,1742308690.0347512
1742308690,54428691,-0.099609375,-0.0078125,0.9814453125,-0.67138671875,-1.5869140625,-0.42724609375,1742308690.0544286
1742308690,74687304,-0.0751953125,0.00048828125,0.9677734375,0.91552734375,-1.03759765625,-0.48828125,1742308690.0746872
1742308690,94115454,-0.07373046875,-0.01708984375,0.97900390625,1.03759765625,-1.3427734375,-0.1220703125,1742308690.0941155
1742308690,114486067,-0.0869140625,-0.00634765625,0.98486328125,0.9765625,-0.06103515625,-0.1220703125,1742308690.114486
1742308690,134533832,-0.07666015625,-0.0078125,0.96484375,0.732421875,0.3662109375,-0.1220703125,1742308690.134534
1742308690,155123229,-0.08154296875,0.0,0.98681640625,0.6103515625,1.15966796875,-0.06103515625,1742308690.1551232
1742308690,174225523,-0.0849609375,-0.00244140625,0.97802734375,0.6103515625,1.3427734375,-0.1220703125,1742308690.1742256
1742308690,194353288,-0.09033203125,0.0009765625,0.97119140625,0.48828125,0.6103515625,-0.42724609375,1742308690.1943533
1742308690,214231453,-0.09521484375,-0.00244140625,0.96826171875,0.54931640625,-0.18310546875,-0.244140625,1742308690.2142315
1742308690,234526674,-0.08349609375,-0.00927734375,0.9765625,0.1220703125,-0.732421875,-0.18310546875,1742308690.2345266
1742308690,254534343,-0.09130859375,-0.0029296875,0.97412109375,-0.18310546875,-1.52587890625,-0.06103515625,1742308690.2545342
1742308690,274712988,-0.07763671875,-0.01171875,0.96875,0.06103515625,-1.220703125,-0.06103515625,1742308690.274713
1742308690,301229710,-0.078125,-0.00244140625,0.98583984375,0.732421875,0.244140625,-0.1220703125,1742308690.3012297
1742308690,316950149,-0.0791015625,-0.01318359375,0.966796875,1.15966796875,0.3662109375,-0.1220703125,1742308690.31695
1742308690,340159897,-0.07861328125,-0.0009765625,0.96923828125,0.54931640625,1.46484375,-0.732421875,1742308690.34016
1742308690,353995025,-0.07861328125,-0.0009765625,0.9755859375,0.6103515625,1.03759765625,-0.54931640625,1742308690.353995
1742308690,376757637,-0.083984375,-0.00146484375,0.974609375,0.244140625,1.3427734375,-0.54931640625,1742308690.3767576
1742308690,394191356,-0.09619140625,-0.00146484375,0.9677734375,0.732421875,0.6103515625,0.06103515625,1742308690.3941913
1742308690,411435186,-0.10400390625,-0.0107421875,0.97705078125,0.9765625,-0.18310546875,0.244140625,1742308690.4114351
1742308690,431375048,-0.095703125,-0.0078125,0.97705078125,0.732421875,-0.9765625,0.06103515625,1742308690.431375
1742308690,449591038,-0.08935546875,0.00244140625,0.97119140625,0.48828125,-1.220703125,-0.06103515625,1742308690.449591
1742308690,474563056,-0.0830078125,0.0029296875,0.9638671875,-0.18310546875,-1.220703125,-0.244140625,1742308690.4745631
1742308690,494250790,-0.0771484375,0.00244140625,0.9775390625,-0.244140625,-0.6103515625,-0.244140625,1742308690.4942508
1742308690,514339387,-0.07421875,-0.00634765625,0.97021484375,0.1220703125,-0.244140625,0.1220703125,1742308690.5143394
1742308690,530858962,-0.0966796875,-0.00439453125,0.9814453125,0.3662109375,0.244140625,-0.3662109375,1742308690.530859
1742308690,554162917,-0.07177734375,-0.00732421875,0.97705078125,0.91552734375,0.54931640625,-0.3662109375,1742308690.554163
1742308690,574480762,-0.07958984375,-0.00439453125,0.97607421875,1.28173828125,0.30517578125,-0.30517578125,1742308690.5744808
1742308690,594378255,-0.0888671875,0.0,0.97119140625,1.0986328125,1.0986328125,0.0,1742308690.5943782
1742308690,614463973,-0.08642578125,-0.00146484375,0.96923828125,0.67138671875,0.54931640625,0.0,1742308690.614464
1742308690,635028025,-0.0927734375,0.0048828125,0.984375,0.18310546875,0.18310546875,-0.30517578125,1742308690.6350281
1742308690,654197519,-0.078125,-0.00146484375,0.9755859375,0.06103515625,-0.1220703125,-0.30517578125,1742308690.6541975
1742308690,674490340,-0.09228515625,0.0,0.97900390625,0.18310546875,-0.732421875,-0.18310546875,1742308690.6744905
1742308690,695232121,-0.08984375,-0.01318359375,0.96923828125,0.6103515625,-0.67138671875,-0.06103515625,1742308690.6952322
1742308690,710024081,-0.08837890625,-0.00634765625,0.97119140625,0.244140625,-0.91552734375,0.3662109375,1742308690.710024
1742308690,736666306,-0.09912109375,-0.0126953125,0.97412109375,0.3662109375,-0.18310546875,0.06103515625,1742308690.7366662
1742308690,754870169,-0.0732421875,-0.005859375,0.97802734375,0.54931640625,0.244140625,-0.6103515625,1742308690.7548702
1742308690,776665517,-0.07177734375,-0.00244140625,0.97705078125,0.79345703125,1.03759765625,-0.67138671875,1742308690.7766654
1742308690,794635171,-0.07177734375,0.00390625,0.96875,1.03759765625,1.40380859375,-0.18310546875,1742308690.794635
1742308690,814328984,-0.1083984375,-0.0048828125,0.9677734375,0.244140625,1.03759765625,0.0,1742308690.814329
1742308690,831620911,-0.087890625,-0.00146484375,0.974609375,0.18310546875,1.3427734375,-0.48828125,1742308690.831621
1742308690,854463907,-0.0810546875,-0.00390625,0.97607421875,-0.06103515625,-0.30517578125,-0.3662109375,1742308690.8544638
1742308690,874367000,-0.0888671875,-0.00341796875,0.97607421875,0.3662109375,-0.54931640625,-0.18310546875,1742308690.874367
1742308690,890034031,-0.08984375,-0.005859375,0.96533203125,0.54931640625,-1.52587890625,-0.1220703125,1742308690.890034
1742308690,914470210,-0.0869140625,-0.00146484375,0.978515625,0.67138671875,-0.9765625,-0.18310546875,1742308690.9144702
1742308690,934450167,-0.07666015625,-0.00927734375,0.974609375,0.1220703125,-0.79345703125,-0.244140625,1742308690.9344501
1742308690,957524555,-0.07275390625,-0.0068359375,0.98828125,0.3662109375,0.18310546875,-0.30517578125,1742308690.9575245
1742308690,976550881,-0.06591796875,-0.013671875,0.9765625,1.28173828125,1.28173828125,-0.48828125,1742308690.9765508
1742308690,994633271,-0.08349609375,-0.01318359375,0.97802734375,2.197265625,1.220703125,-0.06103515625,1742308690.9946332
1742308691,14682956,-0.0810546875,-0.01171875,0.984375,2.9296875,2.13623046875,-0.42724609375,1742308691.014683
1742308691,34889346,-0.08349609375,-0.01025390625,0.97412109375,2.74658203125,2.197265625,-0.06103515625,1742308691.0348895
1742308691,52052153,-0.09228515625,0.017578125,0.9560546875,0.54931640625,1.3427734375,-0.30517578125,1742308691.0520523
1742308691,76645357,-0.087890625,0.0185546875,0.95654296875,-1.46484375,0.3662109375,-0.67138671875,1742308691.0766454
1742308691,94364100,-0.10302734375,0.01171875,0.9736328125,-1.953125,-1.28173828125,0.06103515625,1742308691.0943642
1742308691,114420602,-0.09814453125,-0.01611328125,0.970703125,-1.3427734375,-2.44140625,-0.06103515625,1742308691.1144207
1742308691,135038447,-0.10888671875,-0.03125,0.99462890625,0.67138671875,-4.45556640625,-0.06103515625,1742308691.1350384
1742308691,155225477,-0.08154296875,-0.03076171875,0.99560546875,2.44140625,-4.39453125,0.0,1742308691.1552255
1742308691,170947677,-0.06982421875,-0.005859375,0.98046875,2.5634765625,-3.5400390625,-0.06103515625,1742308691.1709478
1742308691,190938451,-0.0576171875,0.0146484375,0.96240234375,3.72314453125,-0.732421875,-0.244140625,1742308691.1909385
1742308691,209534698,-0.05517578125,0.03271484375,0.95849609375,1.03759765625,1.8310546875,-1.03759765625,1742308691.2095346
1742308691,234444765,-0.037109375,0.04296875,0.9453125,-2.3193359375,6.16455078125,-0.54931640625,1742308691.2344449
1742308691,255140275,-0.068359375,0.01611328125,0.951171875,-4.0283203125,7.87353515625,-1.28173828125,1742308691.2551403
1742308691,274730857,-0.10595703125,-0.03173828125,1.00146484375,-3.41796875,7.568359375,-1.40380859375,1742308691.274731
1742308691,295579838,-0.08740234375,-0.03466796875,0.99609375,-1.8310546875,4.150390625,-3.662109375,1742308691.29558
1742308691,314375796,-0.1005859375,-0.0263671875,0.9765625,-0.18310546875,-0.1220703125,-6.8359375,1742308691.3143759
1742308691,336557609,-0.13037109375,-0.0224609375,0.990234375,2.8076171875,-5.615234375,-8.11767578125,1742308691.3365576
1742308691,354410912,-0.11328125,0.0068359375,0.97265625,3.23486328125,-7.9345703125,-7.50732421875,1742308691.354411
1742308691,378315828,-0.04443359375,-0.00048828125,0.9873046875,1.46484375,-5.06591796875,-7.080078125,1742308691.378316
1742308691,395606635,-0.03662109375,-0.01123046875,0.97314453125,1.15966796875,-0.30517578125,-5.859375,1742308691.3956065
1742308691,409279332,-0.068359375,-0.0048828125,0.96630859375,0.67138671875,4.7607421875,-3.84521484375,1742308691.4092793
1742308691,434546968,-0.10009765625,-0.02099609375,0.9677734375,0.42724609375,6.16455078125,-2.197265625,1742308691.434547
1742308691,456004045,-0.10107421875,-0.00244140625,0.9931640625,1.28173828125,5.2490234375,-1.52587890625,1742308691.4560041
1742308691,475431651,-0.12841796875,0.00634765625,0.95654296875,2.25830078125,1.15966796875,-1.77001953125,1742308691.4754317
1742308691,489683164,-0.125,0.01708984375,0.95849609375,1.89208984375,-3.47900390625,-1.708984375,1742308691.4896832
1742308691,509395314,-0.10107421875,0.013671875,0.95556640625,-0.18310546875,-5.9814453125,-1.64794921875,1742308691.5093954
1742308691,534230245,-0.08984375,0.01220703125,0.96533203125,-2.62451171875,-5.06591796875,-0.54931640625,1742308691.5342302
1742308691,555146330,-0.060546875,0.00341796875,0.95947265625,-4.33349609375,-4.150390625,-0.3662109375,1742308691.5551462
1742308691,574358737,-0.04345703125,-0.01416015625,0.9951171875,-1.708984375,0.0,-0.06103515625,1742308691.5743587
1742308691,594517990,-0.05126953125,-0.03076171875,1.00537109375,1.220703125,3.96728515625,-0.18310546875,1742308691.594518
1742308691,614279612,-0.1103515625,-0.0244140625,0.9794921875,3.0517578125,4.5166015625,-0.6103515625,1742308691.6142795
1742308691,636992081,-0.1533203125,-0.0087890625,0.95458984375,1.8310546875,-1.40380859375,-0.3662109375,1742308691.636992
1742308691,654316296,-0.13818359375,0.0146484375,0.96484375,0.0,-6.4697265625,-0.3662109375,1742308691.6543162
1742308691,674289854,-0.08642578125,0.0205078125,0.96044921875,-1.953125,-9.82666015625,0.0,1742308691.67429
1742308691,694508308,-0.064453125,0.0126953125,0.97021484375,-2.197265625,-8.97216796875,-0.1220703125,1742308691.6945083
1742308691,714563274,-0.06005859375,-0.00244140625,0.99072265625,-1.5869140625,-6.65283203125,-0.18310546875,1742308691.7145634
1742308691,732283937,-0.0537109375,-0.00830078125,0.970703125,-1.64794921875,-4.7607421875,-0.30517578125,1742308691.7322838
1742308691,759358899,-0.0888671875,-0.0205078125,0.97412109375,-2.5634765625,-4.82177734375,-0.54931640625,1742308691.759359
1742308691,769517774,-0.06787109375,-0.0234375,0.97021484375,-1.953125,-5.126953125,-0.3662109375,1742308691.7695177
1742308691,794823553,-0.0712890625,-0.0224609375,0.98583984375,-1.0986328125,-4.638671875,-0.244140625,1742308691.7948236
1742308691,814229559,-0.05419921875,-0.01806640625,0.98974609375,0.18310546875,-4.2724609375,-0.79345703125,1742308691.8142295
1742308691,834425709,-0.05712890625,-0.01708984375,0.98388671875,0.732421875,-2.38037109375,-1.0986328125,1742308691.8344257
1742308691,854860962,-0.0390625,-0.0166015625,0.9716796875,1.64794921875,0.67138671875,0.06103515625,1742308691.854861
1742308691,874317433,-0.02685546875,-0.013671875,0.97998046875,2.25830078125,4.45556640625,-0.244140625,1742308691.8743174
1742308691,894710094,-0.05712890625,-0.00439453125,0.9716796875,2.5634765625,6.591796875,-0.42724609375,1742308691.89471
1742308691,915145604,-0.0908203125,0.0107421875,0.970703125,1.708984375,6.04248046875,-0.06103515625,1742308691.9151456
1742308691,929451645,-0.091796875,-0.0126953125,0.97998046875,1.40380859375,4.08935546875,-0.06103515625,1742308691.9294517
1742308691,954328656,-0.09765625,0.00048828125,0.95703125,1.03759765625,1.5869140625,-0.1220703125,1742308691.9543285
1742308691,977696612,-0.1201171875,-0.01708984375,0.9716796875,0.30517578125,-3.5400390625,0.244140625,1742308691.9776967
1742308691,994302844,-0.083984375,-0.02197265625,0.9833984375,0.0,-5.859375,0.244140625,1742308691.9943027
1742308692,13637106,-0.0712890625,-0.00244140625,0.96826171875,-0.18310546875,-6.40869140625,-0.1220703125,1742308692.013637
1742308692,29816427,-0.0498046875,0.00537109375,0.966796875,-1.15966796875,-5.2490234375,0.244140625,1742308692.0298164
1742308692,49774945,0.087890625,-0.00048828125,1.00927734375,-2.74658203125,14.0380859375,0.48828125,1742308692.049775
1742308692,71484599,-0.10986328125,-0.01123046875,0.94189453125,0.3662109375,19.59228515625,7.75146484375,1742308692.0714846
1742308692,95749643,-0.09326171875,-0.06884765625,1.0400390625,4.7607421875,11.8408203125,7.568359375,1742308692.0957496
1742308692,117213025,-0.14697265625,-0.03759765625,0.9970703125,3.90625,4.638671875,6.28662109375,1742308692.117213
1742308692,134597625,-0.1279296875,0.01025390625,0.93603515625,4.5166015625,-0.18310546875,6.103515625,1742308692.1345975
1742308692,154319183,-0.0830078125,0.02099609375,0.96044921875,3.84521484375,-2.3193359375,6.40869140625,1742308692.1543193
1742308692,174269478,-0.08349609375,0.04248046875,0.97509765625,1.5869140625,-2.197265625,5.79833984375,1742308692.1742694
1742308692,194809276,-0.04541015625,0.0322265625,0.958984375,-0.91552734375,-0.91552734375,4.8828125,1742308692.1948092
1742308692,209425461,-0.0390625,0.00341796875,0.9560546875,-1.52587890625,0.06103515625,3.96728515625,1742308692.2094254
1742308692,234716137,-0.0517578125,-0.02099609375,0.994140625,-1.28173828125,2.3193359375,2.5634765625,1742308692.2347162
1742308692,259592893,-0.07861328125,-0.03564453125,0.9990234375,0.54931640625,4.2724609375,0.6103515625,1742308692.259593
1742308692,269678585,-0.09326171875,-0.0107421875,0.98291015625,2.0751953125,3.96728515625,-0.42724609375,1742308692.2696786
1742308692,289492399,-0.1064453125,-0.00341796875,0.95947265625,2.5634765625,1.220703125,-0.48828125,1742308692.2894924
1742308692,314613603,-0.09814453125,0.00341796875,0.97802734375,3.11279296875,-0.244140625,-0.54931640625,1742308692.3146136
1742308692,330151004,-0.10693359375,-0.00048828125,0.978515625,1.40380859375,-2.86865234375,-0.1220703125,1742308692.330151
1742308692,349378867,-0.09228515625,0.0068359375,0.9609375,-0.18310546875,-3.90625,-0.30517578125,1742308692.3493788
1742308692,369810537,-0.06884765625,0.00244140625,0.962890625,-1.0986328125,-4.8828125,-0.18310546875,1742308692.3698106
1742308692,390637887,-0.0693359375,-0.00732421875,0.98974609375,-0.9765625,-3.173828125,0.1220703125,1742308692.3906379
1742308692,414372724,-0.06494140625,-0.00390625,0.97607421875,-0.67138671875,-0.67138671875,-0.06103515625,1742308692.4143727
1742308692,429455085,-0.0625,-0.01171875,0.98046875,0.1220703125,0.91552734375,-0.42724609375,1742308692.429455
1742308692,459302398,-0.07080078125,-0.0087890625,0.98583984375,1.03759765625,2.01416015625,-0.54931640625,1742308692.4593024
1742308692,470882041,-0.0791015625,-0.00048828125,0.9677734375,1.0986328125,2.01416015625,-0.48828125,1742308692.470882
1742308692,490015184,-0.0966796875,-0.0009765625,0.97021484375,0.6103515625,0.732421875,0.1220703125,1742308692.4900153
1742308692,515241156,-0.0986328125,-0.01708984375,0.97998046875,0.9765625,0.18310546875,0.06103515625,1742308692.5152411
1742308692,530091549,-0.0947265625,-0.00537109375,0.98681640625,1.46484375,-0.8544921875,-0.30517578125,1742308692.5300915
1742308692,554758161,-0.0771484375,-0.0009765625,0.96630859375,1.40380859375,-0.79345703125,-0.48828125,1742308692.554758
1742308692,577449990,-0.072265625,-0.0009765625,0.97607421875,0.91552734375,0.0,0.0,1742308692.57745
1742308692,594637534,-0.0810546875,0.00048828125,0.97314453125,0.6103515625,0.244140625,0.0,1742308692.5946376
1742308692,617297331,-0.0732421875,-0.001953125,0.978515625,0.8544921875,1.40380859375,-0.06103515625,1742308692.6172974
1742308692,635248299,-0.0703125,-0.00439453125,0.97802734375,1.52587890625,2.3193359375,-0.244140625,1742308692.6352482
1742308692,654706753,-0.08203125,-0.0029296875,0.97265625,1.0986328125,3.11279296875,-0.3662109375,1742308692.6547067
1742308692,675116408,-0.08935546875,-0.00048828125,0.9658203125,0.54931640625,3.11279296875,-0.30517578125,1742308692.6751163
1742308692,695514126,-0.09423828125,-0.00439453125,0.96923828125,0.6103515625,1.5869140625,-0.1220703125,1742308692.6955142
1742308692,714683749,-0.09619140625,-0.005859375,0.9794921875,0.3662109375,-0.244140625,-0.3662109375,1742308692.7146838
1742308692,734622364,-0.09912109375,-0.001953125,0.9794921875,0.3662109375,-1.953125,-0.3662109375,1742308692.7346225
1742308692,754683730,-0.08251953125,0.00244140625,0.966796875,0.42724609375,-2.3193359375,-0.244140625,1742308692.7546837
1742308692,771690922,-0.07373046875,0.0009765625,0.97509765625,-0.06103515625,-1.3427734375,-0.244140625,1742308692.7716908
1742308692,789629601,-0.06982421875,-0.0009765625,0.97509765625,0.06103515625,-0.732421875,0.1220703125,1742308692.7896297
1742308692,814265942,-0.09423828125,-0.00830078125,0.99267578125,-0.42724609375,2.74658203125,0.79345703125,1742308692.814266
1742308692,834320172,-0.0478515625,-0.02001953125,0.984375,-0.244140625,5.0048828125,-0.30517578125,1742308692.83432
1742308692,855233762,-0.09521484375,-0.00439453125,0.982421875,0.67138671875,4.45556640625,-0.244140625,1742308692.8552337
1742308692,874398425,-0.080078125,-0.02490234375,0.974609375,1.708984375,3.35693359375,-0.06103515625,1742308692.8743985
1742308692,895283759,-0.1201171875,0.00244140625,0.97216796875,2.685546875,1.40380859375,0.1220703125,1742308692.8952837
1742308692,914290566,-0.1162109375,0.0068359375,0.9658203125,2.74658203125,-2.50244140625,-0.06103515625,1742308692.9142907
1742308692,934220861,-0.10107421875,0.00048828125,0.98974609375,1.28173828125,-4.94384765625,0.3662109375,1742308692.9342208
1742308692,949813237,-0.07666015625,0.01513671875,0.99169921875,-0.06103515625,-2.44140625,-0.1220703125,1742308692.9498131
1742308692,975527209,-0.06640625,0.0078125,0.9423828125,-1.220703125,-2.38037109375,-0.244140625,1742308692.9755273
1742308692,996083231,-0.10009765625,-0.00927734375,0.9833984375,-0.48828125,-2.01416015625,0.48828125,1742308692.9960833
1742308693,14255831,-0.072265625,-0.0107421875,0.99755859375,-0.30517578125,-1.5869140625,0.42724609375,1742308693.0142558
1742308693,34421774,-0.0693359375,-0.00634765625,0.96826171875,-0.30517578125,0.30517578125,0.3662109375,1742308693.0344217
1742308693,54813797,-0.0732421875,-0.001953125,0.96484375,0.3662109375,1.3427734375,0.732421875,1742308693.0548139
1742308693,74308252,-0.10302734375,-0.01123046875,0.978515625,0.9765625,2.685546875,1.220703125,1742308693.0743082
1742308693,94487155,-0.11865234375,0.005859375,0.97607421875,0.79345703125,-1.708984375,0.48828125,1742308693.0944872
1742308693,114809194,-0.123046875,0.0263671875,0.94384765625,-0.48828125,-8.23974609375,-0.9765625,1742308693.1148093
1742308693,134448641,-0.12451171875,0.01171875,0.96240234375,-2.3193359375,-14.70947265625,-1.708984375,1742308693.1344485
1742308693,150316410,-0.06982421875,-0.0048828125,0.99267578125,-3.90625,-17.2119140625,-2.74658203125,1742308693.1503165
1742308693,174941487,-0.03515625,-0.0068359375,0.97216796875,-3.47900390625,-15.44189453125,-4.08935546875,1742308693.1749415
1742308693,189356585,-0.0087890625,-0.02978515625,0.97021484375,-1.40380859375,-13.427734375,-4.57763671875,1742308693.1893566
1742308693,214237214,0.02490234375,-0.04248046875,1.01220703125,1.52587890625,-6.04248046875,-3.7841796875,1742308693.2142372
1742308693,229338455,0.00390625,-0.01171875,1.0068359375,3.0517578125,3.84521484375,-4.150390625,1742308693.2293384
1742308693,254713644,-0.03662109375,-0.001953125,0.9609375,2.99072265625,9.58251953125,-5.18798828125,1742308693.2547135
1742308693,274915939,-0.09326171875,-0.00732421875,0.958984375,3.2958984375,7.9345703125,-4.8828125,1742308693.274916
1742308693,294521146,-0.08251953125,-0.00537109375,0.98291015625,2.86865234375,5.126953125,-3.7841796875,1742308693.294521
1742308693,314330129,-0.05712890625,0.01416015625,0.98779296875,1.5869140625,9.3994140625,-2.62451171875,1742308693.31433
1742308693,334766408,-0.1044921875,0.01416015625,0.94287109375,0.18310546875,10.1318359375,-0.30517578125,1742308693.3347664
1742308693,355199167,-0.0859375,0.01025390625,0.955078125,-0.67138671875,4.94384765625,-0.1220703125,1742308693.355199
1742308693,374705334,-0.10888671875,-0.00634765625,0.99755859375,-0.30517578125,2.25830078125,-0.48828125,1742308693.3747053
1742308693,397147724,-0.0859375,-0.00537109375,0.96435546875,-0.732421875,-0.67138671875,-0.244140625,1742308693.3971477
1742308693,414376965,-0.11767578125,0.0048828125,0.97314453125,-0.6103515625,-1.46484375,-0.18310546875,1742308693.414377
1742308693,434300444,-0.0859375,-0.0205078125,0.9794921875,0.06103515625,-3.2958984375,-0.1220703125,1742308693.4343004
1742308693,450575124,-0.07080078125,0.00146484375,0.99267578125,0.8544921875,-4.638671875,0.30517578125,1742308693.450575
1742308693,474577258,-0.07373046875,0.01123046875,0.94677734375,0.42724609375,-4.45556640625,-0.1220703125,1742308693.4745772
1742308693,494351681,-0.06396484375,0.01806640625,0.9599609375,-1.220703125,-5.43212890625,-0.3662109375,1742308693.4943516
1742308693,515388120,-0.0576171875,0.00244140625,0.98095703125,-2.0751953125,-4.82177734375,-0.1220703125,1742308693.515388
1742308693,534418991,-0.05517578125,-0.01318359375,0.98583984375,-2.197265625,-3.0517578125,-0.18310546875,1742308693.534419
1742308693,554529670,-0.06103515625,-0.02197265625,0.96337890625,-1.03759765625,-2.3193359375,0.0,1742308693.5545297
1742308693,574616893,-0.0380859375,-0.01318359375,0.9814453125,0.244140625,-0.30517578125,0.0,1742308693.574617
1742308693,594368404,-0.04052734375,-0.01416015625,0.9951171875,0.91552734375,2.9296875,-0.06103515625,1742308693.5943685
1742308693,614485131,-0.068359375,-0.01611328125,0.98095703125,1.3427734375,4.5166015625,0.1220703125,1742308693.614485
1742308693,634790722,-0.0654296875,-0.01318359375,0.97216796875,1.708984375,4.39453125,-0.3662109375,1742308693.6347907
1742308693,654374010,-0.0615234375,0.0,0.9794921875,1.8310546875,3.47900390625,-0.54931640625,1742308693.6543741
1742308693,669213075,-0.08837890625,-0.0029296875,0.96728515625,2.01416015625,2.38037109375,-0.42724609375,1742308693.669213
1742308693,694437960,-0.10107421875,0.00244140625,0.96142578125,2.0751953125,-0.42724609375,-0.1220703125,1742308693.694438
1742308693,714451135,-0.0966796875,-0.00830078125,0.9814453125,2.62451171875,-3.96728515625,0.06103515625,1742308693.714451
1742308693,734371702,-0.0390625,-0.00341796875,0.9853515625,2.74658203125,-4.57763671875,0.0,1742308693.7343717
1742308693,754315341,-0.03125,-0.00341796875,0.96630859375,3.173828125,-0.67138671875,-0.244140625,1742308693.7543154
1742308693,774355268,-0.02490234375,-0.0068359375,0.9619140625,3.7841796875,2.197265625,0.1220703125,1742308693.7743552
1742308693,794353723,-0.0185546875,0.001953125,0.99462890625,4.33349609375,4.150390625,0.18310546875,1742308693.7943537
1742308693,814318642,-0.0546875,0.01123046875,0.97216796875,4.150390625,9.033203125,-0.30517578125,1742308693.8143187
1742308693,834413193,-0.07373046875,0.0234375,0.953125,1.28173828125,9.58251953125,-0.54931640625,1742308693.8344133
1742308693,849724707,-0.12158203125,0.017578125,0.9580078125,-0.06103515625,7.01904296875,-0.79345703125,1742308693.8497248
1742308693,874373848,-0.13037109375,-0.0009765625,0.9443359375,-1.03759765625,-0.30517578125,-0.8544921875,1742308693.874374
1742308693,894608015,-0.1083984375,0.01953125,0.98388671875,-0.9765625,-6.53076171875,-1.64794921875,1742308693.894608
1742308693,914281414,-0.03515625,0.0185546875,0.9716796875,-2.13623046875,-6.7138671875,-2.0751953125,1742308693.9142814
1742308693,929685471,-0.0478515625,0.00439453125,0.96435546875,-3.11279296875,-0.244140625,-0.1220703125,1742308693.9296854
1742308693,954203060,-0.06005859375,-0.00439453125,0.95703125,-2.13623046875,7.4462890625,2.3193359375,1742308693.9542031
1742308693,974430475,-0.05078125,-0.01953125,0.98388671875,-1.46484375,12.8173828125,1.953125,1742308693.9744306
1742308693,995678402,-0.13525390625,-0.001953125,0.990234375,0.67138671875,13.24462890625,3.0517578125,1742308693.9956784
1742308694,12759418,-0.1484375,-0.0224609375,0.98974609375,0.8544921875,6.9580078125,2.62451171875,1742308694.0127594
1742308694,34644753,-0.13916015625,-0.02197265625,0.97607421875,2.50244140625,-1.28173828125,2.50244140625,1742308694.0346448
1742308694,53030633,-0.1083984375,0.00732421875,0.96435546875,2.8076171875,-3.7841796875,2.38037109375,1742308694.0530307
1742308694,70258818,-0.07080078125,0.013671875,0.98046875,3.0517578125,-4.39453125,1.0986328125,1742308694.0702589
1742308694,94518424,-0.05810546875,0.029296875,0.9638671875,1.8310546875,-3.7841796875,-0.30517578125,1742308694.0945184
1742308694,115923663,-0.05078125,0.02197265625,0.9580078125,0.732421875,-2.62451171875,-0.18310546875,1742308694.1159236
1742308694,135266343,-0.05712890625,0.0009765625,0.97216796875,-1.15966796875,0.48828125,-0.3662109375,1742308694.1352663
1742308694,150498433,-0.0693359375,-0.00927734375,0.98095703125,-0.9765625,2.3193359375,-0.244140625,1742308694.1504984
1742308694,174196631,-0.09912109375,-0.015625,0.97998046875,-0.8544921875,2.50244140625,-0.30517578125,1742308694.1741967
1742308694,190295728,-0.087890625,-0.01708984375,0.98779296875,0.48828125,2.62451171875,-0.244140625,1742308694.1902957
1742308694,209762984,-0.10498046875,-0.009765625,0.98974609375,1.46484375,0.9765625,0.0,1742308694.209763
1742308694,231365215,-0.1015625,-0.0009765625,0.98388671875,1.89208984375,0.18310546875,-0.244140625,1742308694.2313652
1742308694,251356630,-0.0927734375,0.005859375,0.95751953125,1.3427734375,-0.9765625,-0.244140625,1742308694.2513566
1742308694,270361679,-0.09033203125,0.00537109375,0.96826171875,1.28173828125,-1.8310546875,-0.244140625,1742308694.2703617
1742308694,292138245,-0.08056640625,-0.00146484375,0.97119140625,0.67138671875,-1.52587890625,0.0,1742308694.2921383
1742308694,314717724,-0.08447265625,0.00537109375,0.9765625,0.3662109375,-1.89208984375,0.0,1742308694.3147178
1742308694,330786965,-0.07177734375,0.00439453125,0.97998046875,0.18310546875,-1.0986328125,-0.244140625,1742308694.330787
1742308694,354794827,-0.08837890625,0.0087890625,0.96826171875,-0.18310546875,-1.40380859375,-0.244140625,1742308694.3547947
1742308694,376677474,-0.08544921875,-0.0068359375,0.9755859375,0.54931640625,0.3662109375,0.244140625,1742308694.3766775
1742308694,394758427,-0.0771484375,-0.00146484375,0.98046875,0.54931640625,0.30517578125,0.8544921875,1742308694.3947585
1742308694,417153649,-0.087890625,0.00244140625,0.9765625,0.6103515625,1.0986328125,1.0986328125,1742308694.4171536
1742308694,437351753,-0.07470703125,0.00537109375,0.97802734375,0.67138671875,1.77001953125,1.0986328125,1742308694.4373517
1742308694,455085377,-0.09423828125,0.0029296875,0.9755859375,1.220703125,1.708984375,1.46484375,1742308694.4550853
1742308694,474339129,-0.08349609375,0.00341796875,0.9765625,1.03759765625,1.0986328125,1.3427734375,1742308694.4743392
1742308694,494283121,-0.10595703125,-0.0029296875,0.9716796875,1.03759765625,0.30517578125,1.40380859375,1742308694.4942832
1742308694,513631337,-0.0810546875,0.0244140625,0.9775390625,1.5869140625,-0.06103515625,2.44140625,1742308694.5136313
1742308694,534652544,-0.09423828125,0.001953125,0.97265625,-0.1220703125,-0.9765625,1.52587890625,1742308694.5346525
1742308694,550318330,-0.0751953125,0.00390625,0.94677734375,-0.1220703125,-0.91552734375,1.953125,1742308694.5503182
1742308694,575286575,-0.07958984375,0.00830078125,0.9873046875,-0.244140625,-0.244140625,1.953125,1742308694.5752866
1742308694,589438889,-0.07861328125,-0.00830078125,0.97021484375,-0.732421875,0.1220703125,2.0751953125,1742308694.589439
1742308694,615729278,-0.07958984375,0.00146484375,0.97607421875,-0.8544921875,0.9765625,1.708984375,1742308694.6157293
1742308694,634509494,-0.0947265625,-0.00634765625,0.982421875,-0.54931640625,0.06103515625,2.01416015625,1742308694.6345096
1742308694,654500846,-0.0751953125,-0.00537109375,0.9873046875,0.67138671875,0.48828125,1.40380859375,1742308694.654501
1742308694,674445958,-0.0810546875,-0.00390625,0.98486328125,1.5869140625,0.18310546875,1.0986328125,1742308694.6744459
1742308694,690788671,-0.07958984375,0.00341796875,0.970703125,1.46484375,0.1220703125,0.42724609375,1742308694.6907887
1742308694,714512053,-0.0859375,0.0068359375,0.97509765625,1.220703125,0.1220703125,-0.1220703125,1742308694.714512
1742308694,734412365,-0.07666015625,0.00341796875,0.9775390625,1.3427734375,-0.6103515625,-0.18310546875,1742308694.7344124
1742308694,754299012,-0.0673828125,-0.0009765625,0.97900390625,0.9765625,2.38037109375,-0.18310546875,1742308694.754299
1742308694,775813787,-0.06103515625,-0.00537109375,0.9833984375,0.67138671875,3.662109375,0.30517578125,1742308694.7758138
1742308694,791442517,-0.1171875,-0.0068359375,0.97119140625,1.52587890625,4.45556640625,0.42724609375,1742308694.7914426
1742308694,814461867,-0.1376953125,0.00537109375,0.97412109375,1.0986328125,-0.79345703125,-0.1220703125,1742308694.814462
1742308694,834699427,-0.181640625,0.0068359375,0.95849609375,1.03759765625,-10.31494140625,-0.42724609375,1742308694.8346994
1742308694,851459068,-0.12890625,0.02734375,0.95703125,-1.03759765625,-19.1650390625,-1.3427734375,1742308694.851459
1742308694,877698321,-0.0458984375,0.037109375,0.97021484375,-3.7841796875,-22.4609375,-2.9296875,1742308694.8776984
1742308694,889507980,-0.0205078125,0.01416015625,0.978515625,-3.41796875,-20.08056640625,-3.47900390625,1742308694.889508
1742308694,914578465,-0.0078125,-0.005859375,0.96728515625,-2.25830078125,-15.31982421875,-4.39453125,1742308694.9145784
1742308694,930135803,-0.0341796875,0.00341796875,0.97119140625,-1.64794921875,-12.3291015625,-5.615234375,1742308694.9301357
1742308694,954227889,-0.04931640625,-0.0029296875,0.99560546875,-1.5869140625,-10.009765625,-6.103515625,1742308694.954228
1742308694,974510504,-0.05517578125,0.005859375,0.9755859375,-2.44140625,-9.21630859375,-6.8359375,1742308694.9745104
1742308694,995272832,-0.08056640625,-0.00634765625,0.97314453125,-1.64794921875,-11.474609375,-7.080078125,1742308694.9952729
1742308695,16643351,-0.05224609375,-0.0244140625,0.97119140625,-0.8544921875,-14.5263671875,-6.89697265625,1742308695.0166433
1742308695,34495632,-0.03515625,-0.01611328125,0.97705078125,-0.91552734375,-17.88330078125,-6.89697265625,1742308695.0344956
1742308695,54419944,-0.029296875,-0.0078125,1.0,-1.52587890625,-20.08056640625,-6.8359375,1742308695.05442
1742308695,72257409,-0.0263671875,-0.0146484375,0.96826171875,-1.15966796875,-21.05712890625,-6.8359375,1742308695.0722575
1742308695,94504633,-0.04248046875,-0.0322265625,1.005859375,0.6103515625,-22.5830078125,-6.04248046875,1742308695.0945046
1742308695,114306513,-0.01513671875,-0.0791015625,1.01611328125,4.39453125,-21.484375,-3.90625,1742308695.1143064
1742308695,134569993,0.03564453125,-0.05078125,0.99462890625,6.77490234375,-18.1884765625,-2.13623046875,1742308695.13457
1742308695,155926273,0.07373046875,0.02978515625,0.94384765625,6.9580078125,-9.27734375,-1.40380859375,1742308695.1559262
1742308695,174450713,0.09619140625,0.080078125,0.92236328125,3.96728515625,1.8310546875,-1.28173828125,1742308695.1744506
1742308695,194892913,0.064453125,0.06103515625,0.94580078125,-0.42724609375,11.29150390625,-0.79345703125,1742308695.194893
1742308695,214455370,0.09228515625,0.02490234375,0.9287109375,-2.99072265625,19.59228515625,0.42724609375,1742308695.2144554
1742308695,234284866,0.02587890625,0.0595703125,0.9375,-5.79833984375,29.23583984375,-2.50244140625,1742308695.2342849
1742308695,252085371,-0.01416015625,0.04833984375,0.95703125,-8.9111328125,30.517578125,-4.21142578125,1742308695.2520854
1742308695,274325810,-0.09228515625,0.03173828125,0.99853515625,-8.7890625,27.4658203125,-5.92041015625,1742308695.2743258
1742308695,294370122,-0.1318359375,-0.0615234375,1.0087890625,-5.18798828125,19.6533203125,-6.2255859375,1742308695.2943702
1742308695,315433154,-0.125,-0.1376953125,1.0400390625,0.732421875,9.70458984375,-5.615234375,1742308695.3154333
1742308695,335448890,-0.1015625,-0.09423828125,1.0205078125,4.21142578125,-1.28173828125,-4.150390625,1742308695.335449
1742308695,354520243,0.072265625,-0.0458984375,0.9853515625,7.01904296875,-10.25390625,-2.3193359375,1742308695.3545203
1742308695,376378122,0.10986328125,-0.0390625,0.9892578125,8.544921875,6.34765625,2.9296875,1742308695.376378
1742308695,389478085,0.07763671875,-0.001953125,0.93115234375,8.23974609375,36.80419921875,6.8359375,1742308695.389478
1742308695,414683259,0.0322265625,0.03466796875,0.94921875,5.0048828125,61.09619140625,12.39013671875,1742308695.4146833
1742308695,432441172,-0.146484375,0.0302734375,0.96142578125,0.30517578125,57.43408203125,20.3857421875,1742308695.4324412
1742308695,454732715,-0.2451171875,-0.01904296875,1.015625,-2.3193359375,39.794921875,25.08544921875,1742308695.4547327
1742308695,475905411,-0.21240234375,-0.00634765625,0.9208984375,-4.2724609375,13.73291015625,27.64892578125,1742308695.4759054
1742308695,494367932,-0.17041015625,-0.02294921875,0.896484375,-3.72314453125,2.9296875,27.2216796875,1742308695.4943678
1742308695,512509493,-0.12109375,-0.01318359375,1.0126953125,0.1220703125,-9.27734375,21.30126953125,1742308695.5125096
1742308695,534553804,-0.12548828125,0.00244140625,1.017578125,1.46484375,-15.44189453125,16.29638671875,1742308695.5345538
1742308695,561362434,-0.11376953125,0.017578125,0.943359375,1.52587890625,-22.52197265625,9.8876953125,1742308695.5613625
1742308695,571630462,-0.09716796875,0.01904296875,0.95556640625,1.40380859375,-25.7568359375,3.90625,1742308695.5716305
1742308695,597491988,-0.05224609375,0.009765625,1.01318359375,2.0751953125,-15.31982421875,-1.953125,1742308695.597492
1742308695,613632813,-0.03857421875,0.04052734375,0.99169921875,0.48828125,-5.0048828125,-6.2255859375,1742308695.613633
1742308695,631901606,-0.05615234375,0.02978515625,0.9111328125,-0.244140625,-0.8544921875,-8.056640625,1742308695.6319015
1742308695,652314846,-0.07666015625,-0.001953125,0.99951171875,0.42724609375,-0.06103515625,-6.65283203125,1742308695.652315
1742308695,680569171,-0.0703125,-0.005859375,1.00634765625,0.18310546875,2.8076171875,-6.16455078125,1742308695.6805692
1742308695,692155502,-0.091796875,-0.00439453125,0.96044921875,1.5869140625,3.173828125,-5.31005859375,1742308695.6921556
1742308695,719560836,-0.1201171875,-0.01171875,0.97314453125,1.40380859375,1.220703125,-4.5166015625,1742308695.7195609
1742308695,740288764,-0.12841796875,-0.00732421875,0.98291015625,0.6103515625,-1.0986328125,-4.0283203125,1742308695.7402887
1742308695,756430037,-0.11572265625,-0.00244140625,0.98046875,0.3662109375,-2.685546875,-2.8076171875,1742308695.7564301
1742308695,769504432,-0.109375,0.0107421875,0.9638671875,0.0,-3.7841796875,-1.52587890625,1742308695.7695045
1742308695,798074725,-0.0888671875,0.009765625,0.9697265625,0.1220703125,-3.11279296875,0.3662109375,1742308695.7980747
1742308695,810236032,-0.07177734375,0.0068359375,0.98095703125,-0.244140625,-2.25830078125,0.3662109375,1742308695.810236
1742308695,829400793,-0.05029296875,0.00244140625,0.96435546875,-0.42724609375,-0.48828125,-0.06103515625,1742308695.8294008
1742308695,850459825,-0.06298828125,-0.00244140625,0.97509765625,-0.54931640625,0.9765625,-0.42724609375,1742308695.8504598
1742308695,875320903,-0.07568359375,-0.015625,0.98193359375,-0.06103515625,2.8076171875,-0.30517578125,1742308695.875321
1742308695,894503551,-0.07568359375,-0.0068359375,0.98583984375,1.0986328125,4.0283203125,-0.244140625,1742308695.8945036
1742308695,913094840,-0.09228515625,-0.00439453125,0.97705078125,2.197265625,3.11279296875,-0.1220703125,1742308695.9130948
1742308695,935091375,-0.08935546875,0.00537109375,0.97705078125,1.8310546875,2.3193359375,-0.48828125,1742308695.9350913
1742308695,954513544,-0.1025390625,0.01318359375,0.9619140625,0.54931640625,0.1220703125,-0.18310546875,1742308695.9545135
1742308695,969671970,-0.0810546875,0.01318359375,0.95849609375,-0.3662109375,-1.46484375,0.0,1742308695.969672
1742308695,995930456,-0.0986328125,0.0048828125,0.97314453125,-1.46484375,-3.173828125,0.1220703125,1742308695.9959304
1742308696,15178544,-0.0888671875,-0.01171875,0.982421875,-0.79345703125,-3.7841796875,0.1220703125,1742308696.0151784
1742308696,38303784,-0.08203125,-0.02001953125,0.99755859375,0.244140625,-3.47900390625,-0.18310546875,1742308696.0383039
1742308696,54697730,-0.06640625,-0.0107421875,0.9736328125,2.62451171875,-1.8310546875,-0.30517578125,1742308696.0546978
1742308696,74910874,-0.05029296875,0.001953125,0.96728515625,2.62451171875,0.30517578125,0.06103515625,1742308696.0749109
1742308696,94896531,-0.06396484375,0.00927734375,0.978515625,0.91552734375,2.8076171875,-0.06103515625,1742308696.0948966
1742308696,114370572,-0.07958984375,0.01123046875,0.96337890625,-0.91552734375,4.0283203125,-0.18310546875,1742308696.1143706
1742308696,135251236,-0.10107421875,0.00244140625,0.9765625,-0.8544921875,3.11279296875,-0.48828125,1742308696.1352513
1742308696,149568863,-0.10791015625,-0.013671875,0.9814453125,0.18310546875,2.13623046875,-0.3662109375,1742308696.1495688
1742308696,171403703,-0.09375,-0.01953125,0.9853515625,1.28173828125,0.06103515625,-0.244140625,1742308696.1714036
1742308696,194348494,-0.0947265625,-0.0107421875,0.97119140625,1.3427734375,-0.3662109375,-0.1220703125,1742308696.1943486
1742308696,214480199,-0.0869140625,-0.001953125,0.96826171875,1.40380859375,-1.15966796875,-0.18310546875,1742308696.2144802
1742308696,235326143,-0.083984375,0.0205078125,0.96533203125,0.67138671875,-1.40380859375,-0.244140625,1742308696.235326
1742308696,249846266,-0.0634765625,0.01416015625,0.96875,0.18310546875,-0.6103515625,-0.06103515625,1742308696.2498462
1742308696,274347441,-0.07373046875,0.0166015625,0.96826171875,-0.8544921875,-0.1220703125,-0.30517578125,1742308696.2743475
1742308696,294745226,-0.0888671875,-0.01025390625,0.970703125,-0.8544921875,1.03759765625,0.1220703125,1742308696.2947452
1742308696,314137730,-0.08935546875,-0.01318359375,0.9873046875,-0.8544921875,1.28173828125,-0.06103515625,1742308696.3141377
1742308696,330255517,-0.0908203125,-0.01611328125,0.9853515625,0.3662109375,1.220703125,-0.244140625,1742308696.3302555
1742308696,349393526,-0.083984375,-0.00537109375,0.974609375,1.52587890625,0.54931640625,-0.48828125,1742308696.3493936
1742308696,369504302,-0.08544921875,0.00732421875,0.96826171875,1.64794921875,0.1220703125,0.0,1742308696.3695042
1742308696,390239207,-0.08349609375,0.01220703125,0.96826171875,0.48828125,0.3662109375,0.0,1742308696.3902392
1742308696,411786751,-0.10009765625,0.005859375,0.97607421875,-0.9765625,0.06103515625,-0.244140625,1742308696.4117868
1742308696,434544022,-0.09130859375,-0.0556640625,1.033203125,0.6103515625,-0.8544921875,-0.6103515625,1742308696.434544
1742308696,454792399,-0.076171875,-0.048828125,0.98974609375,7.32421875,-1.0986328125,-0.06103515625,1742308696.4547925
1742308696,470644009,-0.05126953125,-0.013671875,0.9912109375,10.68115234375,2.74658203125,0.54931640625,1742308696.470644
1742308696,494437984,-0.060546875,0.01806640625,1.0078125,10.07080078125,7.568359375,0.1220703125,1742308696.494438
1742308696,514275193,-0.0849609375,0.1005859375,0.9736328125,4.7607421875,8.23974609375,-1.15966796875,1742308696.514275
1742308696,535970897,-0.09814453125,0.06298828125,0.900390625,-2.685546875,4.5166015625,-2.9296875,1742308696.535971
1742308696,554335562,-0.09814453125,0.03173828125,0.9296875,-5.43212890625,1.77001953125,-4.82177734375,1742308696.5543356
1742308696,574273347,-0.0634765625,0.0146484375,0.9599609375,-6.8359375,-1.89208984375,-8.30078125,1742308696.5742733
1742308696,595812731,-0.05908203125,0.01025390625,1.00634765625,-6.7138671875,-6.8359375,-12.87841796875,1742308696.5958128
1742308696,615601268,-0.0615234375,0.021484375,1.00439453125,-7.080078125,-10.498046875,-15.869140625,1742308696.6156013
1742308696,634390541,-0.04638671875,0.01806640625,0.9580078125,-9.3994140625,-12.39013671875,-16.78466796875,1742308696.6343906
1742308696,650559879,-0.01220703125,0.0185546875,1.001953125,-12.939453125,-13.48876953125,-17.51708984375,1742308696.65056
1742308696,674428926,0.00439453125,0.03369140625,1.13818359375,-16.29638671875,-14.0380859375,-20.1416015625,1742308696.674429
1742308696,694308471,-0.0087890625,-0.00390625,1.23095703125,-16.4794921875,-14.34326171875,-23.74267578125,1742308696.6943085
1742308696,714497327,-0.00537109375,-0.02734375,1.20751953125,-15.9912109375,-16.90673828125,-23.98681640625,1742308696.7144973
1742308696,734941832,0.0146484375,-0.03369140625,1.18505859375,-17.02880859375,-17.2119140625,-23.13232421875,1742308696.7349417
1742308696,761495582,0.01806640625,-0.05419921875,1.16796875,-20.44677734375,-14.404296875,-23.01025390625,1742308696.7614956
1742308696,774261242,0.013671875,-0.05810546875,1.15087890625,-21.728515625,-13.0615234375,-22.0947265625,1742308696.7742612
1742308696,794423986,0.01904296875,-0.06005859375,1.125,-25.146484375,-11.1083984375,-21.66748046875,1742308696.794424
1742308696,809660045,0.01318359375,-0.05615234375,1.1064453125,-26.91650390625,-9.033203125,-21.1181640625,1742308696.80966
1742308696,829474213,-0.00048828125,-0.04345703125,1.0595703125,-27.64892578125,-7.50732421875,-21.54541015625,1742308696.8294742
1742308696,854516060,-0.015625,-0.0126953125,1.02099609375,-30.09033203125,-5.7373046875,-21.05712890625,1742308696.854516
1742308696,874699285,-0.03515625,-0.0146484375,0.9970703125,-32.8369140625,-4.57763671875,-20.1416015625,1742308696.8746994
1742308696,894482637,-0.04736328125,-0.02685546875,0.99169921875,-33.50830078125,-5.9814453125,-20.20263671875,1742308696.8944826
1742308696,909330408,-0.05810546875,-0.029296875,0.96826171875,-32.65380859375,-8.544921875,-19.8974609375,1742308696.9093304
1742308696,929439521,-0.05908203125,-0.01806640625,0.94287109375,-31.31103515625,-10.68115234375,-18.98193359375,1742308696.9294395
1742308696,955955447,-0.05078125,-0.0078125,0.935546875,-30.45654296875,-11.5966796875,-17.4560546875,1742308696.9559555
1742308696,974482288,-0.0537109375,-0.00341796875,0.95947265625,-28.80859375,-12.14599609375,-15.68603515625,1742308696.9744823
1742308696,994688681,-0.056640625,-0.02099609375,0.9794921875,-26.3671875,-12.0849609375,-15.0146484375,1742308696.9946887
1742308697,11400035,-0.06689453125,-0.029296875,0.955078125,-23.681640625,-11.04736328125,-13.671875,1742308697.0114
1742308697,34563515,-0.0830078125,-0.03125,0.9375,-21.78955078125,-10.25390625,-12.0849609375,1742308697.0345635
1742308697,50822805,-0.0947265625,-0.03515625,0.943359375,-19.22607421875,-9.521484375,-9.27734375,1742308697.0508227
1742308697,74370509,-0.095703125,-0.04736328125,0.94140625,-15.56396484375,-9.27734375,-5.126953125,1742308697.0743706
1742308697,94628550,-0.06591796875,-0.05224609375,0.9345703125,-12.87841796875,-8.6669921875,-1.89208984375,1742308697.0946286
1742308697,114573343,-0.0888671875,-0.06494140625,0.9638671875,-9.1552734375,-7.2021484375,0.8544921875,1742308697.1145732
1742308697,134539448,-0.12939453125,-0.0654296875,0.9599609375,-5.9814453125,-6.7138671875,5.0048828125,1742308697.1345394
1742308697,149673811,-0.12939453125,-0.06494140625,0.93505859375,-2.685546875,-6.28662109375,9.58251953125,1742308697.1496737
1742308697,174393803,-0.1181640625,-0.0673828125,0.91357421875,-1.3427734375,-6.4697265625,13.48876953125,1742308697.174394
1742308697,189734021,-0.11572265625,-0.0712890625,0.9248046875,-0.67138671875,-6.77490234375,16.66259765625,1742308697.189734
1742308697,214558173,-0.1103515625,-0.06396484375,0.96044921875,1.64794921875,-8.23974609375,20.5078125,1742308697.2145581
1742308697,232236535,-0.109375,-0.08154296875,0.98095703125,6.103515625,-10.3759765625,26.4892578125,1742308697.2322366
1742308697,254376591,-0.091796875,-0.0771484375,0.96875,8.36181640625,-12.3291015625,29.47998046875,1742308697.2543766
1742308697,274267464,-0.07080078125,-0.09228515625,0.97412109375,11.71875,-14.7705078125,32.53173828125,1742308697.2742674
1742308697,295436865,-0.0693359375,-0.10205078125,0.97021484375,15.0146484375,-19.34814453125,35.2783203125,1742308697.2954369
1742308697,314303802,-0.0556640625,-0.0849609375,0.9462890625,16.41845703125,-23.74267578125,37.2314453125,1742308697.3143039
1742308697,334369331,-0.03955078125,-0.06494140625,0.94921875,17.4560546875,-29.23583984375,40.58837890625,1742308697.3343694
1742308697,354298125,-0.0087890625,-0.0732421875,0.98046875,18.85986328125,-34.912109375,44.5556640625,1742308697.354298
1742308697,374329222,0.0107421875,-0.09326171875,0.97607421875,20.81298828125,-39.794921875,48.52294921875,1742308697.3743293
1742308697,394322879,0.0595703125,-0.09033203125,0.95166015625,20.32470703125,-44.73876953125,51.26953125,1742308697.3943229
1742308697,414441432,0.0673828125,-0.13671875,0.9931640625,21.6064453125,-47.8515625,53.03955078125,1742308697.4144413
1742308697,434427537,0.10791015625,-0.1494140625,0.98291015625,20.81298828125,-48.33984375,54.99267578125,1742308697.4344275
1742308697,454518410,0.1201171875,-0.14990234375,0.9599609375,21.66748046875,-49.072265625,58.9599609375,1742308697.4545183
1742308697,474488707,0.15625,-0.16162109375,0.96484375,23.37646484375,-48.828125,62.98828125,1742308697.4744887
1742308697,494267996,0.19873046875,-0.158203125,0.93408203125,23.681640625,-48.15673828125,66.2841796875,1742308697.494268
1742308697,516758933,0.1953125,-0.162109375,0.927734375,23.86474609375,-44.86083984375,71.59423828125,1742308697.516759
1742308697,534316527,0.2236328125,-0.16943359375,0.91162109375,24.23095703125,-41.32080078125,75.13427734375,1742308697.5343165
1742308697,555788839,0.23974609375,-0.173828125,0.91259765625,25.5126953125,-35.5224609375,79.89501953125,1742308697.5557888
1742308697,574359617,0.24267578125,-0.17822265625,0.91259765625,27.03857421875,-30.09033203125,83.8623046875,1742308697.5743597
1742308697,594740442,0.2158203125,-0.16015625,0.890625,27.64892578125,-26.85546875,87.09716796875,1742308697.5947404
1742308697,614531315,0.19873046875,-0.14404296875,0.875,27.099609375,-25.08544921875,89.599609375,1742308697.6145313
1742308697,634805996,0.1728515625,-0.1318359375,0.8427734375,26.30615234375,-25.87890625,92.4072265625,1742308697.634806
1742308697,654295045,0.1767578125,-0.12890625,0.826171875,25.32958984375,-27.77099609375,95.0927734375,1742308697.654295
1742308697,674292382,0.1826171875,-0.13037109375,0.8212890625,22.94921875,-30.33447265625,97.2900390625,1742308697.6742923
1742308697,694336824,0.17431640625,-0.13671875,0.8291015625,20.69091796875,-32.53173828125,98.9990234375,1742308697.694337
1742308697,714216657,0.16162109375,-0.142578125,0.8212890625,18.12744140625,-36.19384765625,100.4638671875,1742308697.7142167
1742308697,734394346,0.2001953125,-0.146484375,0.830078125,17.27294921875,-37.2314453125,101.01318359375,1742308697.7343943
1742308697,754256419,0.232421875,-0.15087890625,0.8359375,16.54052734375,-37.109375,100.5859375,1742308697.7542565
1742308697,775367772,0.25244140625,-0.1669921875,0.853515625,16.41845703125,-35.46142578125,99.365234375,1742308697.7753677
1742308697,794355701,0.2685546875,-0.17236328125,0.8525390625,16.17431640625,-32.53173828125,97.900390625,1742308697.7943556
1742308697,813958670,0.27587890625,-0.17333984375,0.8544921875,15.68603515625,-28.99169921875,95.88623046875,1742308697.8139586
1742308697,835267431,0.29296875,-0.17333984375,0.85546875,15.13671875,-24.71923828125,93.505859375,1742308697.8352675
1742308697,854230656,0.2783203125,-0.18505859375,0.8505859375,14.83154296875,-20.8740234375,92.10205078125,1742308697.8542306
1742308697,874275130,0.271484375,-0.197265625,0.84521484375,13.427734375,-18.37158203125,91.24755859375,1742308697.8742752
1742308697,894565971,0.28271484375,-0.21044921875,0.85595703125,12.63427734375,-15.0146484375,90.02685546875,1742308697.894566
1742308697,909454701,0.28662109375,-0.20849609375,0.8525390625,12.02392578125,-12.51220703125,89.599609375,1742308697.9094546
1742308697,929185703,0.2890625,-0.20703125,0.82421875,10.8642578125,-10.92529296875,89.29443359375,1742308697.9291856
1742308697,954926238,0.3056640625,-0.20751953125,0.8125,9.765625,-10.009765625,88.37890625,1742308697.9549263
1742308697,974275543,0.3095703125,-0.2080078125,0.8232421875,8.85009765625,-10.55908203125,86.85302734375,1742308697.9742756
1742308697,994422800,0.2802734375,-0.22119140625,0.8486328125,9.521484375,-12.87841796875,85.87646484375,1742308697.994423
1742308698,9320075,0.28857421875,-0.2275390625,0.83349609375,10.25390625,-14.892578125,84.53369140625,1742308698.00932
1742308698,34392355,0.31494140625,-0.216796875,0.82275390625,10.25390625,-16.17431640625,82.51953125,1742308698.0343924
1742308698,54571101,0.31591796875,-0.232421875,0.828125,10.25390625,-17.88330078125,81.298828125,1742308698.0545712
1742308698,69704184,0.3095703125,-0.25048828125,0.8212890625,10.31494140625,-19.71435546875,79.89501953125,1742308698.0697043
1742308698,94463824,0.32568359375,-0.25390625,0.82373046875,9.6435546875,-22.76611328125,78.0029296875,1742308698.0944638
1742308698,114349481,0.3447265625,-0.27294921875,0.82666015625,9.27734375,-23.01025390625,76.23291015625,1742308698.1143494
1742308698,134206787,0.34375,-0.29296875,0.84326171875,9.09423828125,-22.64404296875,74.70703125,1742308698.1342068
1742308698,154290300,0.3251953125,-0.30078125,0.833984375,9.09423828125,-22.52197265625,73.3642578125,1742308698.1542902
1742308698,174432182,0.33544921875,-0.310546875,0.833984375,8.60595703125,-22.03369140625,72.32666015625,1742308698.1744323
1742308698,194388591,0.2900390625,-0.33056640625,0.83544921875,7.2021484375,-23.49853515625,72.265625,1742308698.1943886
1742308698,214709737,0.24951171875,-0.33251953125,0.83935546875,5.06591796875,-24.35302734375,72.57080078125,1742308698.2147098
1742308698,234436035,0.24462890625,-0.33349609375,0.845703125,3.0517578125,-25.5126953125,72.20458984375,1742308698.234436
1742308698,255216284,0.2392578125,-0.3388671875,0.880859375,3.11279296875,-26.2451171875,71.6552734375,1742308698.2552164
1742308698,274799830,0.2060546875,-0.36181640625,0.92529296875,5.18798828125,-27.64892578125,70.80078125,1742308698.2747998
1742308698,294380047,0.14453125,-0.3720703125,0.9384765625,8.1787109375,-29.296875,71.71630859375,1742308698.29438
1742308698,314530057,0.11865234375,-0.35888671875,0.9189453125,10.80322265625,-32.16552734375,73.974609375,1742308698.3145301
1742308698,334317890,0.11328125,-0.3583984375,0.923828125,12.0849609375,-33.99658203125,75.50048828125,1742308698.334318
1742308698,354930364,0.11181640625,-0.341796875,0.9345703125,12.63427734375,-34.60693359375,76.171875,1742308698.3549304
1742308698,374674645,0.08984375,-0.3310546875,0.953125,12.8173828125,-34.48486328125,76.5380859375,1742308698.3746746
1742308698,394758863,0.07666015625,-0.314453125,0.9365234375,11.474609375,-32.40966796875,77.08740234375,1742308698.394759
1742308698,415109960,0.1005859375,-0.31640625,0.92724609375,8.9111328125,-29.541015625,76.5380859375,1742308698.4151099
1742308698,434695106,0.1376953125,-0.32080078125,0.921875,7.080078125,-25.93994140625,74.3408203125,1742308698.434695
1742308698,450697853,0.08642578125,-0.33056640625,0.9208984375,6.28662109375,-23.5595703125,71.47216796875,1742308698.450698
1742308698,469608055,0.09521484375,-0.3369140625,0.921875,6.103515625,-21.1181640625,68.90869140625,1742308698.469608
1742308698,489647632,0.12548828125,-0.34423828125,0.91650390625,7.080078125,-18.61572265625,64.63623046875,1742308698.4896476
1742308698,514236904,0.13623046875,-0.34326171875,0.90966796875,8.4228515625,-15.80810546875,60.24169921875,1742308698.514237
1742308698,542337247,0.14013671875,-0.3447265625,0.8974609375,9.94873046875,-13.00048828125,56.884765625,1742308698.5423372
1742308698,564308824,0.1064453125,-0.33935546875,0.85595703125,8.60595703125,-9.58251953125,54.13818359375,1742308698.564309
1742308698,573873717,0.134765625,-0.35498046875,0.845703125,5.615234375,-5.2490234375,51.7578125,1742308698.5738738
1742308698,594584942,0.14990234375,-0.3798828125,0.880859375,4.7607421875,-3.41796875,49.8046875,1742308698.594585
1742308698,614436680,0.16162109375,-0.37841796875,0.865234375,4.638671875,-0.67138671875,46.56982421875,1742308698.6144366
1742308698,634458241,0.19775390625,-0.37158203125,0.8515625,3.35693359375,3.662109375,42.1142578125,1742308698.6344583
1742308698,665882551,0.2431640625,-0.3994140625,0.935546875,5.2490234375,10.92529296875,32.28759765625,1742308698.6658826
1742308698,684646545,0.228515625,-0.41748046875,0.9072265625,8.9111328125,16.9677734375,24.59716796875,1742308698.6846466
1742308698,695517838,0.21630859375,-0.4267578125,0.8837890625,9.765625,19.53125,20.751953125,1742308698.6955178
1742308698,714545768,0.1904296875,-0.43115234375,0.8349609375,9.82666015625,23.8037109375,13.427734375,1742308698.7145457
1742308698,737356128,0.1396484375,-0.4296875,0.826171875,8.60595703125,24.96337890625,8.30078125,1742308698.7373562
1742308698,759978105,0.08984375,-0.41748046875,0.82080078125,6.2255859375,21.97265625,2.62451171875,1742308698.759978
1742308698,779555827,0.0712890625,-0.419921875,0.81298828125,4.33349609375,18.73779296875,-0.42724609375,1742308698.7795558
1742308698,810208969,0.00732421875,-0.44140625,0.80908203125,-2.62451171875,6.89697265625,-5.9814453125,1742308698.810209
1742308698,815772487,0.00732421875,-0.44140625,0.80908203125,-2.62451171875,6.89697265625,-5.9814453125,1742308698.8157725
1742308698,841774399,0.0283203125,-0.4833984375,0.81689453125,-4.7607421875,-7.4462890625,-8.7890625,1742308698.8417745
1742308698,857336890,0.05322265625,-0.47412109375,0.81103515625,-5.79833984375,-10.80322265625,-9.94873046875,1742308698.857337
1742308698,874548692,0.06982421875,-0.501953125,0.833984375,-6.28662109375,-14.83154296875,-11.41357421875,1742308698.8745487
1742308698,894554894,0.08251953125,-0.50927734375,0.82275390625,-7.50732421875,-18.310546875,-13.5498046875,1742308698.8945549
1742308698,927322627,0.119140625,-0.533203125,0.85107421875,-7.14111328125,-20.44677734375,-15.7470703125,1742308698.9273226
1742308698,935616864,0.173828125,-0.5380859375,0.8662109375,-4.0283203125,-21.1181640625,-19.4091796875,1742308698.935617
1742308698,954511834,0.189453125,-0.52880859375,0.85400390625,-3.90625,-20.01953125,-20.751953125,1742308698.954512
1742308698,974447796,0.18896484375,-0.517578125,0.85302734375,-4.2724609375,-17.4560546875,-21.42333984375,1742308698.9744477
1742308698,994312621,0.20556640625,-0.51171875,0.87451171875,-4.2724609375,-14.6484375,-22.0947265625,1742308698.9943125
1742308699,20014821,0.2265625,-0.4873046875,0.86767578125,-6.103515625,-11.77978515625,-23.3154296875,1742308699.0200148
1742308699,35576641,0.2490234375,-0.46435546875,0.8603515625,-7.2021484375,-7.62939453125,-25.7568359375,1742308699.0355766
1742308699,54581051,0.23876953125,-0.45166015625,0.90966796875,-6.34765625,-3.96728515625,-28.74755859375,1742308699.0545812
1742308699,89888112,0.22314453125,-0.3876953125,0.98583984375,-0.8544921875,1.953125,-34.912109375,1742308699.089888
1742308699,95526607,0.20458984375,-0.380859375,1.017578125,1.15966796875,4.39453125,-36.865234375,1742308699.0955267
1742308699,113957545,0.17919921875,-0.35546875,1.01953125,2.8076171875,7.6904296875,-39.61181640625,1742308699.1139576
1742308699,134384931,0.125,-0.31982421875,0.978515625,4.0283203125,10.3759765625,-39.55078125,1742308699.1343849
1742308699,154568989,0.08935546875,-0.2958984375,0.92724609375,2.197265625,12.14599609375,-35.2783203125,1742308699.154569
1742308699,174606679,0.080078125,-0.27685546875,0.8857421875,-0.42724609375,12.451171875,-29.84619140625,1742308699.1746066
1742308699,194231025,0.10205078125,-0.24462890625,0.861328125,-3.7841796875,12.8173828125,-23.8037109375,1742308699.194231
1742308699,214297611,0.1435546875,-0.212890625,0.90576171875,-5.79833984375,13.73291015625,-19.8974609375,1742308699.2142975
1742308699,232034853,0.17041015625,-0.20947265625,0.9150390625,-6.04248046875,16.11328125,-17.9443359375,1742308699.232035
1742308699,254337726,0.21240234375,-0.21142578125,0.9091796875,-7.4462890625,18.9208984375,-18.49365234375,1742308699.2543378
1742308699,274279800,0.22705078125,-0.21875,0.92333984375,-8.056640625,21.42333984375,-20.81298828125,1742308699.2742798
1742308699,294264242,0.24951171875,-0.24169921875,0.95166015625,-6.40869140625,24.59716796875,-23.25439453125,1742308699.2942643
1742308699,314456716,0.2314453125,-0.2646484375,0.93896484375,-4.08935546875,27.9541015625,-25.69580078125,1742308699.3144567
1742308699,334264870,0.23388671875,-0.26416015625,0.89794921875,-3.60107421875,29.9072265625,-27.03857421875,1742308699.3342648
1742308699,350353665,0.22119140625,-0.279296875,0.85986328125,-4.82177734375,31.18896484375,-27.64892578125,1742308699.3503537
1742308699,369748572,0.189453125,-0.3232421875,0.81787109375,-6.53076171875,30.76171875,-28.076171875,1742308699.3697486
1742308699,394286516,0.16162109375,-0.34521484375,0.78857421875,-8.11767578125,27.64892578125,-27.099609375,1742308699.3942866
1742308699,414287630,0.18212890625,-0.349609375,0.77490234375,-9.8876953125,24.90234375,-26.3671875,1742308699.4142876
1742308699,439421414,0.17578125,-0.3564453125,0.7705078125,-10.6201171875,22.76611328125,-26.123046875,1742308699.4394214
1742308699,454471810,0.17333984375,-0.37744140625,0.767578125,-11.29150390625,19.775390625,-26.2451171875,1742308699.4544718
1742308699,470805021,0.18408203125,-0.3740234375,0.751953125,-13.24462890625,16.2353515625,-26.7333984375,1742308699.470805
1742308699,490311575,0.1904296875,-0.37109375,0.744140625,-15.19775390625,12.6953125,-28.01513671875,1742308699.4903116
1742308699,517303439,0.18505859375,-0.380859375,0.74951171875,-15.625,8.4228515625,-29.72412109375,1742308699.5173035
1742308699,535683049,0.203125,-0.39306640625,0.751953125,-15.7470703125,6.65283203125,-30.8837890625,1742308699.5356832
1742308699,554521316,0.21728515625,-0.4091796875,0.73486328125,-16.6015625,4.150390625,-32.71484375,1742308699.5545213
1742308699,569350047,0.2275390625,-0.42578125,0.75048828125,-17.7001953125,2.685546875,-34.912109375,1742308699.56935
1742308699,590803545,0.25048828125,-0.4384765625,0.78759765625,-18.61572265625,2.685546875,-37.109375,1742308699.5908036
1742308699,614740657,0.25390625,-0.45263671875,0.78662109375,-19.287109375,4.82177734375,-39.0625,1742308699.6147406
1742308699,635314859,0.2802734375,-0.48095703125,0.8291015625,-19.59228515625,8.056640625,-39.97802734375,1742308699.635315
1742308699,654628549,0.2705078125,-0.49658203125,0.8671875,-18.98193359375,11.16943359375,-40.1611328125,1742308699.6546285
1742308699,676140255,0.267578125,-0.478515625,0.89208984375,-18.37158203125,13.73291015625,-39.9169921875,1742308699.6761403
1742308699,703379671,0.2451171875,-0.47265625,0.92578125,-17.27294921875,18.5546875,-40.1611328125,1742308699.7033796
1742308699,714441139,0.23974609375,-0.48046875,0.9365234375,-17.51708984375,20.263671875,-40.4052734375,1742308699.714441
1742308699,734337325,0.24267578125,-0.45263671875,0.9404296875,-17.822265625,22.3388671875,-40.1611328125,1742308699.7343373
1742308699,754411143,0.24462890625,-0.44873046875,0.986328125,-15.93017578125,24.23095703125,-41.32080078125,1742308699.7544112
1742308699,774624865,0.22412109375,-0.4453125,1.01220703125,-12.6953125,26.18408203125,-43.51806640625,1742308699.7746248
1742308699,803456472,0.20068359375,-0.423828125,1.05908203125,-7.8125,28.62548828125,-47.119140625,1742308699.8034565
1742308699,816755188,0.14453125,-0.341796875,1.0869140625,0.79345703125,31.005859375,-50.9033203125,1742308699.8167553
1742308699,829662128,0.0693359375,-0.3134765625,1.0712890625,5.0048828125,31.31103515625,-51.33056640625,1742308699.829662
1742308699,854931145,0.001953125,-0.26513671875,0.98388671875,5.9814453125,30.6396484375,-49.74365234375,1742308699.854931
1742308699,869146788,-0.00732421875,-0.2275390625,0.9560546875,2.8076171875,29.72412109375,-48.095703125,1742308699.8691468
1742308699,895479068,-0.01708984375,-0.22607421875,0.94970703125,-0.3662109375,28.13720703125,-46.7529296875,1742308699.895479
1742308699,914344887,-0.00830078125,-0.2412109375,0.962890625,-0.42724609375,26.42822265625,-47.18017578125,1742308699.9143448
1742308699,934669649,-0.0009765625,-0.26904296875,1.00439453125,3.90625,24.59716796875,-49.49951171875,1742308699.9346697
1742308699,949667788,0.0009765625,-0.2880859375,1.0146484375,10.43701171875,22.52197265625,-52.91748046875,1742308699.9496677
1742308699,974211397,-0.009765625,-0.30078125,0.982421875,16.357421875,20.69091796875,-55.908203125,1742308699.9742115
1742308699,994226079,0.00048828125,-0.306640625,0.91357421875,19.59228515625,19.22607421875,-56.70166015625,1742308699.994226
1742308700,14340025,0.06005859375,-0.3251953125,0.8642578125,21.17919921875,19.1650390625,-56.640625,1742308700.01434
1742308700,35895795,0.0654296875,-0.34033203125,0.8115234375,22.5830078125,17.7001953125,-56.0302734375,1742308700.0358958
1742308700,54707309,0.06103515625,-0.33154296875,0.76708984375,21.8505859375,14.70947265625,-52.734375,1742308700.0547073
1742308700,74703592,0.08740234375,-0.31591796875,0.6982421875,18.9208984375,10.92529296875,-49.4384765625,1742308700.0747037
1742308700,89398403,0.10205078125,-0.30126953125,0.66357421875,14.7705078125,7.38525390625,-46.56982421875,1742308700.0893984
1742308700,109993566,0.11767578125,-0.3046875,0.67333984375,10.55908203125,3.90625,-43.45703125,1742308700.1099935
1742308700,134567703,0.15283203125,-0.30029296875,0.68896484375,7.99560546875,1.708984375,-42.29736328125,1742308700.1345677
1742308700,155347121,0.17724609375,-0.29248046875,0.7236328125,7.01904296875,0.244140625,-42.724609375,1742308700.155347
1742308700,174884427,0.14501953125,-0.30810546875,0.748046875,8.056640625,-2.685546875,-42.90771484375,1742308700.1748843
1742308700,195418117,0.1513671875,-0.33056640625,0.78759765625,10.07080078125,-5.9814453125,-43.02978515625,1742308700.1954181
1742308700,214336928,0.18359375,-0.32861328125,0.8291015625,13.12255859375,-8.36181640625,-43.8232421875,1742308700.2143369
1742308700,235396986,0.203125,-0.33984375,0.84716796875,16.41845703125,-10.3759765625,-43.3349609375,1742308700.235397
1742308700,254279573,0.21728515625,-0.33642578125,0.8837890625,18.5546875,-11.29150390625,-41.3818359375,1742308700.2542796
1742308700,274279279,0.25146484375,-0.31396484375,0.91650390625,21.78955078125,-9.94873046875,-39.306640625,1742308700.2742794
1742308700,294490025,0.2529296875,-0.29052734375,0.947265625,23.37646484375,-6.77490234375,-36.92626953125,1742308700.29449
1742308700,315750723,0.25537109375,-0.2587890625,0.9580078125,23.98681640625,-3.7841796875,-35.21728515625,1742308700.3157508
1742308700,334600670,0.25732421875,-0.2177734375,0.95947265625,22.88818359375,-0.732421875,-33.14208984375,1742308700.3346007
1742308700,354265368,0.228515625,-0.2080078125,0.966796875,22.216796875,2.86865234375,-31.31103515625,1742308700.3542655
1742308700,374497971,0.21533203125,-0.17626953125,1.00146484375,20.69091796875,2.3193359375,-29.35791015625,1742308700.374498
1742308700,394293933,0.21484375,-0.14013671875,1.02880859375,19.71435546875,2.50244140625,-28.9306640625,1742308700.394294
1742308700,411612840,0.23974609375,-0.1083984375,1.07958984375,19.95849609375,4.45556640625,-30.2734375,1742308700.4116127
1742308700,434756257,0.2431640625,-0.0986328125,1.14111328125,21.54541015625,9.8876953125,-32.77587890625,1742308700.4347563
1742308700,454485884,0.2626953125,-0.072265625,1.13037109375,21.54541015625,17.7001953125,-34.7900390625,1742308700.454486
1742308700,474648118,0.20654296875,-0.056640625,1.11767578125,20.32470703125,23.62060546875,-34.24072265625,1742308700.474648
1742308700,494364657,0.16357421875,-0.0390625,1.1103515625,19.6533203125,26.85546875,-29.9072265625,1742308700.4943647
1742308700,514464459,0.13916015625,-0.009765625,1.07177734375,18.4326171875,26.3671875,-25.5126953125,1742308700.5144644
1742308700,534537733,0.12890625,0.03271484375,1.0595703125,16.9677734375,25.5126953125,-23.0712890625,1742308700.5345378
1742308700,554418720,0.138671875,0.0712890625,1.03173828125,14.34326171875,24.23095703125,-21.8505859375,1742308700.5544188
1742308700,575548154,0.13232421875,0.08447265625,0.98486328125,10.07080078125,22.0947265625,-20.93505859375,1742308700.5755482
1742308700,594496532,0.09814453125,0.0859375,0.96142578125,7.568359375,18.1884765625,-19.6533203125,1742308700.5944965
1742308700,614539118,0.10009765625,0.0693359375,0.9482421875,5.9814453125,14.09912109375,-18.9208984375,1742308700.6145391
1742308700,635305513,0.1064453125,0.01904296875,0.93994140625,4.39453125,8.97216796875,-18.85986328125,1742308700.6353054
1742308700,654405219,0.1318359375,-0.0205078125,0.8984375,3.23486328125,3.662109375,-19.34814453125,1742308700.654405
1742308700,669928639,0.1513671875,-0.03759765625,0.8671875,1.40380859375,-2.5634765625,-20.01953125,1742308700.6699286
1742308700,689412089,0.1689453125,-0.0439453125,0.84130859375,0.244140625,-6.9580078125,-20.20263671875,1742308700.689412
1742308700,709223892,0.19189453125,-0.05908203125,0.81787109375,-0.48828125,-9.46044921875,-20.263671875,1742308700.709224
1742308700,736258572,0.220703125,-0.07666015625,0.78515625,-1.46484375,-10.8642578125,-21.1181640625,1742308700.7362585
1742308700,754589543,0.23046875,-0.09375,0.76171875,-2.25830078125,-12.02392578125,-23.0712890625,1742308700.7545896
1742308700,774712961,0.22119140625,-0.111328125,0.77490234375,-2.44140625,-14.16015625,-24.658203125,1742308700.774713
1742308700,794891483,0.23193359375,-0.09033203125,0.78369140625,-4.21142578125,-14.0380859375,-26.0009765625,1742308700.7948916
1742308700,814770966,0.236328125,-0.09130859375,0.81884765625,-5.859375,-11.474609375,-26.7333984375,1742308700.814771
1742308700,829248882,0.26513671875,-0.09716796875,0.8408203125,-7.01904296875,-7.14111328125,-27.9541015625,1742308700.829249
1742308700,854574858,0.2705078125,-0.10546875,0.84765625,-7.75146484375,-2.44140625,-30.2734375,1742308700.854575
1742308700,874381381,0.275390625,-0.1083984375,0.84814453125,-9.21630859375,1.46484375,-33.0810546875,1742308700.8743813
1742308700,894355295,0.29052734375,-0.1142578125,0.8544921875,-10.009765625,2.99072265625,-35.888671875,1742308700.8943553
1742308700,914344473,0.31787109375,-0.13525390625,0.84814453125,-9.70458984375,3.5400390625,-39.12353515625,1742308700.9143445
1742308700,934844436,0.33203125,-0.14306640625,0.86083984375,-10.009765625,3.0517578125,-42.8466796875,1742308700.9348445
1742308700,954604206,0.310546875,-0.13037109375,0.8740234375,-10.009765625,2.44140625,-46.5087890625,1742308700.9546041
1742308700,974297928,0.2900390625,-0.12060546875,0.90185546875,-10.31494140625,1.52587890625,-50.1708984375,1742308700.974298
1742308700,995394882,0.27197265625,-0.12060546875,0.951171875,-9.765625,1.64794921875,-53.03955078125,1742308700.995395
1742308701,15150397,0.26220703125,-0.0986328125,0.96337890625,-9.033203125,3.2958984375,-55.6640625,1742308701.0151503
1742308701,35875928,0.2275390625,-0.0771484375,0.994140625,-8.544921875,5.06591796875,-58.16650390625,1742308701.035876
1742308701,49422100,0.1982421875,-0.06689453125,1.07275390625,-6.2255859375,7.87353515625,-61.279296875,1742308701.049422
1742308701,74321005,0.166015625,-0.041015625,1.09716796875,-3.662109375,10.43701171875,-64.88037109375,1742308701.074321
1742308701,94449192,0.10546875,-0.02734375,1.10888671875,-1.64794921875,11.474609375,-66.0400390625,1742308701.0944493
1742308701,114499587,0.08544921875,-0.01025390625,1.10498046875,0.30517578125,10.6201171875,-65.5517578125,1742308701.1144996
1742308701,129513247,0.056640625,0.01171875,1.0849609375,1.3427734375,8.1787109375,-63.78173828125,1742308701.1295133
1742308701,154466424,0.02001953125,0.0234375,1.064453125,0.48828125,5.0048828125,-61.21826171875,1742308701.1544664
1742308701,174314387,0.0126953125,0.0341796875,1.04736328125,-2.62451171875,3.173828125,-60.546875,1742308701.1743145
1742308701,194293421,0.0322265625,0.03857421875,1.01171875,-6.16455078125,1.64794921875,-60.4248046875,1742308701.1942935
1742308701,214328040,0.04345703125,0.05419921875,0.98095703125,-9.3994140625,1.5869140625,-62.255859375,1742308701.214328
1742308701,235357378,0.00732421875,0.052734375,0.974609375,-11.5966796875,0.3662109375,-63.96484375,1742308701.2353573
1742308701,254366461,-0.0126953125,0.01953125,1.00439453125,-10.8642578125,-1.03759765625,-63.1103515625,1742308701.2543664
1742308701,274336792,0.01904296875,-0.0107421875,1.0107421875,-8.36181640625,-0.244140625,-62.19482421875,1742308701.2743368
1742308701,294496947,0.04638671875,-0.0126953125,0.94482421875,-7.32421875,2.50244140625,-61.70654296875,1742308701.294497
1742308701,315439821,0.0146484375,-0.02685546875,0.892578125,-7.01904296875,3.60107421875,-58.41064453125,1742308701.31544
1742308701,334219720,0.03369140625,-0.041015625,0.890625,-5.06591796875,4.21142578125,-52.3681640625,1742308701.3342197
1742308701,354387139,0.06640625,-0.06103515625,0.85693359375,-4.0283203125,5.92041015625,-46.56982421875,1742308701.354387
1742308701,374573437,0.08447265625,-0.06884765625,0.84228515625,-2.685546875,7.14111328125,-41.1376953125,1742308701.3745735
1742308701,394754264,0.1142578125,-0.0517578125,0.8291015625,-1.77001953125,9.82666015625,-36.7431640625,1742308701.3947542
1742308701,409375604,0.12255859375,-0.05419921875,0.82861328125,0.3662109375,11.8408203125,-31.43310546875,1742308701.4093757
1742308701,434404974,0.12646484375,-0.04541015625,0.798828125,0.79345703125,13.36669921875,-27.099609375,1742308701.434405
1742308701,454540744,0.1474609375,-0.03173828125,0.806640625,0.3662109375,12.8173828125,-24.5361328125,1742308701.4545407
1742308701,474390499,0.14794921875,-0.03173828125,0.8115234375,1.03759765625,12.0849609375,-22.52197265625,1742308701.4743905
1742308701,494396286,0.14599609375,-0.03466796875,0.84228515625,2.44140625,9.1552734375,-20.8740234375,1742308701.4943962
1742308701,514286456,0.15869140625,-0.03369140625,0.86328125,4.69970703125,7.01904296875,-19.10400390625,1742308701.5142865
1742308701,534315475,0.18212890625,-0.03125,0.890625,6.28662109375,6.16455078125,-16.6015625,1742308701.5343156
1742308701,556051501,0.16552734375,-0.0302734375,0.90673828125,6.7138671875,6.65283203125,-14.22119140625,1742308701.5560515
1742308701,574307528,0.1767578125,-0.02197265625,0.92333984375,7.2021484375,6.8359375,-12.20703125,1742308701.5743074
1742308701,590496676,0.1884765625,-0.00732421875,0.93701171875,8.4228515625,7.8125,-11.3525390625,1742308701.5904968
1742308701,614247358,0.19580078125,0.0224609375,0.9521484375,9.94873046875,8.6669921875,-11.65771484375,1742308701.6142473
1742308701,634347384,0.1728515625,0.04931640625,0.966796875,10.31494140625,7.9345703125,-12.0849609375,1742308701.6343474
1742308701,655117843,0.18505859375,0.06396484375,0.9833984375,10.8642578125,6.77490234375,-13.916015625,1742308701.6551178
1742308701,674296558,0.15771484375,0.076171875,1.0146484375,11.3525390625,4.638671875,-15.869140625,1742308701.6742966
1742308701,689956810,0.14501953125,0.07958984375,1.0595703125,12.14599609375,2.685546875,-17.7001953125,1742308701.689957
1742308701,715390915,0.154296875,0.107421875,1.0712890625,12.14599609375,3.2958984375,-19.6533203125,1742308701.715391
1742308701,734328830,0.14892578125,0.10009765625,1.11474609375,11.29150390625,5.37109375,-21.17919921875,1742308701.7343287
1742308701,754419896,0.1435546875,0.09619140625,1.1328125,11.04736328125,7.4462890625,-23.0712890625,1742308701.7544198
1742308701,774476787,0.10546875,0.12109375,1.1123046875,9.58251953125,8.7890625,-23.74267578125,1742308701.7744768
1742308701,794235054,0.09326171875,0.14208984375,1.07958984375,6.89697265625,8.6669921875,-23.25439453125,1742308701.794235
1742308701,809300394,0.046875,0.146484375,1.06982421875,6.28662109375,4.57763671875,-21.66748046875,1742308701.8093004
1742308701,829535620,-0.0283203125,0.16064453125,1.06640625,6.103515625,-1.8310546875,-19.22607421875,1742308701.8295357
1742308701,854349822,-0.05908203125,0.1904296875,1.06884765625,5.37109375,-6.16455078125,-16.05224609375,1742308701.8543499
1742308701,874327065,-0.04541015625,0.201171875,1.04638671875,3.96728515625,-5.9814453125,-12.451171875,1742308701.8743272
1742308701,889682132,-0.0146484375,0.2041015625,1.01904296875,1.77001953125,-2.685546875,-10.07080078125,1742308701.889682
1742308701,914078126,0.01025390625,0.20263671875,0.98974609375,0.3662109375,3.11279296875,-8.97216796875,1742308701.9140782
1742308701,934354953,0.0380859375,0.19091796875,0.962890625,0.8544921875,8.36181640625,-9.09423828125,1742308701.934355
1742308701,952626276,0.04296875,0.15771484375,0.94580078125,2.197265625,11.962890625,-9.09423828125,1742308701.9526262
1742308701,974321694,0.01806640625,0.150390625,0.912109375,1.8310546875,13.61083984375,-8.85009765625,1742308701.9743216
1742308701,996110520,0.00634765625,0.12646484375,0.873046875,1.40380859375,14.22119140625,-8.1787109375,1742308701.9961104
1742308702,11548020,0.03466796875,0.1201171875,0.85986328125,0.18310546875,12.5732421875,-7.62939453125,1742308702.011548
1742308702,30061680,0.052734375,0.10986328125,0.8544921875,0.06103515625,12.20703125,-7.4462890625,1742308702.0300617
1742308702,50758858,0.041015625,0.10888671875,0.84912109375,-0.3662109375,11.04736328125,-7.6904296875,1742308702.0507588
1742308702,69305862,0.0322265625,0.10986328125,0.81689453125,-1.0986328125,9.521484375,-8.11767578125,1742308702.069306
1742308702,94587295,0.0166015625,0.11083984375,0.79443359375,-3.0517578125,7.32421875,-8.544921875,1742308702.0945873
1742308702,109348380,-0.00341796875,0.08447265625,0.80859375,-3.96728515625,4.7607421875,-7.14111328125,1742308702.1093483
1742308702,134424150,0.02685546875,0.08544921875,0.82763671875,-4.45556640625,2.9296875,-6.7138671875,1742308702.1344242
1742308702,154671473,0.029296875,0.10498046875,0.84130859375,-6.16455078125,2.74658203125,-6.8359375,1742308702.1546714
1742308702,174318156,0.05322265625,0.0927734375,0.85693359375,-7.32421875,4.39453125,-6.40869140625,1742308702.174318
1742308702,194781287,0.07861328125,0.09375,0.845703125,-8.1787109375,6.2255859375,-6.53076171875,1742308702.1947813
1742308702,214386178,0.0927734375,0.08056640625,0.85888671875,-7.99560546875,8.97216796875,-7.14111328125,1742308702.2143862
1742308702,234928701,0.06787109375,0.0888671875,0.869140625,-7.14111328125,13.00048828125,-6.103515625,1742308702.2349286
1742308702,254614104,0.0888671875,0.0810546875,0.89208984375,-5.859375,16.05224609375,-5.126953125,1742308702.254614
1742308702,274478739,0.07763671875,0.0927734375,0.8837890625,-6.28662109375,18.9208984375,-4.45556640625,1742308702.2744787
1742308702,294197326,0.08154296875,0.08447265625,0.9111328125,-6.34765625,21.8505859375,-4.21142578125,1742308702.2941973
1742308702,314296969,0.091796875,0.083984375,0.9130859375,-6.34765625,25.08544921875,-4.33349609375,1742308702.314297
1742308702,334490052,0.1171875,0.07958984375,0.900390625,-6.89697265625,26.85546875,-5.18798828125,1742308702.33449
1742308702,354540127,0.07568359375,0.07666015625,0.92431640625,-7.87353515625,27.099609375,-6.34765625,1742308702.35454
1742308702,374336442,0.03662109375,0.0703125,0.921875,-9.1552734375,25.20751953125,-6.77490234375,1742308702.3743365
1742308702,394198517,0.01708984375,0.07080078125,0.9580078125,-9.765625,23.681640625,-6.9580078125,1742308702.3941984
1742308702,414055056,0.0322265625,0.0712890625,0.994140625,-9.82666015625,24.96337890625,-8.23974609375,1742308702.414055
1742308702,434499403,0.0263671875,0.06103515625,1.01904296875,-8.6669921875,27.587890625,-10.31494140625,1742308702.4344995
1742308702,454310182,-0.02783203125,0.072265625,1.02978515625,-7.568359375,28.9306640625,-13.00048828125,1742308702.4543102
1742308702,474453153,-0.107421875,0.0576171875,1.0546875,-3.90625,26.06201171875,-13.916015625,1742308702.4744532
1742308702,494228796,-0.14208984375,0.05810546875,1.0634765625,0.67138671875,18.73779296875,-13.916015625,1742308702.4942288
1742308702,514419319,-0.1513671875,0.05224609375,1.04052734375,6.28662109375,11.23046875,-12.939453125,1742308702.5144193
1742308702,534496466,-0.15625,0.06396484375,0.99853515625,7.568359375,2.01416015625,-12.451171875,1742308702.5344965
1742308702,554339373,-0.18212890625,0.09423828125,0.97119140625,5.615234375,-7.38525390625,-11.8408203125,1742308702.5543394
1742308702,574221736,-0.21337890625,0.134765625,0.962890625,1.708984375,-14.2822265625,-9.765625,1742308702.5742218
1742308702,594536803,-0.2216796875,0.1005859375,1.0146484375,1.8310546875,-18.12744140625,-7.32421875,1742308702.5945368
1742308702,614592542,-0.18017578125,0.09765625,0.99267578125,2.3193359375,-19.34814453125,-4.7607421875,1742308702.6145926
1742308702,634466873,-0.16455078125,0.095703125,0.94921875,2.86865234375,-18.37158203125,-0.91552734375,1742308702.634467
1742308702,654608308,-0.15966796875,0.0849609375,0.94287109375,1.64794921875,-14.6484375,3.23486328125,1742308702.6546082
1742308702,674584143,-0.15234375,0.08349609375,0.953125,0.6103515625,-8.6669921875,6.04248046875,1742308702.6745842
1742308702,694510122,-0.1357421875,0.06787109375,0.97412109375,1.8310546875,-2.99072265625,8.6669921875,1742308702.6945102
1742308702,709572934,-0.10986328125,0.07421875,0.93603515625,3.90625,4.150390625,12.14599609375,1742308702.709573
1742308702,729278113,-0.10546875,0.08203125,0.89599609375,4.82177734375,10.55908203125,14.892578125,1742308702.729278
1742308702,754298203,-0.1064453125,0.068359375,0.90478515625,4.638671875,16.66259765625,17.08984375,1742308702.7542982
1742308702,774338390,-0.10986328125,0.05517578125,0.951171875,5.7373046875,20.6298828125,18.798828125,1742308702.7743385
1742308702,794665233,-0.1279296875,0.05517578125,0.92919921875,8.4228515625,23.86474609375,21.17919921875,1742308702.7946653
1742308702,814334700,-0.11572265625,0.08154296875,0.9287109375,8.7890625,27.40478515625,23.01025390625,1742308702.8143346
1742308702,834336487,-0.13330078125,0.0791015625,0.94921875,9.3994140625,29.541015625,25.08544921875,1742308702.8343365
1742308702,855202978,-0.158203125,0.08447265625,0.94873046875,7.6904296875,31.3720703125,28.3203125,1742308702.855203
1742308702,874337213,-0.17724609375,0.08544921875,0.96484375,6.16455078125,32.40966796875,31.43310546875,1742308702.8743372
1742308702,896069208,-0.18310546875,0.06494140625,0.9833984375,6.53076171875,32.1044921875,34.97314453125,1742308702.8960693
1742308702,914738643,-0.17822265625,0.068359375,0.94189453125,6.591796875,30.70068359375,39.306640625,1742308702.9147387
1742308702,934408622,-0.20751953125,0.080078125,0.92919921875,4.21142578125,29.296875,44.12841796875,1742308702.9344087
1742308702,954175497,-0.22900390625,0.09765625,0.98681640625,0.6103515625,28.076171875,48.583984375,1742308702.9541755
1742308702,974287364,-0.232421875,0.0966796875,1.03564453125,-1.15966796875,26.18408203125,52.42919921875,1742308702.9742873
1742308702,995448415,-0.2333984375,0.09130859375,1.02001953125,-1.52587890625,22.3388671875,55.96923828125,1742308702.9954484
1742308703,14363770,-0.2421875,0.10546875,1.0009765625,-2.0751953125,20.44677734375,58.28857421875,1742308703.0143638
1742308703,34330262,-0.23681640625,0.10205078125,0.9755859375,-3.60107421875,17.76123046875,61.767578125,1742308703.0343304
1742308703,54663857,-0.2509765625,0.099609375,0.9873046875,-4.0283203125,13.00048828125,64.14794921875,1742308703.054664
1742308703,74244076,-0.248046875,0.0927734375,0.95947265625,-3.173828125,8.23974609375,65.36865234375,1742308703.074244
1742308703,94271848,-0.22509765625,0.12548828125,0.94970703125,-4.33349609375,2.5634765625,65.3076171875,1742308703.094272
1742308703,114241955,-0.21728515625,0.11962890625,1.00634765625,-2.8076171875,-2.685546875,64.02587890625,1742308703.1142418
1742308703,134302430,-0.18310546875,0.10400390625,1.0380859375,-0.67138671875,-7.01904296875,62.255859375,1742308703.1343024
1742308703,154233658,-0.1796875,0.1142578125,1.0634765625,2.13623046875,-8.97216796875,60.4248046875,1742308703.1542337
1742308703,174376821,-0.15673828125,0.1474609375,1.05859375,3.173828125,-8.056640625,58.28857421875,1742308703.1743767
1742308703,194280176,-0.154296875,0.162109375,1.0830078125,2.13623046875,-6.04248046875,57.43408203125,1742308703.1942801
1742308703,214591084,-0.12939453125,0.17431640625,1.07958984375,1.28173828125,-3.2958984375,54.62646484375,1742308703.214591
1742308703,234352263,-0.10791015625,0.16845703125,1.09033203125,0.91552734375,-1.28173828125,52.06298828125,1742308703.2343524
1742308703,254322402,-0.09130859375,0.18505859375,1.07177734375,0.79345703125,-1.28173828125,49.62158203125,1742308703.2543223
1742308703,274328990,-0.08642578125,0.20458984375,1.05615234375,-0.06103515625,-2.38037109375,45.34912109375,1742308703.274329
1742308703,294149273,-0.08349609375,0.19140625,1.07470703125,0.244140625,-3.47900390625,42.236328125,1742308703.2941492
1742308703,314300820,-0.07568359375,0.1826171875,1.09033203125,-0.3662109375,-4.2724609375,39.0625,1742308703.3143008
1742308703,335239727,-0.04833984375,0.1884765625,1.05712890625,0.18310546875,-6.4697265625,36.4990234375,1742308703.3352396
1742308703,354258539,-0.04052734375,0.1796875,1.029296875,0.18310546875,-7.50732421875,33.02001953125,1742308703.3542585
1742308703,374436966,-0.037109375,0.189453125,1.0205078125,-0.9765625,-8.056640625,30.029296875,1742308703.3744369
1742308703,394423490,-0.033203125,0.18896484375,1.04541015625,-0.732421875,-8.72802734375,27.64892578125,1742308703.3944235
1742308703,414302557,-0.0107421875,0.19287109375,1.06640625,0.6103515625,-8.23974609375,23.86474609375,1742308703.4143026
1742308703,434414968,-0.02001953125,0.19287109375,1.099609375,2.197265625,-7.50732421875,19.59228515625,1742308703.4344149
1742308703,454732979,-0.02294921875,0.1982421875,1.1376953125,3.72314453125,-6.28662109375,15.869140625,1742308703.454733
1742308703,474568943,-0.02490234375,0.2060546875,1.13916015625,3.84521484375,-4.5166015625,12.14599609375,1742308703.4745688
1742308703,494627114,-0.02734375,0.18212890625,1.1123046875,4.2724609375,-3.47900390625,8.72802734375,1742308703.494627
1742308703,514198182,-0.01904296875,0.17333984375,1.0654296875,4.638671875,-2.74658203125,6.16455078125,1742308703.514198
1742308703,534761217,-0.03466796875,0.1591796875,1.07763671875,4.5166015625,-3.0517578125,3.72314453125,1742308703.5347612
1742308703,554376412,-0.0283203125,0.15234375,1.10791015625,5.43212890625,-3.2958984375,0.3662109375,1742308703.5543764
1742308703,574338999,-0.01708984375,0.1591796875,1.1533203125,6.16455078125,-2.44140625,-5.67626953125,1742308703.574339
1742308703,594289139,-0.02392578125,0.15771484375,1.24853515625,7.62939453125,-1.220703125,-14.5263671875,1742308703.594289
1742308703,614599534,-0.037109375,0.13037109375,1.33251953125,9.765625,1.0986328125,-24.59716796875,1742308703.6145995
1742308703,634429033,-0.04150390625,0.1328125,1.39208984375,10.92529296875,3.60107421875,-34.1796875,1742308703.634429
1742308703,654200869,-0.06396484375,0.1025390625,1.44482421875,13.61083984375,4.39453125,-45.5322265625,1742308703.6542008
1742308703,674656416,-0.0830078125,0.10107421875,1.43359375,16.90673828125,1.77001953125,-56.94580078125,1742308703.6746564
1742308703,694246331,-0.1083984375,0.11669921875,1.3984375,19.4091796875,-4.150390625,-69.580078125,1742308703.6942463
1742308703,714277655,-0.16259765625,0.06787109375,1.41748046875,21.484375,-10.986328125,-80.38330078125,1742308703.7142777
1742308703,734363794,-0.15380859375,0.04443359375,1.3916015625,20.8740234375,-15.07568359375,-86.60888671875,1742308703.7343638
1742308703,754294381,-0.1552734375,0.009765625,1.38818359375,18.1884765625,-16.6015625,-89.17236328125,1742308703.7542944
1742308703,774336841,-0.14404296875,-0.01318359375,1.3447265625,16.6015625,-16.845703125,-88.19580078125,1742308703.7743368
1742308703,794688004,-0.111328125,-0.0078125,1.26025390625,14.5263671875,-16.357421875,-86.36474609375,1742308703.794688
1742308703,809670848,-0.0966796875,-0.0087890625,1.22900390625,12.939453125,-14.5263671875,-85.5712890625,1742308703.809671
1742308703,834481883,-0.09423828125,-0.01953125,1.20361328125,11.16943359375,-10.1318359375,-84.47265625,1742308703.834482
1742308703,854279094,-0.06201171875,-0.02490234375,1.1650390625,10.19287109375,-5.37109375,-85.205078125,1742308703.854279
1742308703,874581137,-0.0517578125,-0.02734375,1.11181640625,9.521484375,0.48828125,-86.9140625,1742308703.874581
1742308703,889583886,-0.072265625,-0.03076171875,1.10302734375,9.27734375,5.859375,-88.37890625,1742308703.8895838
1742308703,914171368,-0.099609375,-0.03955078125,1.06298828125,11.23046875,9.94873046875,-89.41650390625,1742308703.9141715
1742308703,934305379,-0.08740234375,-0.048828125,1.02001953125,13.916015625,11.8408203125,-91.12548828125,1742308703.9343054
1742308703,954400831,-0.09375,-0.05126953125,0.96533203125,17.333984375,13.00048828125,-92.1630859375,1742308703.9544008
1742308703,974574298,-0.12060546875,-0.04443359375,0.91943359375,19.47021484375,12.20703125,-92.4072265625,1742308703.9745743
1742308703,994307893,-0.13330078125,-0.02783203125,0.86474609375,20.8740234375,10.6201171875,-92.22412109375,1742308703.994308
1742308704,15430225,-0.14599609375,-0.0068359375,0.81884765625,18.5546875,11.5966796875,-91.552734375,1742308704.0154302
1742308704,29483117,-0.12744140625,-0.0146484375,0.814453125,16.9677734375,7.50732421875,-90.39306640625,1742308704.029483
1742308704,54553480,-0.115234375,-0.01220703125,0.85546875,15.07568359375,5.06591796875,-92.71240234375,1742308704.0545535
1742308704,74568100,-0.18115234375,0.0078125,0.83447265625,14.16015625,2.685546875,-94.1162109375,1742308704.074568
1742308704,94209983,-0.2138671875,-0.00244140625,0.86328125,11.8408203125,1.220703125,-94.1162109375,1742308704.09421
1742308704,114187547,-0.2001953125,0.01220703125,0.86181640625,7.75146484375,0.91552734375,-93.75,1742308704.1141875
1742308704,137431638,-0.19140625,0.0224609375,0.89013671875,2.9296875,-1.28173828125,-94.78759765625,1742308704.1374316
1742308704,154226546,-0.20458984375,0.009765625,0.904296875,-0.06103515625,-6.04248046875,-97.2900390625,1742308704.1542265
1742308704,174409742,-0.2724609375,0.013671875,0.880859375,-3.173828125,-12.14599609375,-96.923828125,1742308704.1744096
1742308704,189263050,-0.27197265625,0.033203125,0.81884765625,-8.23974609375,-20.01953125,-94.7265625,1742308704.189263
1742308704,216683236,-0.26513671875,0.0244140625,0.80810546875,-14.6484375,-29.60205078125,-92.7734375,1742308704.2166831
1742308704,234569953,-0.27685546875,0.03466796875,0.775390625,-22.4609375,-35.2783203125,-89.90478515625,1742308704.23457
1742308704,254363324,-0.23779296875,0.0166015625,0.78662109375,-28.6865234375,-36.68212890625,-88.19580078125,1742308704.2543633
1742308704,274372376,-0.22216796875,0.0009765625,0.81005859375,-30.76171875,-33.87451171875,-86.5478515625,1742308704.2743723
1742308704,294456723,-0.21142578125,-0.00341796875,0.8125,-28.4423828125,-31.43310546875,-85.87646484375,1742308704.2944567
1742308704,314458383,-0.17041015625,-0.02197265625,0.7822265625,-25.32958984375,-29.4189453125,-83.3740234375,1742308704.3144584
1742308704,334400619,-0.1220703125,0.00341796875,0.76025390625,-24.2919921875,-27.89306640625,-82.33642578125,1742308704.3344007
1742308704,354269318,-0.05908203125,0.00634765625,0.77001953125,-23.5595703125,-25.69580078125,-83.0078125,1742308704.3542693
1742308704,369318819,-0.05419921875,0.01611328125,0.74951171875,-24.84130859375,-23.62060546875,-82.51953125,1742308704.3693187
1742308704,389487039,-0.0615234375,0.00927734375,0.771484375,-26.79443359375,-20.93505859375,-80.50537109375,1742308704.389487
1742308704,409397882,-0.06005859375,-0.00927734375,0.80517578125,-28.076171875,-19.22607421875,-79.52880859375,1742308704.4093978
1742308704,429304630,-0.05419921875,-0.02099609375,0.828125,-29.78515625,-17.2119140625,-80.50537109375,1742308704.4293046
1742308704,454354064,-0.0498046875,-0.0146484375,0.859375,-33.99658203125,-15.2587890625,-82.275390625,1742308704.454354
1742308704,474643500,-0.080078125,-0.00732421875,0.8994140625,-36.43798828125,-10.19287109375,-83.1298828125,1742308704.4746435
1742308704,494085288,-0.07275390625,-0.0224609375,0.9462890625,-38.57421875,-7.9345703125,-84.65576171875,1742308704.4940853
1742308704,514367075,-0.08349609375,-0.04931640625,0.9697265625,-38.87939453125,-6.4697265625,-86.9140625,1742308704.514367
1742308704,534409055,-0.125,-0.06201171875,0.98779296875,-39.24560546875,-7.080078125,-87.95166015625,1742308704.534409
1742308704,554285722,-0.14208984375,-0.076171875,1.00927734375,-37.90283203125,-8.056640625,-87.82958984375,1742308704.5542858
1742308704,574487702,-0.1357421875,-0.08349609375,1.029296875,-35.82763671875,-7.9345703125,-86.48681640625,1742308704.5744877
1742308704,594293266,-0.1064453125,-0.0947265625,1.04248046875,-32.3486328125,-5.4931640625,-85.99853515625,1742308704.5942934
1742308704,614340461,-0.09130859375,-0.0888671875,1.048828125,-28.1982421875,-2.74658203125,-86.73095703125,1742308704.6143405
1742308704,634509353,-0.1171875,-0.07666015625,1.02490234375,-24.169921875,-1.220703125,-86.42578125,1742308704.6345093
1742308704,654464517,-0.1435546875,-0.07568359375,1.04052734375,-20.44677734375,-0.9765625,-81.9091796875,1742308704.6544645
1742308704,674228800,-0.10498046875,-0.0712890625,1.0771484375,-14.404296875,0.18310546875,-75.439453125,1742308704.674229
1742308704,694250076,-0.06982421875,-0.07958984375,1.02001953125,-8.48388671875,1.953125,-70.3125,1742308704.69425
1742308704,714402007,-0.10498046875,-0.0712890625,0.95947265625,-6.40869140625,2.38037109375,-66.650390625,1742308704.714402
1742308704,734334995,-0.11376953125,-0.06982421875,0.9560546875,-4.0283203125,3.41796875,-63.5986328125,1742308704.734335
1742308704,754337327,-0.10498046875,-0.07080078125,0.95654296875,-1.3427734375,6.2255859375,-61.09619140625,1742308704.7543373
1742308704,774300234,-0.099609375,-0.0712890625,0.94091796875,2.685546875,10.009765625,-58.53271484375,1742308704.7743003
1742308704,794236230,-0.09033203125,-0.07861328125,0.9501953125,8.23974609375,13.427734375,-56.2744140625,1742308704.7942362
1742308704,814566689,-0.0576171875,-0.06884765625,0.89892578125,13.24462890625,15.93017578125,-54.6875,1742308704.8145666
1742308704,829780670,-0.052734375,-0.05224609375,0.869140625,14.5263671875,15.9912109375,-54.5654296875,1742308704.8297806
1742308704,854100313,-0.06005859375,-0.04541015625,0.82373046875,14.95361328125,13.85498046875,-53.22265625,1742308704.8541002
1742308704,875952852,-0.0380859375,-0.05859375,0.79248046875,15.380859375,8.36181640625,-50.6591796875,1742308704.875953
1742308704,894274160,-0.029296875,-0.0830078125,0.78466796875,15.31982421875,0.30517578125,-46.9970703125,1742308704.8942742
1742308704,914221068,-0.009765625,-0.06298828125,0.74267578125,12.451171875,-6.89697265625,-43.51806640625,1742308704.914221
1742308704,934388039,0.01513671875,-0.05078125,0.7265625,8.11767578125,-12.451171875,-40.771484375,1742308704.934388
1742308704,954212899,0.01513671875,-0.064453125,0.7587890625,4.150390625,-18.12744140625,-38.51318359375,1742308704.954213
1742308704,969213088,0.0361328125,-0.0712890625,0.77587890625,2.44140625,-22.705078125,-36.7431640625,1742308704.969213
1742308704,994598074,0.03076171875,-0.06591796875,0.80029296875,1.0986328125,-26.123046875,-35.64453125,1742308704.9945982
1742308705,14161718,0.01904296875,-0.0654296875,0.84814453125,0.79345703125,-28.50341796875,-33.26416015625,1742308705.0141618
1742308705,34180658,0.05712890625,-0.06591796875,0.90380859375,0.48828125,-30.21240234375,-28.4423828125,1742308705.0341806
1742308705,54192910,0.06640625,-0.06396484375,0.93994140625,0.30517578125,-30.09033203125,-24.90234375,1742308705.054193
1742308705,74456137,0.044921875,-0.0634765625,0.9560546875,0.91552734375,-28.4423828125,-21.97265625,1742308705.0744562
1742308705,94146885,0.04150390625,-0.05859375,0.9716796875,1.40380859375,-24.7802734375,-18.49365234375,1742308705.094147
1742308705,114222977,0.06591796875,-0.05419921875,0.9833984375,2.25830078125,-20.69091796875,-14.95361328125,1742308705.114223
1742308705,134587581,0.1123046875,-0.06689453125,1.03173828125,4.08935546875,-14.16015625,-11.90185546875,1742308705.1345875
1742308705,149568410,0.12109375,-0.0615234375,1.0556640625,6.8359375,-7.38525390625,-9.6435546875,1742308705.1495683
1742308705,174666005,0.05615234375,-0.044921875,1.04150390625,8.30078125,-2.5634765625,-4.57763671875,1742308705.174666
1742308705,195246929,0.044921875,-0.02734375,1.05810546875,9.58251953125,1.64794921875,3.96728515625,1742308705.195247
1742308705,214398541,0.07666015625,-0.009765625,1.05078125,9.033203125,6.16455078125,7.62939453125,1742308705.2143986
1742308705,234290089,0.08642578125,-0.01220703125,1.0615234375,6.8359375,11.04736328125,10.009765625,1742308705.2342901
1742308705,254382244,0.01806640625,-0.0166015625,1.09814453125,6.103515625,14.404296875,11.41357421875,1742308705.2543821
1742308705,274290944,-0.05029296875,-0.00537109375,1.1025390625,5.9814453125,16.6015625,11.65771484375,1742308705.274291
1742308705,294264860,-0.0810546875,0.01416015625,1.0830078125,6.04248046875,15.380859375,12.8173828125,1742308705.2942648
1742308705,314201364,-0.0849609375,0.0009765625,1.08837890625,8.85009765625,12.451171875,13.916015625,1742308705.3142014
1742308705,334218572,-0.08935546875,-0.00390625,1.0888671875,12.939453125,8.4228515625,15.2587890625,1742308705.3342185
1742308705,354588104,-0.06396484375,0.00390625,1.03271484375,14.6484375,6.591796875,16.66259765625,1742308705.354588
1742308705,369769228,-0.03173828125,0.01171875,0.94970703125,12.20703125,4.45556640625,17.9443359375,1742308705.3697693
1742308705,394712186,-0.01171875,-0.0107421875,0.89306640625,9.21630859375,2.3193359375,19.83642578125,1742308705.3947122
1742308705,414517424,0.02587890625,-0.03369140625,0.85693359375,6.40869140625,-0.9765625,21.66748046875,1742308705.4145174
1742308705,434470727,0.08056640625,-0.03857421875,0.8115234375,2.99072265625,-2.9296875,23.01025390625,1742308705.4344707
1742308705,454615489,0.0888671875,-0.03759765625,0.76513671875,-2.01416015625,-5.06591796875,23.681640625,1742308705.4546156
1742308705,474278390,0.09765625,-0.0283203125,0.73291015625,-6.89697265625,-7.8125,23.62060546875,1742308705.4742785
1742308705,494427119,0.12109375,-0.04541015625,0.73974609375,-11.65771484375,-12.14599609375,22.4609375,1742308705.4944272
1742308705,514678218,0.12255859375,-0.0751953125,0.7724609375,-14.16015625,-17.9443359375,20.5078125,1742308705.5146782
1742308705,534281086,0.12060546875,-0.09326171875,0.79296875,-15.380859375,-25.0244140625,17.9443359375,1742308705.534281
1742308705,554181397,0.140625,-0.1123046875,0.83056640625,-14.83154296875,-31.55517578125,14.70947265625,1742308705.5541813
1742308705,574230638,0.18603515625,-0.12744140625,0.8935546875,-12.451171875,-36.1328125,9.765625,1742308705.5742307
1742308705,594500585,0.19140625,-0.13134765625,0.94677734375,-9.521484375,-36.80419921875,4.82177734375,1742308705.5945005
1742308705,614469760,0.1875,-0.11474609375,0.970703125,-8.11767578125,-35.46142578125,1.0986328125,1742308705.6144698
1742308705,634938782,0.17724609375,-0.1201171875,0.9873046875,-7.14111328125,-33.38623046875,-2.3193359375,1742308705.6349387
1742308705,654575794,0.18212890625,-0.1181640625,1.02783203125,-5.4931640625,-29.9072265625,-5.92041015625,1742308705.6545758
1742308705,675308498,0.17529296875,-0.1279296875,1.06103515625,-2.5634765625,-25.5126953125,-8.056640625,1742308705.6753085
1742308705,695089672,0.19775390625,-0.1455078125,1.09423828125,1.28173828125,-18.310546875,-10.55908203125,1742308705.6950896
1742308705,709547812,0.20458984375,-0.13134765625,1.0830078125,2.99072265625,-10.8642578125,-12.39013671875,1742308705.7095478
1742308705,734348848,0.1630859375,-0.130859375,1.119140625,3.72314453125,-4.150390625,-14.892578125,1742308705.7343488
1742308705,754381384,0.11572265625,-0.14306640625,1.1640625,6.7138671875,0.8544921875,-15.9912109375,1742308705.7543814
1742308705,774748453,0.09375,-0.13134765625,1.15478515625,10.1318359375,3.0517578125,-15.7470703125,1742308705.7747486
1742308705,794880126,0.08642578125,-0.107421875,1.0703125,11.53564453125,1.52587890625,-14.46533203125,1742308705.7948802
1742308705,814596243,0.076171875,-0.10791015625,1.04736328125,11.65771484375,-3.41796875,-12.02392578125,1742308705.8145962
1742308705,834351881,0.06298828125,-0.12890625,1.05126953125,12.51220703125,-8.72802734375,-9.82666015625,1742308705.8343518
1742308705,854314176,0.044921875,-0.11572265625,1.04443359375,12.939453125,-10.92529296875,-8.9111328125,1742308705.854314
1742308705,874217527,0.03369140625,-0.09423828125,1.03271484375,13.36669921875,-9.27734375,-8.544921875,1742308705.8742175
1742308705,894517171,0.064453125,-0.091796875,1.0341796875,14.34326171875,-4.2724609375,-8.9111328125,1742308705.8945172
1742308705,914333129,0.109375,-0.0947265625,1.0078125,16.4794921875,3.60107421875,-10.19287109375,1742308705.914333
1742308705,934327425,0.12451171875,-0.0771484375,0.9521484375,16.78466796875,10.68115234375,-11.5966796875,1742308705.9343274
1742308705,956569265,0.14453125,-0.06103515625,0.85791015625,14.95361328125,15.869140625,-12.3291015625,1742308705.9565692
1742308705,974948312,0.14501953125,-0.05419921875,0.83056640625,12.8173828125,16.357421875,-12.75634765625,1742308705.9749484
1742308705,996718979,0.13671875,-0.0615234375,0.8056640625,10.80322265625,12.02392578125,-12.63427734375,1742308705.996719
1742308706,14307561,0.14697265625,-0.04541015625,0.77001953125,8.60595703125,7.6904296875,-13.00048828125,1742308706.0143075
1742308706,35086964,0.15771484375,-0.046875,0.74755859375,6.34765625,0.67138671875,-13.427734375,1742308706.0350869
1742308706,54577344,0.1728515625,-0.04541015625,0.72509765625,2.86865234375,-9.033203125,-14.16015625,1742308706.0545774
1742308706,74448945,0.15380859375,-0.05615234375,0.7353515625,-0.67138671875,-20.20263671875,-13.85498046875,1742308706.074449
1742308706,95552988,0.14111328125,-0.06494140625,0.77392578125,-3.173828125,-30.76171875,-11.962890625,1742308706.095553
1742308706,114419754,0.15771484375,-0.06298828125,0.833984375,-4.57763671875,-38.818359375,-9.70458984375,1742308706.1144197
1742308706,134461452,0.1845703125,-0.06494140625,0.89599609375,-4.08935546875,-43.64013671875,-7.38525390625,1742308706.1344614
1742308706,154385347,0.18701171875,-0.056640625,0.95361328125,-2.99072265625,-43.9453125,-5.37109375,1742308706.1543853
1742308706,174868240,0.1748046875,-0.0458984375,0.99267578125,-2.01416015625,-40.95458984375,-1.220703125,1742308706.1748683
1742308706,194304054,0.18115234375,-0.04150390625,1.029296875,-0.732421875,-36.9873046875,4.8828125,1742308706.194304
1742308706,212671827,0.20654296875,-0.001953125,1.0546875,-0.06103515625,-29.35791015625,10.43701171875,1742308706.2126718
1742308706,234255181,0.2021484375,0.02978515625,1.048828125,-0.8544921875,-24.0478515625,12.87841796875,1742308706.234255
1742308706,254090715,0.20703125,0.05224609375,1.056640625,-0.244140625,-17.02880859375,16.54052734375,1742308706.2540908
1742308706,275369208,0.23583984375,0.046875,1.1240234375,0.91552734375,-8.1787109375,20.01953125,1742308706.2753692
1742308706,294224548,0.23291015625,0.03466796875,1.21435546875,3.47900390625,4.2724609375,22.5830078125,1742308706.2942245
1742308706,314251205,0.20654296875,0.03515625,1.2099609375,5.37109375,14.22119140625,24.5361328125,1742308706.3142512
1742308706,334468536,0.13330078125,0.0546875,1.18359375,7.8125,19.95849609375,25.634765625,1742308706.3344686
1742308706,354344714,0.05859375,0.076171875,1.13818359375,10.92529296875,18.73779296875,26.42822265625,1742308706.3543446
1742308706,374694059,0.05419921875,0.10693359375,1.068359375,10.498046875,14.7705078125,27.34375,1742308706.374694
1742308706,394613633,0.072265625,0.126953125,1.02099609375,6.77490234375,11.962890625,28.13720703125,1742308706.3946137
1742308706,414640641,0.07958984375,0.1162109375,0.97802734375,2.50244140625,11.16943359375,29.541015625,1742308706.4146407
1742308706,434303838,0.10400390625,0.08935546875,0.93310546875,-0.67138671875,11.04736328125,31.3720703125,1742308706.4343038
1742308706,454803405,0.1494140625,0.0576171875,0.888671875,-3.0517578125,13.0615234375,32.40966796875,1742308706.4548035
1742308706,474751078,0.15869140625,0.0478515625,0.81298828125,-5.92041015625,15.31982421875,33.0810546875,1742308706.474751
1742308706,494383520,0.1669921875,0.0244140625,0.75,-9.94873046875,16.78466796875,33.63037109375,1742308706.4943836
1742308706,514564207,0.20361328125,-0.00390625,0.73193359375,-13.85498046875,17.88330078125,33.87451171875,1742308706.5145643
1742308706,534383964,0.21240234375,-0.01806640625,0.71875,-18.6767578125,18.06640625,32.53173828125,1742308706.534384
1742308706,554279951,0.19140625,-0.0537109375,0.71923828125,-21.05712890625,16.05224609375,30.2734375,1742308706.55428
1742308706,569909212,0.2158203125,-0.07666015625,0.70068359375,-22.4609375,10.68115234375,27.28271484375,1742308706.569909
1742308706,594285740,0.25537109375,-0.0986328125,0.70849609375,-22.88818359375,3.72314453125,24.0478515625,1742308706.5942857
1742308706,614543363,0.23828125,-0.11181640625,0.73583984375,-22.5830078125,-6.89697265625,20.263671875,1742308706.6145434
1742308706,634567716,0.27099609375,-0.115234375,0.759765625,-21.6064453125,-16.05224609375,16.05224609375,1742308706.6345677
1742308706,654464695,0.310546875,-0.12158203125,0.81884765625,-20.20263671875,-22.8271484375,10.92529296875,1742308706.6544647
1742308706,674484599,0.36376953125,-0.11962890625,0.85546875,-19.53125,-25.390625,4.69970703125,1742308706.6744845
1742308706,694535962,0.35107421875,-0.1357421875,0.9189453125,-18.1884765625,-24.59716796875,-1.3427734375,1742308706.694536
1742308706,714483539,0.3369140625,-0.14794921875,0.9580078125,-16.54052734375,-20.69091796875,-6.40869140625,1742308706.7144835
1742308706,729628528,0.310546875,-0.15625,0.98388671875,-15.31982421875,-17.27294921875,-10.986328125,1742308706.7296286
1742308706,754449164,0.29052734375,-0.158203125,1.00732421875,-12.6953125,-15.13671875,-14.22119140625,1742308706.7544491
1742308706,774492398,0.26123046875,-0.1689453125,1.03369140625,-10.43701171875,-13.48876953125,-17.15087890625,1742308706.7744925
1742308706,794425381,0.27734375,-0.171875,1.0380859375,-8.544921875,-10.68115234375,-18.5546875,1742308706.7944255
1742308706,814362077,0.2998046875,-0.19189453125,1.0888671875,-6.77490234375,-5.43212890625,-20.93505859375,1742308706.814362
1742308706,834926707,0.2490234375,-0.19580078125,1.1357421875,-4.39453125,1.220703125,-23.0712890625,1742308706.8349266
1742308706,854540554,0.17822265625,-0.17236328125,1.14453125,-0.9765625,5.31005859375,-23.0712890625,1742308706.8545406
1742308706,875616371,0.140625,-0.16162109375,1.0908203125,2.13623046875,5.126953125,-21.3623046875,1742308706.8756163
1742308706,894555912,0.083984375,-0.166015625,1.076171875,3.60107421875,0.54931640625,-18.00537109375,1742308706.8945558
1742308706,914388437,0.044921875,-0.18505859375,1.11328125,7.080078125,-4.150390625,-13.73291015625,1742308706.9143884
1742308706,929622107,0.0361328125,-0.1845703125,1.134765625,12.5732421875,-5.859375,-10.07080078125,1742308706.9296222
1742308706,954556866,0.0400390625,-0.1494140625,1.11181640625,15.9912109375,-2.44140625,-8.36181640625,1742308706.954557
1742308706,974524380,0.056640625,-0.119140625,1.068359375,17.2119140625,2.3193359375,-7.62939453125,1742308706.9745245
1742308706,994723694,0.08935546875,-0.099609375,1.0146484375,17.39501953125,8.7890625,-6.89697265625,1742308706.9947238
1742308707,14426671,0.12060546875,-0.10009765625,0.958984375,17.4560546875,13.12255859375,-6.2255859375,1742308707.0144267
1742308707,34732500,0.14990234375,-0.09619140625,0.900390625,17.578125,14.70947265625,-6.16455078125,1742308707.0347326
1742308707,54574923,0.18603515625,-0.06103515625,0.7890625,15.56396484375,13.3056640625,-6.65283203125,1742308707.054575
1742308707,74490986,0.21826171875,-0.0390625,0.74609375,13.12255859375,12.3291015625,-7.01904296875,1742308707.074491
1742308707,94509171,0.22509765625,-0.037109375,0.71240234375,9.09423828125,9.09423828125,-6.591796875,1742308707.0945091
1742308707,114612484,0.224609375,-0.05908203125,0.70166015625,6.4697265625,4.638671875,-6.28662109375,1742308707.1146126
1742308707,134466941,0.232421875,-0.072265625,0.7158203125,5.0048828125,-1.52587890625,-5.37109375,1742308707.134467
1742308707,154491142,0.232421875,-0.0712890625,0.7099609375,4.39453125,-6.65283203125,-5.859375,1742308707.1544912
1742308707,174420006,0.23193359375,-0.0615234375,0.7109375,2.9296875,-14.0380859375,-6.65283203125,1742308707.17442
1742308707,194950496,0.24072265625,-0.0634765625,0.732421875,1.46484375,-20.69091796875,-6.77490234375,1742308707.1949506
1742308707,214485498,0.263671875,-0.0859375,0.8056640625,1.220703125,-25.32958984375,-7.01904296875,1742308707.2144854
1742308707,234566217,0.26025390625,-0.08203125,0.83984375,0.9765625,-27.83203125,-5.55419921875,1742308707.2345662
1742308707,254401568,0.25,-0.09033203125,0.88623046875,2.38037109375,-27.03857421875,-2.86865234375,1742308707.2544017
1742308707,269371938,0.265625,-0.0791015625,0.93701171875,4.33349609375,-23.5595703125,0.0,1742308707.269372
1742308707,294522713,0.25830078125,-0.056640625,0.9580078125,5.79833984375,-18.06640625,2.5634765625,1742308707.2945228
1742308707,314427703,0.25,-0.0341796875,0.98046875,6.40869140625,-10.68115234375,4.7607421875,1742308707.3144276
1742308707,334833541,0.24169921875,-0.0283203125,1.0126953125,6.40869140625,-2.50244140625,5.7373046875,1742308707.3348336
1742308707,355077859,0.25732421875,-0.01953125,1.03125,4.57763671875,7.568359375,5.859375,1742308707.3550777
1742308707,374388456,0.2294921875,-0.05712890625,1.09228515625,4.638671875,16.66259765625,6.591796875,1742308707.3743885
1742308707,394727279,0.2177734375,-0.1005859375,1.20703125,8.7890625,24.7802734375,9.70458984375,1742308707.3947272
1742308707,414354482,0.2314453125,-0.09912109375,1.27587890625,15.68603515625,32.04345703125,11.474609375,1742308707.4143546
1742308707,434534411,0.15625,-0.04248046875,1.21923828125,20.8740234375,34.72900390625,10.7421875,1742308707.4345343
1742308707,454834959,0.09814453125,0.01953125,1.12939453125,22.4609375,30.76171875,10.7421875,1742308707.454835
1742308707,474652644,0.07666015625,0.0537109375,1.07958984375,20.01953125,21.17919921875,10.55908203125,1742308707.4746525
1742308707,494522174,0.07275390625,0.06689453125,1.06787109375,15.68603515625,12.51220703125,10.986328125,1742308707.494522
1742308707,514423068,0.04345703125,0.0556640625,1.04833984375,10.8642578125,6.103515625,12.63427734375,1742308707.5144231
1742308707,534500810,0.07470703125,0.02880859375,1.017578125,5.67626953125,0.8544921875,15.56396484375,1742308707.5345008
1742308707,554566103,0.12646484375,0.0048828125,0.96728515625,3.23486328125,-1.15966796875,17.15087890625,1742308707.5545661
1742308707,574731918,0.16259765625,-0.02001953125,0.9140625,1.708984375,-1.28173828125,18.12744140625,1742308707.5747318
1742308707,595737622,0.1787109375,-0.05029296875,0.857421875,0.48828125,-0.54931640625,18.798828125,1742308707.5957377
1742308707,614427134,0.22119140625,-0.0546875,0.7841796875,-1.3427734375,0.06103515625,19.1650390625,1742308707.614427
1742308707,634369376,0.2626953125,-0.060546875,0.7392578125,-2.685546875,1.3427734375,17.76123046875,1742308707.6343694
1742308707,654399722,0.28466796875,-0.09619140625,0.7333984375,-3.7841796875,1.77001953125,15.13671875,1742308707.6543996
1742308707,674743954,0.27734375,-0.11376953125,0.7119140625,-3.84521484375,0.42724609375,13.0615234375,1742308707.674744
1742308707,694557415,0.2861328125,-0.11181640625,0.6953125,-5.126953125,-3.2958984375,9.521484375,1742308707.6945574
1742308707,714641110,0.2890625,-0.13232421875,0.703125,-7.2021484375,-8.1787109375,5.37109375,1742308707.714641
1742308707,734365794,0.2783203125,-0.14501953125,0.71875,-7.75146484375,-15.07568359375,0.30517578125,1742308707.7343657
1742308707,754397132,0.306640625,-0.16455078125,0.75732421875,-7.38525390625,-22.15576171875,-5.31005859375,1742308707.7543972
1742308707,774712369,0.333984375,-0.1630859375,0.79052734375,-6.65283203125,-27.52685546875,-11.04736328125,1742308707.7747123
1742308707,794424380,0.35693359375,-0.16845703125,0.84326171875,-5.79833984375,-29.11376953125,-17.76123046875,1742308707.7944243
1742308707,814733569,0.357421875,-0.17822265625,0.90869140625,-5.31005859375,-26.91650390625,-26.0009765625,1742308707.8147335
1742308707,835308799,0.33203125,-0.18896484375,0.9482421875,-4.638671875,-22.64404296875,-33.26416015625,1742308707.8353088
1742308707,854247456,0.3115234375,-0.19482421875,0.9765625,-3.96728515625,-18.49365234375,-40.283203125,1742308707.8542476
1742308707,875461116,0.2900390625,-0.2041015625,0.994140625,-3.60107421875,-15.380859375,-45.8984375,1742308707.875461
1742308707,895397501,0.298828125,-0.20556640625,1.01708984375,-4.21142578125,-12.63427734375,-50.048828125,1742308707.8953974
1742308707,914528624,0.28857421875,-0.20361328125,1.0576171875,-5.37109375,-8.30078125,-54.38232421875,1742308707.9145286
1742308707,934438766,0.236328125,-0.21630859375,1.14599609375,-5.79833984375,-0.732421875,-57.43408203125,1742308707.9344387
1742308707,954390448,0.189453125,-0.2607421875,1.2529296875,-3.5400390625,8.36181640625,-57.06787109375,1742308707.9543905
1742308707,974346899,0.17529296875,-0.24755859375,1.2119140625,-2.3193359375,15.56396484375,-57.12890625,1742308707.9743469
1742308707,994444227,0.12451171875,-0.232421875,1.14404296875,-2.197265625,17.9443359375,-58.2275390625,1742308707.9944441
1742308708,14438379,0.11083984375,-0.2333984375,1.10302734375,-2.99072265625,14.95361328125,-58.65478515625,1742308708.0144384
1742308708,34391128,0.11669921875,-0.2236328125,1.09228515625,-3.11279296875,11.71875,-60.24169921875,1742308708.0343912
1742308708,54450767,0.09814453125,-0.20458984375,1.052734375,-3.60107421875,11.77978515625,-61.767578125,1742308708.0544508
1742308708,74927150,0.10595703125,-0.20703125,1.025390625,-3.90625,14.5263671875,-62.744140625,1742308708.074927
1742308708,94661542,0.11962890625,-0.185546875,0.966796875,-3.7841796875,18.06640625,-64.8193359375,1742308708.0946615
1742308708,123978881,0.126953125,-0.1640625,0.875,-3.2958984375,21.728515625,-66.10107421875,1742308708.1239789
1742308708,132642092,0.12109375,-0.13330078125,0.810546875,-3.23486328125,21.1181640625,-66.2841796875,1742308708.132642
1742308708,154422085,0.13818359375,-0.109375,0.74560546875,-3.35693359375,19.22607421875,-66.2841796875,1742308708.154422
1742308708,169774435,0.15478515625,-0.0966796875,0.70947265625,-3.72314453125,16.11328125,-67.07763671875,1742308708.1697745
1742308708,194412263,0.1259765625,-0.08740234375,0.6826171875,-5.06591796875,11.65771484375,-66.34521484375,1742308708.1944122
1742308708,214611179,0.12890625,-0.0859375,0.67626953125,-5.92041015625,7.9345703125,-65.7958984375,1742308708.2146113
1742308708,234407210,0.14306640625,-0.09326171875,0.6943359375,-6.34765625,4.21142578125,-65.185546875,1742308708.2344072
1742308708,254437342,0.1533203125,-0.1025390625,0.70166015625,-6.591796875,1.28173828125,-64.5751953125,1742308708.2544374
1742308708,274444592,0.154296875,-0.09814453125,0.7373046875,-6.8359375,-1.64794921875,-62.6220703125,1742308708.2744446
1742308708,294468260,0.173828125,-0.11279296875,0.7783203125,-7.01904296875,-3.84521484375,-59.9365234375,1742308708.2944682
1742308708,314492312,0.18505859375,-0.11328125,0.83837890625,-7.26318359375,-3.7841796875,-57.06787109375,1742308708.3144922
1742308708,334556687,0.1943359375,-0.10400390625,0.89013671875,-7.01904296875,-3.23486328125,-54.0771484375,1742308708.3345566
1742308708,354522270,0.1923828125,-0.08203125,0.93017578125,-6.04248046875,-2.38037109375,-50.96435546875,1742308708.3545222
1742308708,375419075,0.1728515625,-0.05322265625,0.95361328125,-5.859375,-0.8544921875,-47.9736328125,1742308708.3754191
1742308708,394616362,0.15625,-0.04248046875,0.99755859375,-7.4462890625,1.220703125,-44.73876953125,1742308708.3946164
1742308708,414609275,0.150390625,-0.0390625,1.03955078125,-10.009765625,3.35693359375,-42.236328125,1742308708.4146092
1742308708,434482112,0.16650390625,-0.03515625,1.07470703125,-11.8408203125,6.591796875,-40.83251953125,1742308708.434482
1742308708,454309442,0.18115234375,-0.046875,1.103515625,-11.5966796875,9.46044921875,-39.4287109375,1742308708.4543095
1742308708,475069467,0.1904296875,-0.046875,1.14111328125,-10.07080078125,11.8408203125,-38.63525390625,1742308708.4750695
1742308708,494501079,0.16162109375,-0.05859375,1.1923828125,-6.65283203125,15.31982421875,-38.75732421875,1742308708.494501
1742308708,514416225,0.13037109375,-0.06591796875,1.265625,-3.173828125,20.5078125,-38.818359375,1742308708.5144162
1742308708,534385679,0.1083984375,-0.0361328125,1.2646484375,-1.46484375,24.90234375,-39.6728515625,1742308708.5343857
1742308708,554201456,0.04736328125,0.00634765625,1.23486328125,-0.79345703125,23.92578125,-40.771484375,1742308708.5542014
1742308708,574608103,0.00439453125,0.04296875,1.20849609375,-1.220703125,19.1650390625,-40.46630859375,1742308708.574608
1742308708,594499535,0.00244140625,0.07080078125,1.208984375,-4.638671875,13.61083984375,-39.73388671875,1742308708.5944996
1742308708,614533987,0.00927734375,0.072265625,1.146484375,-8.6669921875,7.38525390625,-39.6728515625,1742308708.614534
1742308708,635651870,0.03369140625,0.06298828125,1.064453125,-11.53564453125,1.15966796875,-40.6494140625,1742308708.6356518
1742308708,655878149,0.07861328125,0.03564453125,0.99267578125,-14.404296875,-8.72802734375,-40.95458984375,1742308708.655878
1742308708,670745845,0.10986328125,0.00244140625,0.94384765625,-16.29638671875,-15.93017578125,-41.259765625,1742308708.6707458
1742308708,695367032,0.14501953125,-0.01806640625,0.900390625,-17.822265625,-19.34814453125,-41.19873046875,1742308708.695367
1742308708,714396046,0.17919921875,-0.021484375,0.86181640625,-19.22607421875,-18.00537109375,-41.259765625,1742308708.714396
1742308708,734386335,0.19775390625,-0.03173828125,0.82568359375,-20.1416015625,-13.7939453125,-41.015625,1742308708.7343864
1742308708,754481946,0.2216796875,-0.0439453125,0.8076171875,-19.04296875,-9.21630859375,-39.85595703125,1742308708.754482
1742308708,774596918,0.25537109375,-0.0244140625,0.72509765625,-18.1884765625,-5.859375,-38.63525390625,1742308708.774597
1742308708,794490270,0.26025390625,-0.02197265625,0.70849609375,-16.357421875,-6.04248046875,-37.65869140625,1742308708.7944903
1742308708,812509430,0.2607421875,-0.0146484375,0.69580078125,-16.05224609375,-7.6904296875,-37.109375,1742308708.8125095
1742308708,834583849,0.27392578125,-0.0126953125,0.7109375,-15.625,-10.7421875,-37.17041015625,1742308708.8345838
1742308708,854563545,0.287109375,0.00830078125,0.72607421875,-15.869140625,-14.5263671875,-38.02490234375,1742308708.8545635
1742308708,874629457,0.296875,0.01708984375,0.7607421875,-16.29638671875,-18.310546875,-39.4287109375,1742308708.8746295
1742308708,894776048,0.31298828125,0.0126953125,0.798828125,-18.73779296875,-21.78955078125,-42.29736328125,1742308708.894776
1742308708,914384253,0.31298828125,-0.00244140625,0.8486328125,-20.93505859375,-25.08544921875,-46.2646484375,1742308708.9143844
1742308708,934557151,0.29541015625,-0.0244140625,0.9130859375,-22.88818359375,-27.52685546875,-49.37744140625,1742308708.9345572
1742308708,954393441,0.2978515625,-0.044921875,0.94384765625,-23.4375,-27.7099609375,-51.7578125,1742308708.9543934
1742308708,974636137,0.294921875,-0.056640625,0.97802734375,-23.8037109375,-27.28271484375,-53.955078125,1742308708.974636
1742308708,994592215,0.28369140625,-0.06298828125,1.0205078125,-24.169921875,-26.123046875,-55.60302734375,1742308708.9945922
1742308709,9623590,0.28076171875,-0.07666015625,1.04638671875,-24.71923828125,-23.681640625,-56.70166015625,1742308709.0096235
1742308709,34754135,0.30615234375,-0.091796875,1.05322265625,-24.96337890625,-18.98193359375,-57.80029296875,1742308709.034754
1742308709,54572741,0.31005859375,-0.10498046875,1.11328125,-24.2919921875,-11.71875,-59.6923828125,1742308709.0545728
1742308709,74726320,0.2890625,-0.1611328125,1.25146484375,-20.3857421875,-0.67138671875,-58.77685546875,1742308709.0747263
1742308709,94665513,0.25244140625,-0.18212890625,1.26123046875,-14.58740234375,10.009765625,-56.640625,1742308709.0946655
1742308709,114640933,0.216796875,-0.14697265625,1.14599609375,-11.3525390625,17.333984375,-56.57958984375,1742308709.114641
1742308709,134607679,0.16455078125,-0.15625,1.11181640625,-10.80322265625,18.5546875,-56.45751953125,1742308709.1346078
1742308709,156097893,0.1396484375,-0.17919921875,1.10205078125,-9.33837890625,15.68603515625,-55.96923828125,1742308709.156098
1742308709,174579737,0.142578125,-0.17822265625,1.0732421875,-5.9814453125,13.61083984375,-56.21337890625,1742308709.1745796
1742308709,194724388,0.138671875,-0.17626953125,1.0380859375,-3.47900390625,13.12255859375,-56.15234375,1742308709.1947243
1742308709,214562963,0.13916015625,-0.16162109375,0.9892578125,-1.40380859375,15.380859375,-57.43408203125,1742308709.214563
1742308709,234468936,0.14013671875,-0.14990234375,0.94775390625,0.0,18.06640625,-58.10546875,1742308709.234469
1742308709,254700987,0.140625,-0.1083984375,0.88037109375,2.13623046875,19.775390625,-57.12890625,1742308709.254701
1742308709,274787169,0.16015625,-0.0869140625,0.8173828125,4.0283203125,18.98193359375,-55.23681640625,1742308709.2747872
1742308709,294622448,0.17041015625,-0.0634765625,0.75048828125,4.82177734375,15.93017578125,-53.64990234375,1742308709.2946224
1742308709,314691636,0.1611328125,-0.0234375,0.68408203125,2.62451171875,10.25390625,-50.9033203125,1742308709.3146915
1742308709,334812477,0.1865234375,0.0107421875,0.6376953125,-1.64794921875,4.8828125,-48.64501953125,1742308709.3348124
1742308709,355329322,0.19287109375,0.0048828125,0.638671875,-5.67626953125,-1.0986328125,-46.44775390625,1742308709.3553293
1742308709,374584484,0.20849609375,-0.0068359375,0.630859375,-7.26318359375,-7.6904296875,-44.0673828125,1742308709.3745844
1742308709,394652744,0.2470703125,-0.01171875,0.658203125,-9.8876953125,-13.427734375,-41.56494140625,1742308709.3946528
1742308709,414897373,0.26171875,-0.0185546875,0.70361328125,-11.8408203125,-16.7236328125,-38.75732421875,1742308709.4148974
1742308709,434589695,0.2763671875,-0.037109375,0.79541015625,-11.90185546875,-16.54052734375,-35.46142578125,1742308709.4345896
1742308709,454540760,0.31298828125,-0.0458984375,0.88330078125,-9.58251953125,-12.26806640625,-31.25,1742308709.4545407
1742308709,475630073,0.32958984375,-0.0322265625,0.93408203125,-6.7138671875,-5.4931640625,-26.67236328125,1742308709.47563
1742308709,494961082,0.30224609375,-0.00439453125,0.9443359375,-3.60107421875,0.1220703125,-22.216796875,1742308709.494961
1742308709,515033119,0.2705078125,0.01806640625,0.958984375,-2.3193359375,3.662109375,-17.39501953125,1742308709.515033
1742308709,534616471,0.2568359375,0.0390625,0.98681640625,-3.11279296875,5.859375,-11.53564453125,1742308709.5346165
1742308709,554300568,0.2705078125,0.06298828125,1.0234375,-4.638671875,7.6904296875,-7.01904296875,1742308709.5543005
1742308709,574783874,0.2705078125,0.0859375,1.0478515625,-7.32421875,9.94873046875,-3.662109375,1742308709.5747838
1742308709,594665621,0.22021484375,0.08251953125,1.0888671875,-8.23974609375,10.498046875,-1.03759765625,1742308709.5946655
1742308709,614909641,0.2216796875,0.07373046875,1.16552734375,-6.591796875,11.90185546875,2.62451171875,1742308709.6149096
1742308709,634743032,0.2021484375,0.080078125,1.220703125,-4.8828125,17.578125,6.16455078125,1742308709.634743
1742308709,654453371,0.1416015625,0.0908203125,1.22900390625,-3.23486328125,22.216796875,8.9111328125,1742308709.6544533
1742308709,674698511,0.06591796875,0.12158203125,1.19921875,-2.86865234375,21.484375,11.474609375,1742308709.6746986
1742308709,694840250,0.03369140625,0.1474609375,1.19775390625,-5.7373046875,17.7001953125,14.0380859375,1742308709.6948402
1742308709,714604771,0.0009765625,0.158203125,1.1923828125,-10.31494140625,14.34326171875,16.41845703125,1742308709.7146049
1742308709,734726988,0.01123046875,0.15673828125,1.1748046875,-12.3291015625,11.04736328125,18.73779296875,1742308709.734727
1742308709,754883512,0.0087890625,0.13330078125,1.126953125,-11.90185546875,7.01904296875,19.83642578125,1742308709.7548835
1742308709,775702272,0.0458984375,0.10546875,1.05224609375,-10.31494140625,1.953125,20.56884765625,1742308709.7757022
1742308709,794852817,0.09716796875,0.08642578125,0.9794921875,-9.21630859375,-0.67138671875,20.44677734375,1742308709.7948527
1742308709,814555092,0.134765625,0.07421875,0.8974609375,-8.6669921875,-2.197265625,20.5078125,1742308709.8145552
1742308709,830207430,0.16259765625,0.06103515625,0.8076171875,-8.9111328125,-2.13623046875,20.751953125,1742308709.8302073
1742308709,854588819,0.1904296875,0.05908203125,0.7392578125,-10.43701171875,-1.89208984375,19.71435546875,1742308709.8545887
1742308709,874668536,0.1923828125,0.04541015625,0.7099609375,-13.12255859375,-0.79345703125,19.34814453125,1742308709.8746686
1742308709,891213819,0.2021484375,0.01318359375,0.69287109375,-15.0146484375,-1.46484375,20.32470703125,1742308709.891214
1742308709,914662323,0.216796875,-0.0029296875,0.66650390625,-16.29638671875,-5.18798828125,20.5078125,1742308709.9146624
1742308709,935789496,0.224609375,-0.021484375,0.66552734375,-16.78466796875,-10.1318359375,20.32470703125,1742308709.9357896
1742308709,954549669,0.26708984375,-0.03662109375,0.68212890625,-16.29638671875,-17.51708984375,20.1416015625,1742308709.9545496
1742308709,974761142,0.27685546875,-0.0439453125,0.75048828125,-14.16015625,-26.123046875,18.73779296875,1742308709.9747612
1742308709,994632616,0.314453125,-0.056640625,0.8232421875,-10.498046875,-30.57861328125,16.845703125,1742308709.9946327
1742308710,14546433,0.35693359375,-0.037109375,0.88525390625,-8.30078125,-29.84619140625,14.58740234375,1742308710.0145464
1742308710,34593393,0.40380859375,-0.01513671875,0.89404296875,-7.4462890625,-26.18408203125,11.474609375,1742308710.0345933
1742308710,54559482,0.4140625,0.0029296875,0.89892578125,-8.48388671875,-23.0712890625,8.7890625,1742308710.0545595
1742308710,74615211,0.3974609375,0.0009765625,0.92529296875,-10.31494140625,-19.775390625,6.8359375,1742308710.0746152
1742308710,94671068,0.38232421875,-0.00732421875,0.9521484375,-12.39013671875,-18.12744140625,4.45556640625,1742308710.094671
1742308710,114766896,0.359375,0.01611328125,0.92431640625,-14.95361328125,-17.39501953125,2.62451171875,1742308710.1147668
1742308710,134702198,0.33935546875,0.009765625,0.9521484375,-17.9443359375,-16.357421875,0.48828125,1742308710.1347022
1742308710,149722857,0.369140625,-0.02099609375,1.0107421875,-18.00537109375,-13.97705078125,-0.9765625,1742308710.1497228
1742308710,174696269,0.3662109375,-0.0361328125,1.05908203125,-15.13671875,-8.7890625,-2.01416015625,1742308710.1746962
1742308710,194879049,0.33740234375,-0.0244140625,1.1337890625,-11.77978515625,-0.3662109375,-1.3427734375,1742308710.194879
1742308710,214619646,0.27392578125,-0.0546875,1.28369140625,-4.638671875,11.53564453125,2.44140625,1742308710.2146196
1742308710,235228832,0.2119140625,-0.06982421875,1.28076171875,2.99072265625,21.728515625,6.9580078125,1742308710.2352288
1742308710,254768131,0.1298828125,-0.03759765625,1.1591796875,7.14111328125,21.78955078125,10.1318359375,1742308710.2547681
1742308710,274757774,0.076171875,-0.03271484375,1.109375,8.60595703125,13.7939453125,11.90185546875,1742308710.2747579
1742308710,294745433,0.0498046875,-0.05322265625,1.1328125,10.31494140625,4.7607421875,14.0380859375,1742308710.2947454
1742308710,314708834,0.044921875,-0.06494140625,1.1044921875,13.24462890625,-3.96728515625,17.02880859375,1742308710.314709
1742308710,329872225,0.06787109375,-0.04296875,1.048828125,15.869140625,-8.4228515625,18.6767578125,1742308710.3298721
1742308710,355174210,0.10302734375,-0.02978515625,0.99658203125,17.9443359375,-9.521484375,20.08056640625,1742308710.3551743
1742308710,374767114,0.13037109375,-0.02197265625,0.9599609375,19.95849609375,-6.9580078125,22.4609375,1742308710.374767
1742308710,394810778,0.16064453125,-0.0048828125,0.888671875,20.6298828125,-1.03759765625,25.20751953125,1742308710.3948107
1742308710,414735327,0.18603515625,0.01123046875,0.82080078125,19.95849609375,3.90625,27.83203125,1742308710.4147353
1742308710,430220283,0.19970703125,0.02734375,0.72705078125,18.49365234375,5.55419921875,29.9072265625,1742308710.4302204
1742308710,455747377,0.19482421875,0.033203125,0.67822265625,16.4794921875,4.150390625,32.16552734375,1742308710.4557474
1742308710,474737347,0.193359375,0.0146484375,0.66162109375,14.70947265625,-0.6103515625,34.5458984375,1742308710.4747374
1742308710,494699468,0.21826171875,0.0126953125,0.65087890625,13.671875,-5.43212890625,36.19384765625,1742308710.4946995
1742308710,514958446,0.22265625,0.00830078125,0.64453125,12.6953125,-11.71875,37.65869140625,1742308710.5149584
1742308710,534899221,0.24462890625,0.01953125,0.6455078125,10.3759765625,-16.4794921875,38.63525390625,1742308710.5348992
1742308710,549984301,0.2626953125,0.001953125,0.693359375,8.11767578125,-18.6767578125,40.22216796875,1742308710.5499842
1742308710,575638862,0.28466796875,-0.0166015625,0.7626953125,7.62939453125,-18.6767578125,41.68701171875,1742308710.5756388
1742308710,594821490,0.30712890625,-0.02880859375,0.818359375,8.30078125,-15.380859375,43.15185546875,1742308710.5948215
1742308710,614827518,0.33935546875,-0.0322265625,0.84814453125,9.033203125,-11.65771484375,44.677734375,1742308710.6148276
1742308710,634636953,0.34375,-0.02099609375,0.87744140625,9.1552734375,-7.6904296875,47.18017578125,1742308710.6346369
1742308710,655101550,0.314453125,-0.0224609375,0.9326171875,9.6435546875,-5.67626953125,50.537109375,1742308710.6551015
1742308710,674808576,0.28173828125,-0.03125,0.9912109375,10.498046875,-4.94384765625,52.8564453125,1742308710.6748085
1742308710,694754791,0.23876953125,-0.052734375,1.08740234375,12.5732421875,-5.9814453125,54.5654296875,1742308710.6947548
1742308710,714730449,0.20068359375,-0.06201171875,1.119140625,16.11328125,-6.53076171875,55.7861328125,1742308710.7147305
1742308710,735172388,0.1904296875,-0.07177734375,1.1513671875,21.17919921875,-8.056640625,59.4482421875,1742308710.7351723
1742308710,749804468,0.25927734375,-0.05517578125,1.255859375,26.4892578125,-2.5634765625,61.70654296875,1742308710.7498045
1742308710,775677704,0.2431640625,0.00048828125,1.30419921875,30.029296875,8.72802734375,61.279296875,1742308710.7756777
1742308710,794767428,0.13037109375,0.0615234375,1.2265625,29.052734375,17.27294921875,62.6220703125,1742308710.7947674
1742308710,814674151,0.06884765625,0.09033203125,1.1943359375,26.7333984375,19.34814453125,64.39208984375,1742308710.8146741
1742308710,834735160,0.0146484375,0.0869140625,1.1640625,23.74267578125,14.70947265625,65.49072265625,1742308710.8347352
1742308710,855307287,-0.0048828125,0.09814453125,1.1025390625,21.240234375,8.36181640625,68.4814453125,1742308710.8553073
1742308710,874837017,-0.01171875,0.10546875,1.041015625,17.333984375,-0.18310546875,71.83837890625,1742308710.874837
1742308710,894779680,0.03369140625,0.09423828125,0.9833984375,13.671875,-7.8125,73.66943359375,1742308710.8947797
1742308710,914740296,0.10498046875,0.07177734375,0.93896484375,12.0849609375,-10.6201171875,74.70703125,1742308710.9147403
1742308710,929945835,0.15869140625,0.04931640625,0.90869140625,11.77978515625,-7.01904296875,76.171875,1742308710.929946
1742308710,954749441,0.21240234375,0.03662109375,0.83740234375,11.04736328125,0.0,77.1484375,1742308710.9547493
1742308710,975054152,0.25048828125,0.0283203125,0.79296875,7.99560546875,5.31005859375,77.1484375,1742308710.9750543
1742308710,994781723,0.25732421875,0.0166015625,0.74853515625,6.103515625,9.94873046875,75.86669921875,1742308710.9947817
1742308711,10647334,0.2607421875,0.00244140625,0.71728515625,3.72314453125,12.3291015625,74.70703125,1742308711.0106473
1742308711,29971944,0.2685546875,-0.0205078125,0.7060546875,1.46484375,11.41357421875,71.96044921875,1742308711.0299718
1742308711,54619828,0.2529296875,-0.05322265625,0.693359375,-0.1220703125,6.4697265625,69.3359375,1742308711.0546198
1742308711,74666355,0.26806640625,-0.05517578125,0.67431640625,-2.01416015625,-1.46484375,66.162109375,1742308711.0746663
1742308711,94720819,0.2958984375,-0.06982421875,0.7021484375,-3.60107421875,-9.521484375,61.5234375,1742308711.0947208
1742308711,115108880,0.3310546875,-0.0712890625,0.7470703125,-3.47900390625,-15.56396484375,55.23681640625,1742308711.115109
1742308711,134621313,0.3740234375,-0.07666015625,0.80078125,-3.2958984375,-18.24951171875,48.03466796875,1742308711.1346214
1742308711,154767241,0.36669921875,-0.087890625,0.84423828125,-3.96728515625,-18.6767578125,41.19873046875,1742308711.1547673
1742308711,174857900,0.37255859375,-0.10986328125,0.9091796875,-4.5166015625,-18.4326171875,35.0341796875,1742308711.1748579
1742308711,194840870,0.357421875,-0.1240234375,0.96337890625,-4.8828125,-17.02880859375,28.99169921875,1742308711.194841
1742308711,215059412,0.328125,-0.14892578125,1.021484375,-3.96728515625,-15.625,22.76611328125,1742308711.2150595
1742308711,234766519,0.30859375,-0.14697265625,1.0400390625,-2.74658203125,-16.2353515625,18.1884765625,1742308711.2347665
1742308711,254757361,0.28271484375,-0.166015625,1.07373046875,-1.89208984375,-17.08984375,13.61083984375,1742308711.2547574
1742308711,269851814,0.27490234375,-0.16796875,1.08984375,-1.64794921875,-17.9443359375,10.6201171875,1742308711.269852
1742308711,294771113,0.296875,-0.1884765625,1.1328125,0.91552734375,-16.845703125,7.6904296875,1742308711.2947712
1742308711,319721871,0.28271484375,-0.205078125,1.326171875,12.20703125,-4.33349609375,7.2021484375,1742308711.319722
1742308711,331672245,0.24267578125,-0.2138671875,1.34912109375,16.9677734375,1.64794921875,8.30078125,1742308711.3316722
1742308711,351434556,0.15576171875,-0.16845703125,1.26416015625,22.0947265625,11.90185546875,11.3525390625,1742308711.3514345
1742308711,374884032,0.09326171875,-0.12255859375,1.15673828125,21.97265625,13.7939453125,13.36669921875,1742308711.3748841
1742308711,389950515,0.05712890625,-0.11376953125,1.11572265625,20.44677734375,9.09423828125,14.95361328125,1742308711.3899505
1742308711,415164943,0.04931640625,-0.1171875,1.10498046875,20.99609375,2.685546875,16.7236328125,1742308711.415165
1742308711,429807261,0.06982421875,-0.09912109375,1.05029296875,22.3388671875,-3.84521484375,19.04296875,1742308711.4298072
1742308711,449821466,0.1220703125,-0.08740234375,1.0126953125,24.47509765625,-7.2021484375,19.95849609375,1742308711.4498215
1742308711,475739187,0.15380859375,-0.05859375,0.94921875,26.123046875,-6.2255859375,19.287109375,1742308711.4757392
1742308711,495057716,0.171875,-0.029296875,0.884765625,25.20751953125,-2.197265625,18.06640625,1742308711.4950578
1742308711,511447864,0.17578125,-0.03271484375,0.8134765625,22.94921875,2.25830078125,18.24951171875,1742308711.511448
1742308711,535242266,0.203125,-0.037109375,0.7392578125,20.81298828125,3.47900390625,18.73779296875,1742308711.5352423
1742308711,550009907,0.21484375,-0.03173828125,0.6806640625,18.98193359375,-0.3662109375,18.798828125,1742308711.55001
1742308711,574875922,0.2275390625,-0.0234375,0.64013671875,17.39501953125,-5.4931640625,18.4326171875,1742308711.5748758
1742308711,594620599,0.2333984375,-0.02001953125,0.6240234375,15.0146484375,-11.474609375,18.37158203125,1742308711.5946207
1742308711,614780320,0.2685546875,-0.029296875,0.63671875,13.427734375,-17.63916015625,18.06640625,1742308711.6147804
1742308711,634749977,0.29345703125,-0.037109375,0.65673828125,12.0849609375,-20.20263671875,16.6015625,1742308711.63475
1742308711,656740832,0.32373046875,-0.048828125,0.68115234375,10.80322265625,-20.8740234375,16.17431640625,1742308711.656741
1742308711,674801076,0.35400390625,-0.07421875,0.7255859375,9.6435546875,-19.83642578125,15.93017578125,1742308711.674801
1742308711,694854580,0.3603515625,-0.0966796875,0.76953125,8.30078125,-17.39501953125,16.2353515625,1742308711.6948545
1742308711,714900947,0.36376953125,-0.10205078125,0.8115234375,7.38525390625,-15.13671875,17.4560546875,1742308711.714901
1742308711,734804358,0.365234375,-0.11328125,0.8720703125,7.14111328125,-12.63427734375,18.98193359375,1742308711.7348044
1742308711,754805730,0.34521484375,-0.1142578125,0.95263671875,9.3994140625,-10.25390625,19.71435546875,1742308711.7548058
1742308711,774845953,0.30908203125,-0.1015625,0.9912109375,11.90185546875,-8.11767578125,19.6533203125,1742308711.7748458
1742308711,794863806,0.31201171875,-0.07275390625,0.9873046875,12.02392578125,-6.4697265625,19.8974609375,1742308711.7948637
1742308711,814710284,0.306640625,-0.05859375,1.0029296875,11.04736328125,-5.0048828125,20.99609375,1742308711.8147104
1742308711,834958237,0.27734375,-0.04345703125,1.0322265625,8.85009765625,-2.38037109375,21.91162109375,1742308711.8349583
1742308711,854840398,0.28515625,-0.0595703125,1.12939453125,8.7890625,3.5400390625,23.0712890625,1742308711.8548405
1742308711,874795621,0.3037109375,-0.08349609375,1.29443359375,13.3056640625,15.7470703125,22.76611328125,1742308711.8747957
1742308711,894878920,0.267578125,-0.05322265625,1.34912109375,20.93505859375,30.1513671875,21.30126953125,1742308711.8948789
1742308711,914864418,0.18701171875,0.02734375,1.26123046875,24.90234375,37.04833984375,20.01953125,1742308711.9148643
1742308711,934836347,0.11279296875,0.09814453125,1.15185546875,25.57373046875,34.1796875,19.47021484375,1742308711.9348364
1742308711,956563595,0.03076171875,0.12646484375,1.08056640625,22.76611328125,19.83642578125,21.17919921875,1742308711.9565637
1742308711,974886518,0.00634765625,0.146484375,1.03271484375,19.4091796875,5.67626953125,24.169921875,1742308711.9748864
1742308711,994863183,0.01220703125,0.15283203125,0.96728515625,13.61083984375,-8.23974609375,27.28271484375,1742308711.9948633
1742308712,10831261,0.0654296875,0.13818359375,0.93505859375,7.75146484375,-15.80810546875,31.6162109375,1742308712.0108314
1742308712,34925601,0.12939453125,0.10791015625,0.89501953125,3.2958984375,-15.19775390625,35.2783203125,1742308712.0349257
1742308712,54814948,0.2041015625,0.0703125,0.8681640625,0.30517578125,-8.11767578125,38.02490234375,1742308712.054815
1742308712,75267958,0.23486328125,0.03271484375,0.81591796875,-1.3427734375,1.15966796875,41.68701171875,1742308712.075268
1742308712,94787258,0.28173828125,0.00830078125,0.75244140625,-3.60107421875,10.7421875,45.34912109375,1742308712.0947874
1742308712,114877710,0.3125,-0.0234375,0.716796875,-7.14111328125,19.34814453125,47.18017578125,1742308712.1148777
1742308712,135055305,0.31591796875,-0.04443359375,0.70166015625,-9.521484375,25.93994140625,47.607421875,1742308712.1350553
1742308712,155059766,0.3271484375,-0.06396484375,0.6923828125,-11.5966796875,27.03857421875,46.20361328125,1742308712.1550598
1742308712,174775243,0.28662109375,-0.0771484375,0.68798828125,-14.46533203125,22.76611328125,42.724609375,1742308712.1747754
1742308712,194843933,0.2705078125,-0.08203125,0.6962890625,-15.7470703125,10.80322265625,39.12353515625,1742308712.194844
1742308712,215280878,0.2890625,-0.0859375,0.71728515625,-15.869140625,-3.96728515625,34.24072265625,1742308712.2152808
1742308712,235214229,0.30126953125,-0.09130859375,0.771484375,-14.5263671875,-18.12744140625,27.587890625,1742308712.2352142
1742308712,254779037,0.3369140625,-0.10888671875,0.86767578125,-11.71875,-28.076171875,20.56884765625,1742308712.254779
1742308712,275536073,0.3642578125,-0.1064453125,0.92529296875,-9.58251953125,-33.75244140625,13.3056640625,1742308712.275536
1742308712,294688878,0.35986328125,-0.08984375,0.93701171875,-8.6669921875,-35.2783203125,6.2255859375,1742308712.294689
1742308712,314769217,0.34619140625,-0.107421875,0.9853515625,-8.7890625,-34.423828125,0.18310546875,1742308712.3147693
1742308712,334716297,0.3466796875,-0.12744140625,1.02001953125,-7.87353515625,-32.28759765625,-5.2490234375,1742308712.3347163
1742308712,355076948,0.333984375,-0.150390625,1.0556640625,-6.04248046875,-28.9306640625,-10.6201171875,1742308712.355077
1742308712,374840876,0.32958984375,-0.15283203125,1.0537109375,-5.43212890625,-24.71923828125,-14.892578125,1742308712.374841
1742308712,394709358,0.3623046875,-0.14794921875,1.0517578125,-5.126953125,-19.34814453125,-18.00537109375,1742308712.3947093
1742308712,410457398,0.3564453125,-0.17626953125,1.1494140625,-3.60107421875,-9.8876953125,-20.99609375,1742308712.4104574
1742308712,434721288,0.2978515625,-0.2099609375,1.2978515625,3.173828125,3.35693359375,-20.20263671875,1742308712.4347212
1742308712,454810044,0.21728515625,-0.19970703125,1.27294921875,9.82666015625,15.68603515625,-17.02880859375,1742308712.4548101
1742308712,475211370,0.18603515625,-0.17041015625,1.16455078125,13.12255859375,20.6298828125,-16.54052734375,1742308712.4752114
1742308712,494772561,0.10986328125,-0.169921875,1.130859375,14.34326171875,18.310546875,-16.9677734375,1742308712.4947727
1742308712,514680246,0.05712890625,-0.16357421875,1.10693359375,15.5029296875,12.451171875,-15.2587890625,1742308712.5146801
1742308712,535701624,0.07568359375,-0.12939453125,1.03076171875,15.56396484375,7.32421875,-13.73291015625,1742308712.5357015
1742308712,555051470,0.09814453125,-0.109375,0.95361328125,13.36669921875,1.3427734375,-13.18359375,1742308712.5550516
1742308712,574901102,0.11328125,-0.115234375,0.927734375,11.8408203125,-1.953125,-13.61083984375,1742308712.574901
1742308712,594870135,0.1416015625,-0.115234375,0.896484375,11.1083984375,-0.79345703125,-14.404296875,1742308712.59487
1742308712,614883845,0.18115234375,-0.10205078125,0.81591796875,10.7421875,1.89208984375,-15.2587890625,1742308712.614884
1742308712,635574379,0.19384765625,-0.095703125,0.736328125,10.07080078125,4.08935546875,-14.95361328125,1742308712.6355743
1742308712,654942563,0.197265625,-0.0947265625,0.70556640625,8.4228515625,5.43212890625,-13.24462890625,1742308712.6549425
1742308712,674926830,0.21533203125,-0.08349609375,0.701171875,6.77490234375,5.615234375,-11.90185546875,1742308712.6749268
1742308712,695183664,0.22412109375,-0.0673828125,0.693359375,6.2255859375,4.57763671875,-10.7421875,1742308712.6951838
1742308712,714906469,0.228515625,-0.05078125,0.673828125,5.79833984375,1.8310546875,-9.82666015625,1742308712.7149065
1742308712,735152006,0.26025390625,-0.03515625,0.6513671875,3.84521484375,-3.84521484375,-9.1552734375,1742308712.735152
1742308712,755127280,0.27490234375,-0.04248046875,0.67333984375,0.91552734375,-11.23046875,-8.544921875,1742308712.7551272
1742308712,775274377,0.3115234375,-0.05419921875,0.72509765625,-1.52587890625,-17.9443359375,-7.4462890625,1742308712.7752743
1742308712,794828080,0.3515625,-0.06982421875,0.76318359375,-2.685546875,-23.01025390625,-7.2021484375,1742308712.7948282
1742308712,814734453,0.35888671875,-0.07275390625,0.81201171875,-2.3193359375,-26.91650390625,-6.103515625,1742308712.8147345
1742308712,834782341,0.38232421875,-0.0615234375,0.89306640625,-0.8544921875,-28.076171875,-4.39453125,1742308712.8347824
1742308712,854890170,0.36572265625,-0.0615234375,0.974609375,1.15966796875,-25.45166015625,-2.38037109375,1742308712.85489
1742308712,875244869,0.3388671875,-0.05419921875,1.02490234375,2.62451171875,-20.1416015625,0.732421875,1742308712.8752449
1742308712,894745959,0.32861328125,-0.0361328125,1.0546875,3.173828125,-14.6484375,3.23486328125,1742308712.894746
1742308712,914752148,0.330078125,-0.0107421875,1.08251953125,3.60107421875,-8.30078125,5.06591796875,1742308712.9147522
1742308712,934814630,0.31591796875,-0.01806640625,1.07861328125,4.33349609375,-2.685546875,6.9580078125,1742308712.9348147
1742308712,954862230,0.333984375,-0.04248046875,1.13720703125,6.89697265625,3.23486328125,8.4228515625,1742308712.954862
1742308712,974869635,0.34326171875,-0.05810546875,1.20751953125,11.5966796875,12.451171875,10.986328125,1742308712.9748697
1742308712,994688640,0.3056640625,-0.01953125,1.21044921875,16.4794921875,22.94921875,12.75634765625,1742308712.9946887
1742308713,14783674,0.2177734375,0.04833984375,1.1416015625,17.578125,27.16064453125,13.0615234375,1742308713.0147836
1742308713,34726708,0.13720703125,0.087890625,1.1083984375,16.05224609375,23.25439453125,12.63427734375,1742308713.0347266
1742308713,54742836,0.06201171875,0.1201171875,1.05029296875,12.63427734375,16.29638671875,14.58740234375,1742308713.0547428
1742308713,74828730,0.0546875,0.1220703125,1.02294921875,7.87353515625,8.48388671875,17.333984375,1742308713.0748286
1742308713,94703055,0.1162109375,0.1181640625,0.96630859375,3.96728515625,0.67138671875,19.53125,1742308713.094703
1742308713,114762323,0.13623046875,0.095703125,0.9169921875,1.28173828125,-4.39453125,21.1181640625,1742308713.1147623
1742308713,134783635,0.177734375,0.076171875,0.85205078125,-1.03759765625,-6.04248046875,23.681640625,1742308713.1347837
1742308713,154817205,0.2353515625,0.05859375,0.79638671875,-4.0283203125,-5.0048828125,25.57373046875,1742308713.154817
1742308713,175111468,0.27783203125,0.029296875,0.74072265625,-5.55419921875,-1.8310546875,26.0009765625,1742308713.1751115
1742308713,194713578,0.28125,0.0048828125,0.69970703125,-6.8359375,2.0751953125,26.3671875,1742308713.1947136
1742308713,214823186,0.2783203125,-0.009765625,0.65625,-8.544921875,4.7607421875,26.85546875,1742308713.2148232
1742308713,234906168,0.30224609375,-0.02978515625,0.65380859375,-10.68115234375,6.8359375,26.85546875,1742308713.2349062
1742308713,255278389,0.310546875,-0.0458984375,0.65283203125,-11.474609375,6.7138671875,25.93994140625,1742308713.2552783
1742308713,274912022,0.31787109375,-0.052734375,0.65478515625,-11.71875,3.47900390625,23.74267578125,1742308713.274912
1742308713,294840847,0.3125,-0.06494140625,0.6865234375,-10.68115234375,-1.03759765625,20.99609375,1742308713.2948408
1742308713,314906900,0.34814453125,-0.0712890625,0.73583984375,-8.30078125,-6.28662109375,17.4560546875,1742308713.3149068
1742308713,334800138,0.39794921875,-0.07958984375,0.8076171875,-5.55419921875,-7.87353515625,12.20703125,1742308713.3348002
1742308713,355312435,0.41259765625,-0.083984375,0.85205078125,-4.57763671875,-9.3994140625,7.26318359375,1742308713.3553123
1742308713,374775430,0.40625,-0.09326171875,0.900390625,-4.21142578125,-10.55908203125,2.62451171875,1742308713.3747754
1742308713,394746338,0.38916015625,-0.10107421875,0.9482421875,-4.33349609375,-13.48876953125,-2.3193359375,1742308713.3947463
1742308713,414876556,0.373046875,-0.099609375,0.97802734375,-4.33349609375,-15.625,-7.6904296875,1742308713.4148765
1742308713,434786979,0.36572265625,-0.10400390625,1.02294921875,-4.2724609375,-16.9677734375,-12.3291015625,1742308713.434787
1742308713,455120029,0.35546875,-0.1142578125,1.0556640625,-3.84521484375,-17.51708984375,-15.380859375,1742308713.45512
1742308713,475337998,0.35400390625,-0.13525390625,1.0673828125,-3.662109375,-17.578125,-17.39501953125,1742308713.475338
1742308713,494754141,0.37109375,-0.142578125,1.12841796875,-2.197265625,-13.18359375,-20.01953125,1742308713.494754
1742308713,514801408,0.36767578125,-0.1650390625,1.27197265625,2.86865234375,-3.23486328125,-21.17919921875,1742308713.5148015
1742308713,534809216,0.30908203125,-0.18017578125,1.310546875,8.4228515625,11.04736328125,-19.95849609375,1742308713.534809
1742308713,554886661,0.2294921875,-0.14404296875,1.21826171875,8.60595703125,21.6064453125,-18.37158203125,1742308713.5548866
1742308713,575355562,0.17822265625,-0.14111328125,1.1787109375,7.50732421875,23.98681640625,-17.7001953125,1742308713.5753555
1742308713,594813661,0.12646484375,-0.17333984375,1.16259765625,8.11767578125,20.93505859375,-17.2119140625,1742308713.5948136
1742308713,614889186,0.099609375,-0.16845703125,1.1005859375,9.27734375,14.22119140625,-15.19775390625,1742308713.6148891
1742308713,634918723,0.126953125,-0.14208984375,1.03271484375,11.16943359375,7.9345703125,-15.07568359375,1742308713.6349187
1742308713,654955653,0.1494140625,-0.12353515625,0.96533203125,12.14599609375,2.197265625,-16.54052734375,1742308713.6549556
1742308713,674891071,0.15966796875,-0.1064453125,0.91845703125,12.939453125,-0.18310546875,-18.85986328125,1742308713.674891
1742308713,694811447,0.19921875,-0.06982421875,0.83544921875,13.7939453125,-1.03759765625,-20.81298828125,1742308713.6948113
1742308713,715169939,0.2685546875,-0.03466796875,0.7392578125,13.12255859375,0.30517578125,-22.27783203125,1742308713.71517
1742308713,734893308,0.2880859375,-0.017578125,0.658203125,10.92529296875,-0.42724609375,-23.8037109375,1742308713.7348933
1742308713,755176274,0.2587890625,-0.03369140625,0.6376953125,8.544921875,-2.99072265625,-23.8037109375,1742308713.7551763
1742308713,775085929,0.25146484375,-0.046875,0.6240234375,7.4462890625,-8.30078125,-22.15576171875,1742308713.775086
1742308713,794914202,0.265625,-0.04931640625,0.603515625,5.7373046875,-13.00048828125,-20.6298828125,1742308713.7949142
1742308713,816576769,0.26904296875,-0.04541015625,0.59033203125,3.0517578125,-18.1884765625,-18.61572265625,1742308713.8165767
1742308713,835098055,0.2890625,-0.05322265625,0.61328125,-0.06103515625,-20.99609375,-16.05224609375,1742308713.835098
1742308713,854890741,0.3115234375,-0.07763671875,0.681640625,-2.74658203125,-21.3623046875,-13.3056640625,1742308713.8548908
1742308713,874874355,0.3212890625,-0.08544921875,0.77197265625,-3.60107421875,-18.98193359375,-10.55908203125,1742308713.8748744
1742308713,894769609,0.30322265625,-0.087890625,0.85888671875,-1.15966796875,-15.13671875,-7.38525390625,1742308713.8947697
1742308713,914902067,0.310546875,-0.068359375,0.927734375,1.15966796875,-10.6201171875,-4.150390625,1742308713.914902
1742308713,935359415,0.34228515625,-0.04443359375,1.0048828125,3.96728515625,-6.2255859375,-2.74658203125,1742308713.9353595
1742308713,955073246,0.31005859375,-0.01318359375,1.0185546875,6.53076171875,-4.8828125,-2.197265625,1742308713.9550734
1742308713,974839402,0.2607421875,0.029296875,1.044921875,8.48388671875,-5.7373046875,-0.54931640625,1742308713.9748394
1742308713,994842697,0.23388671875,0.0576171875,1.05419921875,9.33837890625,-6.40869140625,3.47900390625,1742308713.9948428
1742308714,14878257,0.27001953125,0.0712890625,1.02490234375,7.99560546875,-5.37109375,7.8125,1742308714.0148783
1742308714,34933384,0.37255859375,0.0791015625,1.03271484375,6.591796875,0.30517578125,9.58251953125,1742308714.0349333
1742308714,54927547,0.41552734375,0.0556640625,1.06884765625,5.859375,10.55908203125,9.8876953125,1742308714.0549276
1742308714,75161568,0.42236328125,0.0126953125,1.162109375,6.9580078125,23.62060546875,10.07080078125,1742308714.0751615
1742308714,94793334,0.31787109375,0.0126953125,1.16455078125,11.3525390625,31.982421875,11.53564453125,1742308714.0947933
1742308714,114850317,0.22509765625,0.0546875,1.12548828125,15.56396484375,31.55517578125,12.5732421875,1742308714.1148503
1742308714,134963721,0.12939453125,0.08544921875,1.1220703125,17.2119140625,26.06201171875,14.5263671875,1742308714.1349638
1742308714,155141770,0.0869140625,0.10009765625,1.0986328125,14.34326171875,19.8974609375,17.333984375,1742308714.1551418
1742308714,174898473,0.08203125,0.09765625,1.0439453125,9.3994140625,12.6953125,20.01953125,1742308714.1748984
1742308714,194864633,0.10595703125,0.08349609375,0.96044921875,6.591796875,4.638671875,22.3388671875,1742308714.1948647
1742308714,214876909,0.17041015625,0.0712890625,0.8876953125,2.38037109375,-2.0751953125,24.59716796875,1742308714.214877
1742308714,235390345,0.20458984375,0.0498046875,0.82177734375,-1.52587890625,-4.0283203125,26.2451171875,1742308714.2353904
1742308714,255077027,0.23095703125,0.0400390625,0.74755859375,-6.04248046875,-3.72314453125,28.50341796875,1742308714.2550771
1742308714,274818753,0.2509765625,0.02685546875,0.6962890625,-9.033203125,-0.30517578125,30.21240234375,1742308714.2748187
1742308714,294898266,0.267578125,0.0126953125,0.69189453125,-11.65771484375,5.7373046875,31.25,1742308714.2948983
1742308714,314893997,0.30078125,-0.00537109375,0.67431640625,-13.3056640625,13.48876953125,31.6162109375,1742308714.314894
1742308714,334939139,0.3212890625,-0.0087890625,0.66015625,-14.58740234375,19.22607421875,30.70068359375,1742308714.3349392
1742308714,355081569,0.34375,-0.03466796875,0.6689453125,-13.671875,22.39990234375,27.7099609375,1742308714.3550816
1742308714,374904550,0.3125,-0.0361328125,0.68505859375,-12.63427734375,20.93505859375,24.7802734375,1742308714.3749046
1742308714,394940092,0.33447265625,-0.03515625,0.712890625,-10.19287109375,15.68603515625,20.263671875,1742308714.3949401
1742308714,415100059,0.35400390625,-0.03369140625,0.7646484375,-7.26318359375,6.77490234375,14.6484375,1742308714.4151
1742308714,435156914,0.375,-0.03515625,0.822265625,-4.39453125,-4.21142578125,9.1552734375,1742308714.4351568
1742308714,455050557,0.388671875,-0.0419921875,0.900390625,-0.79345703125,-15.07568359375,2.50244140625,1742308714.4550505
1742308714,474898084,0.35498046875,-0.06396484375,0.98681640625,2.3193359375,-25.2685546875,-3.47900390625,1742308714.474898
1742308714,496005998,0.353515625,-0.08056640625,1.029296875,4.5166015625,-30.09033203125,-8.60595703125,1742308714.496006
1742308714,515053558,0.38134765625,-0.0966796875,1.05615234375,6.4697265625,-31.1279296875,-12.87841796875,1742308714.5150535
1742308714,534955745,0.42578125,-0.1201171875,1.1044921875,8.36181640625,-28.1982421875,-16.11328125,1742308714.5349557
1742308714,555156803,0.4306640625,-0.107421875,1.1005859375,9.46044921875,-22.0947265625,-17.578125,1742308714.5551567
1742308714,574891969,0.4306640625,-0.08349609375,1.07373046875,8.544921875,-16.11328125,-18.49365234375,1742308714.574892
1742308714,595025407,0.4296875,-0.07421875,1.119140625,7.14111328125,-7.6904296875,-19.34814453125,1742308714.5950253
1742308714,614955436,0.4091796875,-0.08984375,1.24560546875,7.01904296875,6.65283203125,-19.34814453125,1742308714.6149554
1742308714,635063303,0.34814453125,-0.0859375,1.25048828125,6.591796875,21.05712890625,-18.37158203125,1742308714.6350634
1742308714,655159010,0.23583984375,-0.07470703125,1.1494140625,4.5166015625,25.57373046875,-18.6767578125,1742308714.655159
1742308714,675042059,0.15185546875,-0.08154296875,1.1201171875,1.5869140625,20.263671875,-18.85986328125,1742308714.6750422
1742308714,695125061,0.0908203125,-0.12548828125,1.16455078125,2.13623046875,11.3525390625,-18.12744140625,1742308714.695125
1742308714,714962667,0.0634765625,-0.13720703125,1.173828125,5.31005859375,5.55419921875,-17.02880859375,1742308714.7149627
1742308714,735283799,0.095703125,-0.1025390625,1.10888671875,7.01904296875,4.2724609375,-16.41845703125,1742308714.7352839
1742308714,755074009,0.119140625,-0.08984375,1.0390625,8.36181640625,4.69970703125,-16.7236328125,1742308714.755074
1742308714,775214487,0.1552734375,-0.0625,0.93310546875,8.7890625,5.31005859375,-17.2119140625,1742308714.7752144
1742308714,795317778,0.19189453125,-0.02978515625,0.82958984375,8.7890625,6.591796875,-17.76123046875,1742308714.795318
1742308714,815149560,0.21875,-0.0146484375,0.728515625,8.23974609375,5.18798828125,-17.578125,1742308714.8151495
1742308714,835070148,0.20458984375,-0.0087890625,0.65625,7.75146484375,2.197265625,-16.7236328125,1742308714.8350701
1742308714,855126780,0.185546875,-0.00439453125,0.58935546875,4.638671875,-2.44140625,-14.58740234375,1742308714.8551269
1742308714,875047688,0.19775390625,0.00244140625,0.564453125,-0.18310546875,-5.43212890625,-12.63427734375,1742308714.8750477
1742308714,895259852,0.2314453125,0.005859375,0.56005859375,-4.0283203125,-7.2021484375,-11.3525390625,1742308714.8952599
1742308714,914858623,0.27197265625,-0.001953125,0.5751953125,-6.77490234375,-7.2021484375,-10.1318359375,1742308714.9148586
1742308714,935184395,0.28515625,-0.01123046875,0.58447265625,-9.6435546875,-7.080078125,-8.60595703125,1742308714.9351845
1742308714,955076886,0.30615234375,-0.03662109375,0.66015625,-12.939453125,-5.92041015625,-7.2021484375,1742308714.955077
1742308714,974867576,0.30419921875,-0.0576171875,0.75439453125,-13.5498046875,-3.84521484375,-5.06591796875,1742308714.9748676
1742308714,995014998,0.29150390625,-0.06396484375,0.84912109375,-12.51220703125,-0.732421875,-3.662109375,1742308714.995015
1742308715,15131289,0.28515625,-0.068359375,0.9267578125,-10.43701171875,-0.30517578125,-2.01416015625,1742308715.0151312
1742308715,35174724,0.27099609375,-0.0703125,0.98779296875,-6.53076171875,-2.99072265625,0.06103515625,1742308715.0351746
1742308715,55198414,0.23828125,-0.05322265625,1.0224609375,-4.33349609375,-6.8359375,2.74658203125,1742308715.0551984
1742308715,75047498,0.24755859375,-0.02880859375,1.0576171875,-3.662109375,-10.498046875,5.92041015625,1742308715.0750475
1742308715,94959532,0.2919921875,0.0,1.08447265625,-2.8076171875,-10.3759765625,7.4462890625,1742308715.0949595
1742308715,114907376,0.32568359375,0.0283203125,1.11181640625,-1.03759765625,-8.36181640625,8.85009765625,1742308715.1149073
1742308715,135324664,0.3603515625,0.0498046875,1.1298828125,1.77001953125,-6.16455078125,10.8642578125,1742308715.1353247
1742308715,155099823,0.37548828125,0.04541015625,1.21630859375,7.14111328125,-2.86865234375,12.20703125,1742308715.1550999
1742308715,174957644,0.36083984375,0.07275390625,1.255859375,12.02392578125,3.47900390625,13.3056640625,1742308715.1749578
1742308715,194900464,0.29541015625,0.13134765625,1.22119140625,12.75634765625,10.8642578125,13.61083984375,1742308715.1949005
1742308715,214939387,0.23876953125,0.1533203125,1.1806640625,11.65771484375,16.2353515625,12.939453125,1742308715.2149394
1742308715,234945412,0.17626953125,0.1474609375,1.15087890625,9.3994140625,17.51708984375,13.61083984375,1742308715.2349453
1742308715,255196671,0.119140625,0.14501953125,1.1025390625,5.4931640625,16.4794921875,16.6015625,1742308715.2551966
1742308715,274895984,0.1123046875,0.126953125,1.037109375,1.3427734375,14.16015625,19.53125,1742308715.274896
1742308715,294814258,0.12890625,0.0791015625,0.9951171875,0.79345703125,11.16943359375,20.44677734375,1742308715.2948143
1742308715,314858589,0.1298828125,0.05810546875,0.9287109375,0.0,7.14111328125,21.54541015625,1742308715.3148587
1742308715,335333322,0.17822265625,0.03759765625,0.84716796875,-1.77001953125,3.23486328125,22.15576171875,1742308715.3353333
1742308715,355410200,0.1865234375,0.00439453125,0.77587890625,-3.60107421875,-0.06103515625,22.0947265625,1742308715.35541
1742308715,375037700,0.19287109375,-0.01318359375,0.70556640625,-5.67626953125,-4.7607421875,21.8505859375,1742308715.3750377
1742308715,395330626,0.22412109375,-0.0234375,0.65234375,-6.4697265625,-8.85009765625,21.42333984375,1742308715.3953307
1742308715,415092696,0.26416015625,-0.0390625,0.61572265625,-8.11767578125,-11.16943359375,21.91162109375,1742308715.4150927
1742308715,435260333,0.310546875,-0.0546875,0.60888671875,-9.6435546875,-11.474609375,21.30126953125,1742308715.4352603
1742308715,455207665,0.3193359375,-0.0693359375,0.62109375,-10.07080078125,-12.3291015625,19.95849609375,1742308715.4552076
1742308715,475210266,0.34228515625,-0.07568359375,0.6416015625,-8.97216796875,-13.24462890625,18.37158203125,1742308715.4752102
1742308715,495127195,0.384765625,-0.0546875,0.65380859375,-8.36181640625,-13.36669921875,16.845703125,1742308715.4951272
1742308715,515262126,0.4326171875,-0.0380859375,0.6962890625,-8.30078125,-13.3056640625,13.5498046875,1742308715.5152621
1742308715,535523050,0.45458984375,-0.0390625,0.7587890625,-8.544921875,-11.29150390625,10.009765625,1742308715.535523
1742308715,555089169,0.45703125,-0.05419921875,0.83984375,-8.97216796875,-9.58251953125,6.34765625,1742308715.5550892
1742308715,574948334,0.44580078125,-0.05615234375,0.92041015625,-8.97216796875,-6.28662109375,2.3193359375,1742308715.5749483
1742308715,595043069,0.4306640625,-0.0634765625,0.97412109375,-8.23974609375,-4.21142578125,-1.953125,1742308715.5950432
1742308715,615110827,0.41259765625,-0.0712890625,1.00634765625,-7.080078125,-3.41796875,-7.2021484375,1742308715.6151109
1742308715,635281824,0.39892578125,-0.08935546875,1.06884765625,-5.43212890625,-4.94384765625,-12.20703125,1742308715.6352818
1742308715,655105179,0.3740234375,-0.1123046875,1.10400390625,-2.8076171875,-6.591796875,-15.869140625,1742308715.655105
1742308715,675105475,0.38720703125,-0.10205078125,1.12841796875,-0.48828125,-7.38525390625,-18.49365234375,1742308715.6751056
1742308715,695042790,0.4169921875,-0.08984375,1.189453125,2.685546875,-2.38037109375,-23.0712890625,1742308715.6950428
1742308715,715357222,0.38916015625,-0.115234375,1.3154296875,8.85009765625,6.8359375,-26.18408203125,1742308715.7153573
1742308715,734950927,0.27099609375,-0.12353515625,1.29736328125,14.7705078125,15.7470703125,-27.28271484375,1742308715.734951
1742308715,755213292,0.17333984375,-0.076171875,1.15478515625,15.380859375,14.892578125,-26.0009765625,1742308715.7552133
1742308715,775274136,0.140625,-0.0556640625,1.05517578125,12.6953125,6.4697265625,-24.96337890625,1742308715.775274
1742308715,795063216,0.14013671875,-0.07763671875,1.06591796875,9.521484375,-2.8076171875,-24.0478515625,1742308715.7950633
1742308715,815199203,0.126953125,-0.08837890625,1.08056640625,8.9111328125,-8.11767578125,-20.99609375,1742308715.8151991
1742308715,835060832,0.13134765625,-0.083984375,1.0615234375,9.6435546875,-8.48388671875,-18.61572265625,1742308715.8350608
1742308715,855156688,0.13134765625,-0.08203125,1.02490234375,11.23046875,-5.615234375,-17.578125,1742308715.8551567
1742308715,875096307,0.15087890625,-0.05078125,0.95947265625,11.53564453125,0.8544921875,-17.27294921875,1742308715.8750963
1742308715,895167201,0.181640625,-0.01708984375,0.8720703125,10.92529296875,8.30078125,-15.07568359375,1742308715.895167
1742308715,915222477,0.228515625,-0.0087890625,0.78271484375,10.3759765625,13.18359375,-12.451171875,1742308715.9152224
1742308715,935156464,0.2265625,0.0009765625,0.70361328125,10.498046875,12.87841796875,-10.6201171875,1742308715.9351563
1742308715,955156280,0.22509765625,0.01708984375,0.63720703125,9.1552734375,10.7421875,-8.6669921875,1742308715.9551563
1742308715,975727373,0.22607421875,0.01953125,0.583984375,6.4697265625,6.103515625,-6.53076171875,1742308715.9757273
1742308715,995363161,0.2470703125,0.02001953125,0.58203125,3.84521484375,1.77001953125,-5.2490234375,1742308715.9953632
1742308716,15245918,0.279296875,0.01025390625,0.5703125,2.50244140625,-4.39453125,-3.72314453125,1742308716.015246
1742308716,35685982,0.33349609375,-0.0078125,0.6171875,1.8310546875,-7.32421875,-3.0517578125,1742308716.035686
1742308716,55591414,0.3671875,-0.0185546875,0.65625,0.9765625,-6.9580078125,-2.74658203125,1742308716.0555913
1742308716,75266812,0.37060546875,-0.029296875,0.7373046875,0.0,-6.4697265625,-2.0751953125,1742308716.0752668
1742308716,95144402,0.3681640625,-0.02197265625,0.79345703125,0.732421875,-5.31005859375,-0.1220703125,1742308716.0951445
1742308716,115454280,0.34814453125,-0.03955078125,0.908203125,2.44140625,-3.84521484375,1.77001953125,1742308716.1154542
1742308716,135240022,0.31298828125,-0.0498046875,0.9951171875,5.37109375,-4.57763671875,4.150390625,1742308716.13524
1742308716,155210323,0.2705078125,-0.0341796875,1.04736328125,7.62939453125,-5.9814453125,7.2021484375,1742308716.1552103
1742308716,175170543,0.26806640625,-0.0029296875,1.064453125,8.11767578125,-7.01904296875,10.80322265625,1742308716.1751707
1742308716,195096456,0.30322265625,0.0283203125,1.0703125,7.080078125,-7.080078125,12.6953125,1742308716.1950965
1742308716,215151819,0.30224609375,0.03662109375,1.07177734375,5.37109375,-6.28662109375,14.5263671875,1742308716.2151518
1742308716,235132680,0.322265625,0.02490234375,1.099609375,5.18798828125,-3.23486328125,16.11328125,1742308716.2351327
1742308716,255214701,0.35986328125,0.00244140625,1.177734375,6.77490234375,4.2724609375,16.90673828125,1742308716.2552147
1742308716,275085762,0.365234375,0.00634765625,1.2880859375,10.3759765625,19.04296875,17.51708984375,1742308716.2750857
1742308716,295179880,0.29345703125,0.04443359375,1.296875,14.22119140625,33.935546875,18.37158203125,1742308716.2951798
1742308716,317570010,0.1552734375,0.1240234375,1.16845703125,14.70947265625,40.1611328125,19.34814453125,1742308716.31757
1742308716,335462011,0.103515625,0.13671875,1.10205078125,13.0615234375,34.1796875,20.6298828125,1742308716.335462
1742308716,355101566,0.04150390625,0.17578125,1.00244140625,7.32421875,20.01953125,23.01025390625,1742308716.3551016
1742308716,375170178,0.03662109375,0.18359375,0.94873046875,1.28173828125,3.96728515625,26.30615234375,1742308716.3751702
1742308716,395149375,0.07373046875,0.1513671875,0.91845703125,-3.5400390625,-9.33837890625,29.052734375,1742308716.3951495
1742308716,415255622,0.12548828125,0.11962890625,0.89501953125,-5.06591796875,-16.357421875,30.21240234375,1742308716.4152555
1742308716,435258725,0.18603515625,0.0859375,0.87109375,-6.53076171875,-17.02880859375,30.94482421875,1742308716.4352586
1742308716,455141627,0.24609375,0.06396484375,0.81005859375,-7.8125,-12.5732421875,31.06689453125,1742308716.4551415
1742308716,475187837,0.275390625,0.04736328125,0.75244140625,-9.21630859375,-6.28662109375,29.84619140625,1742308716.4751878
1742308716,495184636,0.310546875,0.02294921875,0.7041015625,-9.70458984375,-0.42724609375,28.13720703125,1742308716.4951847
1742308716,515352295,0.3154296875,0.0009765625,0.6826171875,-8.85009765625,3.662109375,26.2451171875,1742308716.5153522
1742308716,535200443,0.33740234375,-0.01171875,0.66650390625,-8.60595703125,6.103515625,23.86474609375,1742308716.5352004
1742308716,555237916,0.330078125,-0.0224609375,0.6513671875,-7.4462890625,5.859375,20.69091796875,1742308716.555238
1742308716,575202360,0.34033203125,-0.02099609375,0.65869140625,-6.9580078125,2.38037109375,17.51708984375,1742308716.5752025
1742308716,595167220,0.3642578125,-0.0244140625,0.6728515625,-5.9814453125,-1.15966796875,14.22119140625,1742308716.5951672
1742308716,615217015,0.3662109375,-0.041015625,0.71728515625,-4.8828125,-4.5166015625,11.5966796875,1742308716.615217
1742308716,635236023,0.3994140625,-0.052734375,0.78076171875,-5.18798828125,-9.033203125,7.87353515625,1742308716.635236
1742308716,655407139,0.41796875,-0.046875,0.8251953125,-5.18798828125,-11.5966796875,3.41796875,1742308716.6554072
1742308716,675325915,0.4248046875,-0.0517578125,0.90576171875,-5.18798828125,-12.75634765625,-1.03759765625,1742308716.6753259
1742308716,695167182,0.39990234375,-0.04541015625,0.970703125,-5.7373046875,-12.87841796875,-4.638671875,1742308716.695167
1742308716,715144107,0.3916015625,-0.056640625,1.02197265625,-5.55419921875,-13.24462890625,-8.48388671875,1742308716.7151442
1742308716,735309718,0.36962890625,-0.07080078125,1.0576171875,-4.08935546875,-15.31982421875,-12.5732421875,1742308716.7353096
1742308716,755230127,0.34375,-0.07080078125,1.0693359375,-2.86865234375,-17.9443359375,-15.68603515625,1742308716.7552302
1742308716,775312660,0.3623046875,-0.07080078125,1.0615234375,-2.8076171875,-20.5078125,-17.7001953125,1742308716.7753127
1742308716,796318942,0.39404296875,-0.07421875,1.07275390625,-1.8310546875,-20.69091796875,-19.83642578125,1742308716.796319
1742308716,815245997,0.421875,-0.08544921875,1.134765625,-0.6103515625,-15.380859375,-22.4609375,1742308716.815246
1742308716,835342195,0.3974609375,-0.10546875,1.22021484375,3.173828125,-4.39453125,-23.86474609375,1742308716.8353422
1742308716,855236937,0.31103515625,-0.12841796875,1.23193359375,7.4462890625,7.6904296875,-24.0478515625,1742308716.855237
1742308716,875370930,0.21435546875,-0.10205078125,1.14453125,10.25390625,11.3525390625,-23.4375,1742308716.875371
1742308716,895188579,0.1787109375,-0.07470703125,1.06689453125,11.1083984375,7.87353515625,-23.01025390625,1742308716.8951886
1742308716,915429012,0.1982421875,-0.06640625,1.06494140625,10.19287109375,3.41796875,-23.0712890625,1742308716.915429
1742308716,935456437,0.189453125,-0.0693359375,1.07177734375,8.9111328125,2.685546875,-22.216796875,1742308716.9354565
1742308716,955445171,0.1767578125,-0.05908203125,1.0380859375,8.4228515625,5.2490234375,-21.91162109375,1742308716.9554453
1742308716,975224897,0.18505859375,-0.05029296875,0.9921875,9.6435546875,7.32421875,-22.705078125,1742308716.975225
1742308716,995403469,0.203125,-0.0341796875,0.93505859375,11.16943359375,10.7421875,-23.8037109375,1742308716.9954035
1742308717,15419636,0.22021484375,-0.01025390625,0.86328125,11.1083984375,13.61083984375,-24.47509765625,1742308717.0154197
1742308717,35398729,0.21044921875,0.00732421875,0.7646484375,10.68115234375,13.3056640625,-23.5595703125,1742308717.0353987
1742308717,55319034,0.232421875,0.0263671875,0.6708984375,8.6669921875,9.6435546875,-22.94921875,1742308717.055319
1742308717,75358996,0.248046875,0.0341796875,0.625,6.16455078125,4.8828125,-22.3388671875,1742308717.075359
1742308717,95344362,0.24169921875,0.02734375,0.58203125,3.47900390625,-2.197265625,-20.44677734375,1742308717.0953443
1742308717,115462089,0.2392578125,0.02978515625,0.56298828125,0.1220703125,-9.3994140625,-18.61572265625,1742308717.115462
1742308717,135581544,0.25244140625,0.01318359375,0.57958984375,-2.86865234375,-15.80810546875,-15.93017578125,1742308717.1355815
1742308717,155696807,0.2802734375,-0.0126953125,0.61376953125,-4.21142578125,-18.12744140625,-13.61083984375,1742308717.1556969
1742308717,175398120,0.31103515625,-0.02685546875,0.6708984375,-5.67626953125,-17.2119140625,-11.04736328125,1742308717.175398
1742308717,195373213,0.345703125,-0.025390625,0.76171875,-6.16455078125,-11.16943359375,-7.87353515625,1742308717.1953733
1742308717,215335569,0.3623046875,-0.01708984375,0.83837890625,-5.37109375,-3.2958984375,-3.84521484375,1742308717.2153356
1742308717,235372042,0.3359375,-0.0068359375,0.90234375,-4.82177734375,4.69970703125,-0.6103515625,1742308717.235372
1742308717,255347359,0.28662109375,-0.00244140625,0.9443359375,-3.90625,6.65283203125,2.74658203125,1742308717.2553473
1742308717,275272240,0.275390625,-0.00390625,0.98046875,-2.50244140625,5.615234375,6.7138671875,1742308717.2752721
1742308717,295348365,0.26953125,0.0126953125,1.041015625,-1.89208984375,3.2958984375,10.3759765625,1742308717.2953484
1742308717,315404039,0.2734375,0.0419921875,1.07568359375,-2.5634765625,1.64794921875,13.24462890625,1742308717.315404
1742308717,335367739,0.2880859375,0.04150390625,1.111328125,-1.77001953125,1.5869140625,15.9912109375,1742308717.3353677
1742308717,355281644,0.33447265625,0.01708984375,1.18310546875,1.28173828125,5.7373046875,17.578125,1742308717.3552816
1742308717,375266689,0.380859375,0.01171875,1.27197265625,6.65283203125,16.54052734375,18.61572265625,1742308717.3752668
1742308717,395216468,0.35009765625,0.05224609375,1.3046875,12.0849609375,32.3486328125,18.5546875,1742308717.3952165
1742308717,415312978,0.2685546875,0.11962890625,1.25732421875,13.671875,42.05322265625,19.6533203125,1742308717.415313
1742308717,435382958,0.1787109375,0.18408203125,1.1552734375,10.80322265625,41.748046875,17.88330078125,1742308717.4353828
1742308717,455370212,0.095703125,0.20654296875,1.08251953125,6.77490234375,29.96826171875,17.51708984375,1742308717.4553702
1742308717,475538663,0.06689453125,0.21630859375,1.0341796875,2.38037109375,12.939453125,18.798828125,1742308717.4755387
1742308717,495424373,0.0791015625,0.20263671875,1.0009765625,-1.28173828125,-3.0517578125,20.263671875,1742308717.4954243
1742308717,515633883,0.0947265625,0.15771484375,0.9560546875,-3.11279296875,-14.6484375,22.216796875,1742308717.5156338
1742308717,535446404,0.15478515625,0.12353515625,0.9091796875,-4.150390625,-19.8974609375,23.193359375,1742308717.5354464
1742308717,555237387,0.20849609375,0.10009765625,0.8671875,-5.126953125,-18.12744140625,22.5830078125,1742308717.5552373
1742308717,575232450,0.22265625,0.064453125,0.80859375,-5.615234375,-12.63427734375,22.94921875,1742308717.5752325
1742308717,595261883,0.25537109375,0.048828125,0.7392578125,-5.859375,-4.638671875,23.193359375,1742308717.5952618
1742308717,615574536,0.28662109375,0.03369140625,0.69189453125,-6.53076171875,2.685546875,23.193359375,1742308717.6155746
1742308717,635209572,0.29150390625,0.0009765625,0.6748046875,-6.89697265625,8.48388671875,23.193359375,1742308717.6352096
1742308717,655355333,0.2890625,-0.0126953125,0.6494140625,-6.7138671875,11.41357421875,23.193359375,1742308717.6553552
1742308717,675287831,0.27197265625,-0.00634765625,0.6103515625,-6.8359375,9.8876953125,23.5595703125,1742308717.6752877
1742308717,695301263,0.3134765625,-0.013671875,0.6298828125,-8.4228515625,4.39453125,22.52197265625,1742308717.6953013
1742308717,715500724,0.3427734375,-0.0087890625,0.6484375,-9.82666015625,-0.42724609375,20.751953125,1742308717.7155008
1742308717,735369953,0.35986328125,-0.01806640625,0.72705078125,-9.82666015625,-5.4931640625,18.98193359375,1742308717.73537
1742308717,755365336,0.40771484375,-0.017578125,0.80419921875,-9.46044921875,-8.9111328125,16.05224609375,1742308717.7553654
1742308717,775218083,0.40673828125,-0.0126953125,0.875,-8.9111328125,-10.1318359375,12.26806640625,1742308717.775218
1742308717,795286975,0.40771484375,-0.02001953125,0.94970703125,-7.6904296875,-9.765625,9.033203125,1742308717.795287
1742308717,815585548,0.37890625,-0.0263671875,1.0185546875,-8.1787109375,-9.8876953125,5.615234375,1742308717.8155856
1742308717,835455353,0.35693359375,-0.03857421875,1.04541015625,-7.01904296875,-10.25390625,1.52587890625,1742308717.8354554
1742308717,855303748,0.33984375,-0.04443359375,1.068359375,-5.126953125,-12.5732421875,-2.86865234375,1742308717.8553038
1742308717,875955371,0.3310546875,-0.04345703125,1.07373046875,-3.41796875,-15.625,-5.859375,1742308717.8759553
1742308717,895420154,0.35009765625,-0.0478515625,1.068359375,-2.197265625,-17.15087890625,-7.2021484375,1742308717.89542
1742308717,915384782,0.375,-0.05908203125,1.10400390625,0.54931640625,-15.68603515625,-8.48388671875,1742308717.9153848
1742308717,935440137,0.3955078125,-0.05322265625,1.18408203125,4.33349609375,-7.568359375,-10.498046875,1742308717.93544
1742308717,955329208,0.365234375,-0.05908203125,1.28271484375,10.07080078125,5.79833984375,-10.92529296875,1742308717.9553292
1742308717,975401716,0.24609375,-0.06103515625,1.22314453125,14.16015625,17.27294921875,-9.765625,1742308717.9754016
1742308717,995250335,0.1728515625,-0.03173828125,1.08349609375,13.85498046875,17.08984375,-7.75146484375,1742308717.9952502
1742308718,15454125,0.16748046875,-0.029296875,1.02783203125,10.68115234375,10.31494140625,-6.9580078125,1742308718.015454
1742308718,35251982,0.15966796875,-0.05126953125,1.04345703125,7.9345703125,2.5634765625,-6.65283203125,1742308718.035252
1742308718,55217628,0.1318359375,-0.0537109375,1.04248046875,7.62939453125,-3.35693359375,-6.2255859375,1742308718.0552177
1742308718,75340820,0.12744140625,-0.04833984375,1.01708984375,9.09423828125,-6.40869140625,-6.77490234375,1742308718.0753407
1742308718,95289440,0.1396484375,-0.0517578125,1.02099609375,11.29150390625,-5.7373046875,-7.38525390625,1742308718.0952895
1742308718,115454780,0.15673828125,-0.0595703125,0.9990234375,13.12255859375,-1.3427734375,-7.87353515625,1742308718.1154547
1742308718,135437771,0.1708984375,-0.0361328125,0.916015625,16.2353515625,2.685546875,-7.99560546875,1742308718.1354377
1742308718,155421561,0.1884765625,-0.0048828125,0.80126953125,17.578125,4.69970703125,-7.080078125,1742308718.1554215
1742308718,175239548,0.185546875,0.01953125,0.7275390625,16.6015625,3.662109375,-5.06591796875,1742308718.1752396
1742308718,195299568,0.19384765625,0.02587890625,0.68017578125,15.0146484375,2.197265625,-1.77001953125,1742308718.1952996
1742308718,210596657,0.216796875,0.0244140625,0.64208984375,13.00048828125,0.18310546875,1.5869140625,1742308718.2105966
1742308718,235485917,0.22021484375,0.0166015625,0.62060546875,10.498046875,-1.40380859375,5.126953125,1742308718.235486
1742308718,255232187,0.220703125,0.0224609375,0.61767578125,7.14111328125,-5.18798828125,9.21630859375,1742308718.255232
1742308718,275169831,0.25,0.01025390625,0.6181640625,4.94384765625,-5.18798828125,12.8173828125,1742308718.2751698
1742308718,295392614,0.2626953125,-0.0126953125,0.6650390625,1.64794921875,-3.84521484375,17.4560546875,1742308718.2953925
1742308718,315392502,0.2900390625,-0.02734375,0.7265625,-0.3662109375,-3.72314453125,18.85986328125,1742308718.3153925
1742308718,335371556,0.28515625,-0.02978515625,0.7841796875,0.732421875,-3.0517578125,19.53125,1742308718.3353715
1742308718,355368116,0.2783203125,-0.05712890625,0.82568359375,4.2724609375,-1.40380859375,19.4091796875,1742308718.3553681
1742308718,375397446,0.3056640625,-0.06494140625,0.85693359375,7.75146484375,-0.48828125,18.73779296875,1742308718.3753974
1742308718,396370811,0.33251953125,-0.06591796875,0.90185546875,11.90185546875,1.3427734375,18.98193359375,1742308718.396371
1742308718,415307487,0.33349609375,-0.046875,0.955078125,15.19775390625,5.37109375,20.32470703125,1742308718.4153075
1742308718,435376372,0.3310546875,-0.00341796875,1.02099609375,17.88330078125,10.6201171875,21.3623046875,1742308718.4353764
1742308718,455214136,0.31787109375,0.05517578125,1.06005859375,19.59228515625,15.0146484375,22.64404296875,1742308718.455214
1742308718,475196551,0.24072265625,0.10498046875,1.0126953125,18.4326171875,17.578125,26.123046875,1742308718.4751966
1742308718,495296894,0.19775390625,0.12353515625,1.06787109375,16.7236328125,15.19775390625,32.77587890625,1742308718.495297
1742308718,515390165,0.263671875,0.1435546875,1.177734375,14.892578125,18.1884765625,36.9873046875,1742308718.5153902
1742308718,535289469,0.25439453125,0.18505859375,1.26318359375,10.7421875,27.89306640625,39.794921875,1742308718.5352895
1742308718,555308654,0.1611328125,0.22998046875,1.2060546875,5.67626953125,34.24072265625,42.236328125,1742308718.5553086
1742308718,575312479,0.10107421875,0.2646484375,1.203125,2.25830078125,31.3720703125,43.27392578125,1742308718.5753124
1742308718,591262030,0.0224609375,0.24609375,1.23681640625,1.708984375,22.5830078125,45.41015625,1742308718.591262
1742308718,615724156,-0.0009765625,0.265625,1.22900390625,2.25830078125,12.87841796875,48.64501953125,1742308718.615724
1742308718,635294605,0.0048828125,0.28564453125,1.1865234375,1.708984375,4.57763671875,50.6591796875,1742308718.6352947
1742308718,655300285,0.0263671875,0.29296875,1.13232421875,-0.48828125,-3.0517578125,52.91748046875,1742308718.6553004
1742308718,675327599,0.05126953125,0.26171875,1.09375,-2.0751953125,-8.36181640625,55.0537109375,1742308718.6753275
1742308718,695337599,0.111328125,0.2294921875,1.0244140625,-2.99072265625,-10.3759765625,56.2744140625,1742308718.6953375
1742308718,715809777,0.1591796875,0.18798828125,0.94873046875,-2.86865234375,-11.71875,56.94580078125,1742308718.7158098
1742308718,735385795,0.185546875,0.14453125,0.87451171875,-3.35693359375,-12.451171875,56.2744140625,1742308718.735386
1742308718,755264746,0.20654296875,0.1083984375,0.806640625,-2.5634765625,-12.39013671875,56.09130859375,1742308718.7552648
1742308718,775226807,0.2255859375,0.08154296875,0.763671875,-0.42724609375,-11.16943359375,56.09130859375,1742308718.7752268
1742308718,795222631,0.23583984375,0.07373046875,0.724609375,1.953125,-8.72802734375,56.45751953125,1742308718.7952225
1742308718,815681111,0.2099609375,0.05859375,0.7109375,2.25830078125,-7.2021484375,57.373046875,1742308718.8156812
1742308718,835414420,0.2001953125,0.05810546875,0.6962890625,1.8310546875,-6.04248046875,58.4716796875,1742308718.8354144
1742308718,855247640,0.19873046875,0.0537109375,0.70068359375,1.52587890625,-4.94384765625,60.11962890625,1742308718.8552477
1742308718,875279850,0.181640625,0.064453125,0.70849609375,-0.42724609375,-5.126953125,62.01171875,1742308718.87528
1742308718,895477544,0.17626953125,0.05810546875,0.73876953125,-2.44140625,-5.9814453125,63.78173828125,1742308718.8954775
1742308718,915407059,0.21630859375,0.052734375,0.75048828125,-5.7373046875,-7.87353515625,65.61279296875,1742308718.915407
1742308718,935434661,0.23291015625,0.048828125,0.7705078125,-9.033203125,-7.8125,66.10107421875,1742308718.9354346
1742308718,955327373,0.2685546875,0.03369140625,0.7939453125,-13.61083984375,-6.8359375,66.89453125,1742308718.9553273
1742308718,975404162,0.30419921875,0.00390625,0.81396484375,-17.9443359375,-3.72314453125,67.626953125,1742308718.9754043
1742308718,995271497,0.37841796875,-0.0400390625,0.869140625,-18.98193359375,2.50244140625,66.34521484375,1742308718.9952714
1742308719,15349287,0.39794921875,-0.07373046875,0.9189453125,-18.37158203125,7.50732421875,62.80517578125,1742308719.0153494
1742308719,35306382,0.36572265625,-0.08349609375,0.93359375,-16.29638671875,13.73291015625,58.837890625,1742308719.0353065
1742308719,55261813,0.35302734375,-0.095703125,0.9658203125,-13.85498046875,14.58740234375,55.17578125,1742308719.0552619
1742308719,75242558,0.29052734375,-0.10595703125,0.99755859375,-12.26806640625,10.43701171875,49.49951171875,1742308719.0752425
1742308719,95399827,0.26416015625,-0.1123046875,1.009765625,-10.25390625,3.60107421875,43.45703125,1742308719.0953999
1742308719,115405662,0.23193359375,-0.13623046875,1.037109375,-9.82666015625,-2.62451171875,38.14697265625,1742308719.1154056
1742308719,135383719,0.22216796875,-0.15380859375,1.06201171875,-10.19287109375,-6.65283203125,33.75244140625,1742308719.1353836
1742308719,155524411,0.185546875,-0.17236328125,1.166015625,-8.544921875,-6.28662109375,29.96826171875,1742308719.1555245
1742308719,175383355,0.10009765625,-0.17529296875,1.296875,-3.84521484375,0.18310546875,29.47998046875,1742308719.1753833
1742308719,190366218,0.0703125,-0.1748046875,1.267578125,0.3662109375,6.2255859375,32.53173828125,1742308719.1903663
1742308719,215410673,0.0595703125,-0.1123046875,1.10546875,-2.13623046875,7.38525390625,34.1796875,1742308719.2154107
1742308719,235332694,0.0224609375,-0.1181640625,1.1220703125,-6.28662109375,4.33349609375,32.5927734375,1742308719.2353327
1742308719,255362659,-0.01953125,-0.15673828125,1.24755859375,-6.40869140625,2.5634765625,31.1279296875,1742308719.2553627
1742308719,275421777,-0.02197265625,-0.16650390625,1.267578125,-2.99072265625,2.0751953125,30.57861328125,1742308719.2754219
1742308719,295388089,-0.01953125,-0.14990234375,1.23583984375,-0.18310546875,1.28173828125,29.296875,1742308719.295388
1742308719,315502283,-0.02734375,-0.17822265625,1.21142578125,2.8076171875,0.1220703125,29.052734375,1742308719.3155022
1742308719,335427952,0.03369140625,-0.1767578125,1.14697265625,5.0048828125,-3.2958984375,30.33447265625,1742308719.335428
1742308719,355402649,0.08447265625,-0.1474609375,1.0390625,4.94384765625,-7.75146484375,30.33447265625,1742308719.3554027
1742308719,375282875,0.1083984375,-0.125,0.96875,2.99072265625,-13.97705078125,31.25,1742308719.3752828
1742308719,395441168,0.13916015625,-0.1259765625,0.93310546875,1.52587890625,-18.06640625,32.2265625,1742308719.395441
1742308719,415567587,0.13037109375,-0.13134765625,0.9228515625,-0.67138671875,-22.216796875,33.3251953125,1742308719.4155676
1742308719,435365471,0.140625,-0.13134765625,0.904296875,-0.79345703125,-22.52197265625,33.87451171875,1742308719.4353654
1742308719,455618939,0.15673828125,-0.1318359375,0.86572265625,-1.40380859375,-22.88818359375,35.2783203125,1742308719.4556189
1742308719,477031687,0.17626953125,-0.12744140625,0.80810546875,-1.77001953125,-23.3154296875,35.2783203125,1742308719.4770317
1742308719,495456644,0.18017578125,-0.140625,0.7978515625,-0.732421875,-24.5361328125,34.66796875,1742308719.4954567
1742308719,516387023,0.15234375,-0.15673828125,0.80224609375,2.0751953125,-26.611328125,34.66796875,1742308719.516387
1742308719,535521789,0.162109375,-0.16357421875,0.7998046875,4.69970703125,-27.2216796875,33.5693359375,1742308719.5355217
1742308719,555373245,0.15185546875,-0.17041015625,0.77880859375,8.1787109375,-27.587890625,32.71484375,1742308719.5553732
1742308719,575314723,0.15380859375,-0.1728515625,0.765625,11.474609375,-27.40478515625,31.73828125,1742308719.5753148
1742308719,595418965,0.1708984375,-0.17138671875,0.73046875,14.2822265625,-26.06201171875,29.9072265625,1742308719.595419
1742308719,615390749,0.1787109375,-0.18408203125,0.72998046875,15.19775390625,-24.90234375,28.3203125,1742308719.6153908
1742308719,635355205,0.1865234375,-0.18505859375,0.7138671875,15.380859375,-24.10888671875,26.9775390625,1742308719.6353552
1742308719,655274057,0.21337890625,-0.19189453125,0.703125,16.11328125,-23.74267578125,24.47509765625,1742308719.6552742
1742308719,675371482,0.2275390625,-0.208984375,0.708984375,18.4326171875,-23.74267578125,22.03369140625,1742308719.6753714
1742308719,695474988,0.2451171875,-0.2236328125,0.7294921875,23.193359375,-22.705078125,20.32470703125,1742308719.695475
1742308719,715516089,0.2705078125,-0.23583984375,0.74365234375,28.076171875,-20.32470703125,18.06640625,1742308719.715516
1742308719,735410236,0.287109375,-0.23779296875,0.75830078125,32.3486328125,-16.7236328125,15.68603515625,1742308719.7354102
1742308719,755354530,0.2861328125,-0.224609375,0.76220703125,35.2783203125,-13.916015625,13.5498046875,1742308719.7553546
1742308719,775486326,0.29736328125,-0.20849609375,0.75048828125,36.68212890625,-10.80322265625,11.41357421875,1742308719.7754862
1742308719,795472703,0.318359375,-0.19482421875,0.72607421875,36.31591796875,-8.7890625,9.21630859375,1742308719.7954726
1742308719,815906343,0.33740234375,-0.1884765625,0.70849609375,34.85107421875,-11.04736328125,6.103515625,1742308719.8159063
1742308719,835416111,0.3525390625,-0.16259765625,0.71923828125,33.02001953125,-12.0849609375,3.5400390625,1742308719.835416
1742308719,855337620,0.39306640625,-0.17529296875,0.75244140625,33.14208984375,-10.1318359375,1.52587890625,1742308719.8553376
1742308719,875363520,0.4296875,-0.1728515625,0.7587890625,34.423828125,-5.126953125,-1.0986328125,1742308719.8753636
1742308719,890547901,0.478515625,-0.16455078125,0.7333984375,36.07177734375,0.54931640625,-4.94384765625,1742308719.890548
1742308719,915517087,0.47509765625,-0.14794921875,0.70947265625,35.94970703125,6.8359375,-8.85009765625,1742308719.915517
1742308719,935357727,0.466796875,-0.14697265625,0.70556640625,33.3251953125,11.77978515625,-11.3525390625,1742308719.9353578
1742308719,955409356,0.45751953125,-0.14013671875,0.712890625,30.82275390625,17.7001953125,-14.2822265625,1742308719.9554093
1742308719,975284014,0.40576171875,-0.1220703125,0.7099609375,28.50341796875,23.3154296875,-18.24951171875,1742308719.975284
1742308719,995387231,0.361328125,-0.1103515625,0.7216796875,26.42822265625,27.83203125,-22.4609375,1742308719.9953873
1742308720,15924183,0.32421875,-0.09814453125,0.75830078125,24.47509765625,31.6162109375,-26.3671875,1742308720.0159242
1742308720,35278066,0.23779296875,-0.0888671875,0.81396484375,22.88818359375,34.36279296875,-27.64892578125,1742308720.035278
1742308720,55264982,0.1943359375,-0.05322265625,0.8193359375,20.751953125,37.53662109375,-28.13720703125,1742308720.055265
1742308720,75273917,0.142578125,-0.02685546875,0.8740234375,18.00537109375,39.4287109375,-29.6630859375,1742308720.075274
1742308720,95426189,0.06982421875,-0.02685546875,0.9736328125,16.357421875,41.9921875,-31.06689453125,1742308720.095426
1742308720,115469462,0.01904296875,-0.01904296875,1.06640625,18.06640625,45.166015625,-33.14208984375,1742308720.1154695
1742308720,135324562,-0.0634765625,0.01025390625,1.0908203125,19.71435546875,46.630859375,-33.38623046875,1742308720.1353245
1742308720,155374747,-0.10400390625,0.0595703125,1.0673828125,17.88330078125,47.30224609375,-31.005859375,1742308720.1553748
1742308720,175471015,-0.099609375,0.0634765625,1.08935546875,13.916015625,46.56982421875,-29.1748046875,1742308720.175471
1742308720,195417545,-0.076171875,0.04931640625,1.10888671875,13.24462890625,43.8232421875,-27.587890625,1742308720.1954176
1742308720,215410799,-0.09814453125,0.08447265625,1.0654296875,12.939453125,37.841796875,-27.587890625,1742308720.2154107
1742308720,235267115,-0.1533203125,0.12744140625,1.01806640625,10.55908203125,29.35791015625,-27.16064453125,1742308720.2352672
1742308720,255382488,-0.1884765625,0.169921875,0.96142578125,4.21142578125,18.61572265625,-24.5361328125,1742308720.2553825
1742308720,275365597,-0.16259765625,0.16552734375,0.9736328125,-3.23486328125,7.2021484375,-21.05712890625,1742308720.2753656
1742308720,295458185,-0.16943359375,0.11865234375,1.02197265625,-7.75146484375,-4.5166015625,-16.29638671875,1742308720.295458
1742308720,315491377,-0.177734375,0.0947265625,1.02880859375,-7.6904296875,-15.625,-11.8408203125,1742308720.3154914
1742308720,335236486,-0.14208984375,0.10986328125,0.99853515625,-10.009765625,-26.18408203125,-6.34765625,1742308720.3352365
1742308720,355265710,-0.0888671875,0.1279296875,0.97705078125,-14.22119140625,-31.8603515625,-2.62451171875,1742308720.3552656
1742308720,375345497,-0.0908203125,0.05322265625,1.01806640625,-11.8408203125,-35.5224609375,4.7607421875,1742308720.3753455
1742308720,395573262,0.00146484375,0.033203125,0.9423828125,-10.43701171875,-33.99658203125,7.8125,1742308720.3955734
1742308720,415469101,0.0283203125,0.0244140625,0.8720703125,-10.55908203125,-27.34375,8.48388671875,1742308720.4154692
1742308720,435473619,0.01953125,0.0205078125,0.8486328125,-11.3525390625,-20.8740234375,11.04736328125,1742308720.4354737
1742308720,455646980,0.0546875,-0.01708984375,0.908203125,-9.94873046875,-13.12255859375,13.24462890625,1742308720.455647
1742308720,475404826,0.0810546875,-0.05908203125,0.974609375,-5.06591796875,-4.638671875,13.671875,1742308720.4754047
1742308720,495558154,0.10205078125,-0.05859375,0.951171875,-1.708984375,2.25830078125,11.23046875,1742308720.4955583
1742308720,510583968,0.0498046875,-0.046875,0.92529296875,1.40380859375,11.1083984375,9.70458984375,1742308720.5105839
1742308720,535466287,0.04833984375,-0.03125,0.9189453125,2.86865234375,20.69091796875,10.31494140625,1742308720.5354662
1742308720,555640033,0.0654296875,-0.01611328125,0.95361328125,5.0048828125,28.3203125,10.25390625,1742308720.55564
1742308720,571232829,0.083984375,-0.005859375,1.05419921875,10.6201171875,35.21728515625,7.9345703125,1742308720.5712328
1742308720,595449120,0.05908203125,0.009765625,1.056640625,16.54052734375,40.46630859375,4.8828125,1742308720.5954492
1742308720,615493065,0.0576171875,0.052734375,0.927734375,17.08984375,43.9453125,1.708984375,1742308720.615493
1742308720,635489102,0.04736328125,0.0576171875,0.859375,14.46533203125,45.654296875,-1.3427734375,1742308720.635489
1742308720,655490516,0.03369140625,0.07568359375,0.83544921875,10.009765625,46.5087890625,-3.84521484375,1742308720.6554904
1742308720,675651365,0.01806640625,0.07861328125,0.8603515625,7.4462890625,45.47119140625,-5.4931640625,1742308720.6756513
1742308720,695616168,0.00927734375,0.0849609375,0.83251953125,6.2255859375,44.86083984375,-7.62939453125,1742308720.6956162
1742308720,715499270,-0.01611328125,0.083984375,0.77099609375,2.0751953125,44.25048828125,-10.55908203125,1742308720.7154992
1742308720,735396933,-0.037109375,0.080078125,0.775390625,-5.06591796875,44.25048828125,-11.65771484375,1742308720.7353969
1742308720,755289091,-0.06103515625,0.087890625,0.7763671875,-10.55908203125,42.29736328125,-11.962890625,1742308720.755289
1742308720,775420018,-0.060546875,0.080078125,0.783203125,-14.95361328125,38.14697265625,-13.00048828125,1742308720.77542
1742308720,795332370,-0.10498046875,0.072265625,0.77978515625,-18.310546875,30.94482421875,-13.0615234375,1742308720.7953324
1742308720,815439071,-0.13525390625,0.0634765625,0.7666015625,-20.44677734375,23.13232421875,-12.3291015625,1742308720.815439
1742308720,835416259,-0.14697265625,0.0634765625,0.78369140625,-24.0478515625,14.95361328125,-11.04736328125,1742308720.8354163
1742308720,855361125,-0.13232421875,0.048828125,0.8857421875,-25.7568359375,5.9814453125,-9.94873046875,1742308720.8553612
1742308720,875404366,-0.138671875,0.03173828125,0.9814453125,-22.03369140625,-4.0283203125,-9.765625,1742308720.8754044
1742308720,896110276,-0.13916015625,-0.00341796875,1.029296875,-13.97705078125,-15.625,-9.70458984375,1742308720.8961103
1742308720,915350710,-0.1572265625,-0.02197265625,1.0107421875,-9.09423828125,-26.18408203125,-9.3994140625,1742308720.9153507
1742308720,935390975,-0.1689453125,-0.0263671875,0.99853515625,-7.38525390625,-33.447265625,-7.9345703125,1742308720.935391
1742308720,955423175,-0.1748046875,-0.0185546875,1.021484375,-7.87353515625,-38.330078125,-3.72314453125,1742308720.955423
1742308720,975350375,-0.15869140625,-0.04443359375,1.1123046875,-6.77490234375,-40.34423828125,1.03759765625,1742308720.9753504
1742308720,995365838,-0.08447265625,-0.06884765625,1.154296875,-3.2958984375,-41.3818359375,5.126953125,1742308720.9953659
1742308721,15683507,-0.04931640625,-0.0712890625,1.1318359375,-0.3662109375,-39.794921875,7.14111328125,1742308721.0156834
1742308721,35396579,-0.05224609375,-0.07666015625,1.13916015625,2.25830078125,-36.68212890625,10.80322265625,1742308721.0353966
1742308721,55319616,-0.0185546875,-0.06982421875,1.15673828125,1.708984375,-32.77587890625,14.58740234375,1742308721.0553195
1742308721,75491502,0.01171875,-0.0791015625,1.20263671875,2.01416015625,-25.146484375,18.61572265625,1742308721.0754914
1742308721,95501073,0.05029296875,-0.1044921875,1.220703125,4.39453125,-17.02880859375,21.54541015625,1742308721.0955012
1742308721,115511924,0.0712890625,-0.11669921875,1.17138671875,7.32421875,-6.8359375,23.8037109375,1742308721.115512
1742308721,135812971,0.0419921875,-0.1083984375,1.1083984375,8.36181640625,4.45556640625,26.18408203125,1742308721.135813
1742308721,155437301,0.0517578125,-0.10009765625,1.0693359375,9.33837890625,15.2587890625,29.541015625,1742308721.1554372
1742308721,175348305,0.0712890625,-0.087890625,1.0908203125,10.986328125,25.5126953125,30.82275390625,1742308721.1753483
1742308721,195638279,0.08251953125,-0.06396484375,1.10302734375,12.63427734375,34.7900390625,29.60205078125,1742308721.1956382
1742308721,215320212,0.0546875,-0.03515625,1.1103515625,12.451171875,42.1142578125,26.4892578125,1742308721.21532
1742308721,235491522,0.0439453125,-0.0458984375,1.119140625,14.404296875,44.73876953125,22.3388671875,1742308721.2354915
1742308721,255432705,0.01953125,-0.03515625,1.0673828125,15.44189453125,43.5791015625,18.9208984375,1742308721.2554326
1742308721,275623856,0.0048828125,-0.025390625,1.03759765625,15.0146484375,41.07666015625,14.404296875,1742308721.2756238
1742308721,295504331,-0.03466796875,-0.01171875,1.06396484375,12.3291015625,34.60693359375,9.6435546875,1742308721.2955043
1742308721,310777654,-0.06640625,-0.00927734375,1.1083984375,11.1083984375,26.42822265625,4.39453125,1742308721.3107777
1742308721,335682747,-0.0625,-0.00341796875,1.10595703125,10.25390625,16.78466796875,-1.3427734375,1742308721.3356826
1742308721,351381571,-0.08154296875,-0.00830078125,1.08837890625,7.8125,8.30078125,-7.01904296875,1742308721.3513815
1742308721,375433552,-0.064453125,-0.00439453125,1.08447265625,6.7138671875,0.6103515625,-11.3525390625,1742308721.3754334
1742308721,396653123,-0.05029296875,-0.0029296875,1.09423828125,6.103515625,-6.34765625,-15.869140625,1742308721.3966532
1742308721,415454614,-0.0546875,0.00390625,1.11279296875,6.53076171875,-10.986328125,-19.47021484375,1742308721.4154546
1742308721,435431671,-0.068359375,0.01123046875,1.09814453125,5.859375,-15.5029296875,-22.39990234375,1742308721.4354317
1742308721,455498878,-0.08056640625,0.0166015625,1.0537109375,3.60107421875,-19.287109375,-22.8271484375,1742308721.455499
1742308721,476355001,-0.060546875,0.017578125,1.02197265625,0.54931640625,-22.15576171875,-20.5078125,1742308721.476355
1742308721,495532262,-0.037109375,0.01416015625,1.03515625,-1.89208984375,-23.98681640625,-16.54052734375,1742308721.4955323
1742308721,515511367,-0.0205078125,-0.0009765625,1.08837890625,-2.3193359375,-23.193359375,-13.0615234375,1742308721.5155113
1742308721,535492232,-0.009765625,-0.01220703125,1.1162109375,-1.28173828125,-21.05712890625,-10.009765625,1742308721.5354922
1742308721,555610898,-0.01904296875,-0.017578125,1.09130859375,0.18310546875,-16.41845703125,-6.28662109375,1742308721.555611
1742308721,575467851,-0.005859375,-0.0068359375,1.05859375,0.18310546875,-10.8642578125,-2.197265625,1742308721.5754678
1742308721,595520945,-0.00244140625,-0.00341796875,1.076171875,-1.3427734375,-5.126953125,2.0751953125,1742308721.595521
1742308721,615470321,-0.0048828125,-0.0244140625,1.11376953125,-1.15966796875,-0.91552734375,4.94384765625,1742308721.6154704
1742308721,635375533,0.0029296875,-0.0322265625,1.06396484375,1.89208984375,4.21142578125,7.6904296875,1742308721.6353755
1742308721,655492599,0.02294921875,-0.0263671875,0.99072265625,5.18798828125,8.23974609375,9.70458984375,1742308721.6554925
1742308721,675478905,0.02734375,-0.00048828125,0.9521484375,6.28662109375,11.71875,10.80322265625,1742308721.675479
1742308721,695570625,0.01953125,0.01220703125,0.98486328125,5.126953125,16.29638671875,12.0849609375,1742308721.6955707
1742308721,715588709,0.00341796875,-0.01513671875,1.0498046875,7.38525390625,18.98193359375,13.24462890625,1742308721.7155888
1742308721,735535428,0.0283203125,-0.017578125,1.01171875,9.70458984375,21.78955078125,12.3291015625,1742308721.7355354
1742308721,755701041,0.03955078125,0.001953125,0.95849609375,9.58251953125,24.71923828125,9.21630859375,1742308721.755701
1742308721,775547882,0.0078125,0.0126953125,0.98486328125,7.9345703125,27.52685546875,5.126953125,1742308721.775548
1742308721,795640946,-0.06591796875,-0.09716796875,1.10546875,9.21630859375,18.73779296875,2.0751953125,1742308721.795641
1742308721,815412006,-0.0166015625,-0.00341796875,0.91015625,8.48388671875,-1.46484375,-4.150390625,1742308721.815412
1742308721,836086645,-0.04345703125,0.01953125,0.93017578125,6.40869140625,-14.2822265625,-7.6904296875,1742308721.8360868
1742308721,855445133,-0.03173828125,-0.0283203125,0.99609375,3.11279296875,-21.05712890625,-9.09423828125,1742308721.8554451
1742308721,875499955,0.01611328125,0.03173828125,0.92529296875,2.3193359375,-18.310546875,-10.8642578125,1742308721.8755
1742308721,895756679,0.04296875,0.01513671875,1.0498046875,2.25830078125,-9.94873046875,-13.36669921875,1742308721.8957567
1742308721,915611135,0.0126953125,0.060546875,1.046875,5.859375,6.28662109375,-11.90185546875,1742308721.915611
1742308721,935781069,-0.0546875,0.05908203125,0.90625,5.126953125,10.25390625,-10.43701171875,1742308721.935781
1742308721,955441785,-0.11083984375,0.06591796875,0.83544921875,10.25390625,0.3662109375,-5.9814453125,1742308721.9554417
1742308721,975626888,-0.0751953125,-0.01953125,0.81884765625,10.8642578125,-9.82666015625,-6.16455078125,1742308721.975627
1742308721,995691823,-0.0361328125,-0.2822265625,1.11962890625,21.54541015625,-6.7138671875,-4.39453125,1742308721.9956918
1742308722,15419249,-0.07080078125,-0.4072265625,1.0166015625,22.39990234375,-21.1181640625,-5.43212890625,1742308722.0154192
1742308722,35490198,0.26904296875,-0.357421875,1.11376953125,8.4228515625,-10.55908203125,8.544921875,1742308722.0354903
1742308722,55427250,0.33740234375,-0.1552734375,0.865234375,-2.01416015625,-4.82177734375,16.11328125,1742308722.0554273
1742308722,76019384,0.23095703125,-0.12158203125,1.06787109375,-11.23046875,12.51220703125,35.0341796875,1742308722.0760193
1742308722,97200100,-0.1005859375,-0.36767578125,1.08837890625,-3.5400390625,5.67626953125,42.90771484375,1742308722.0972002
1742308722,115393393,-0.0361328125,-0.490234375,0.919921875,2.62451171875,-1.77001953125,46.69189453125,1742308722.1153934
1742308722,135498616,0.09326171875,-0.275390625,0.9091796875,3.5400390625,0.42724609375,42.78564453125,1742308722.1354985
1742308722,155730663,0.1181640625,-0.1123046875,0.99658203125,4.82177734375,1.0986328125,42.05322265625,1742308722.1557307
1742308722,175874577,0.08056640625,-0.01318359375,1.05810546875,5.7373046875,3.60107421875,52.55126953125,1742308722.1758745
1742308722,190730344,0.01806640625,-0.05029296875,0.9931640625,9.033203125,2.685546875,60.9130859375,1742308722.1907303
1742308722,215706055,0.060546875,0.03466796875,0.79345703125,6.77490234375,5.67626953125,61.5234375,1742308722.215706
1742308722,235480536,0.10986328125,0.107421875,0.74853515625,1.03759765625,11.77978515625,60.4248046875,1742308722.2354805
1742308722,255379250,0.03662109375,0.1044921875,0.93896484375,5.43212890625,9.21630859375,54.931640625,1742308722.2553792
1742308722,275540189,0.02099609375,0.23486328125,0.833984375,3.41796875,7.4462890625,44.5556640625,1742308722.27554
1742308722,296533213,0.02392578125,0.1103515625,0.79638671875,0.48828125,13.0615234375,34.423828125,1742308722.296533
1742308722,315625667,0.001953125,0.052734375,0.8466796875,0.79345703125,6.04248046875,22.15576171875,1742308722.3156257
1742308722,335670662,0.0244140625,0.14794921875,0.88037109375,0.9765625,7.2021484375,9.1552734375,1742308722.3356707
1742308722,355727786,-0.1064453125,0.1640625,0.9580078125,0.67138671875,9.521484375,1.0986328125,1742308722.3557277
1742308722,375601442,-0.076171875,0.140625,0.94580078125,-0.18310546875,6.2255859375,-7.99560546875,1742308722.3756015
1742308722,390712778,-0.08154296875,0.08349609375,1.02685546875,5.7373046875,4.21142578125,-19.95849609375,1742308722.3907127
1742308722,415545311,-0.10546875,0.11181640625,0.90771484375,3.35693359375,7.6904296875,-29.9072265625,1742308722.4155452
1742308722,435442841,-0.134765625,0.1025390625,0.970703125,-1.40380859375,3.662109375,-38.6962890625,1742308722.435443
1742308722,455549984,-0.1748046875,0.1279296875,0.9892578125,2.0751953125,-6.40869140625,-42.66357421875,1742308722.45555
1742308722,475898679,-0.10107421875,0.15966796875,1.0107421875,0.732421875,-2.197265625,-42.48046875,1742308722.4758987
1742308722,496605221,-0.125,0.09033203125,0.9384765625,0.06103515625,0.42724609375,-41.80908203125,1742308722.4966052
1742308722,515479133,0.03515625,0.0439453125,0.9287109375,1.46484375,-1.5869140625,-42.41943359375,1742308722.515479
1742308722,535361046,-0.10986328125,0.01416015625,1.0478515625,0.54931640625,3.41796875,-42.724609375,1742308722.535361
1742308722,555420826,-0.1494140625,0.05224609375,1.04248046875,3.5400390625,0.244140625,-38.818359375,1742308722.5554209
1742308722,575468189,-0.1142578125,0.046875,1.0947265625,0.0,-1.708984375,-33.38623046875,1742308722.5754683
1742308722,596310163,-0.1455078125,-0.09814453125,0.994140625,4.82177734375,-2.50244140625,-29.6630859375,1742308722.5963101
1742308722,610558019,-0.03173828125,0.07275390625,0.9580078125,7.2021484375,-0.54931640625,-25.146484375,1742308722.610558
1742308722,635746288,-0.03369140625,0.0830078125,1.0009765625,-1.03759765625,-0.8544921875,-18.98193359375,1742308722.6357462
1742308722,655554756,-0.02197265625,0.02392578125,0.97021484375,-3.0517578125,0.79345703125,-16.845703125,1742308722.6555548
1742308722,675590919,-0.099609375,0.05126953125,0.94189453125,-3.47900390625,0.732421875,-9.1552734375,1742308722.675591
1742308722,695662923,-0.07080078125,0.04931640625,0.9609375,-3.173828125,-1.8310546875,-3.0517578125,1742308722.695663
1742308722,715582951,-0.087890625,0.08642578125,1.02783203125,-1.0986328125,-6.28662109375,0.79345703125,1742308722.7155828
1742308722,735504994,0.06005859375,0.046875,1.0283203125,3.5400390625,0.244140625,4.69970703125,1742308722.735505
1742308722,751389883,0.03271484375,0.16552734375,0.89013671875,-0.67138671875,-1.46484375,5.9814453125,1742308722.75139
1742308722,776016867,0.00537109375,0.15234375,1.0341796875,0.8544921875,5.06591796875,10.3759765625,1742308722.776017
1742308722,795526948,-0.0546875,0.0556640625,1.0087890625,8.544921875,-9.70458984375,13.97705078125,1742308722.795527
1742308722,815506947,-0.05224609375,0.087890625,0.86376953125,4.57763671875,-1.8310546875,15.19775390625,1742308722.815507
1742308722,835405053,-0.0478515625,0.0234375,0.94873046875,-3.2958984375,-5.9814453125,19.775390625,1742308722.835405
1742308722,855825240,0.0478515625,-0.01123046875,1.0517578125,-1.64794921875,-2.50244140625,20.93505859375,1742308722.8558252
1742308722,875817528,0.0712890625,0.06298828125,1.04638671875,4.638671875,5.126953125,17.9443359375,1742308722.8758175
1742308722,895524262,0.03662109375,0.12890625,1.02734375,-1.708984375,4.33349609375,15.869140625,1742308722.8955243
1742308722,915456482,-0.05029296875,0.04931640625,1.13671875,0.18310546875,1.8310546875,15.5029296875,1742308722.9154565
1742308722,935435905,-0.07763671875,0.09326171875,1.111328125,9.94873046875,0.48828125,18.85986328125,1742308722.935436
1742308722,955513574,-0.056640625,0.0361328125,0.94384765625,5.37109375,-1.220703125,16.90673828125,1742308722.9555135
1742308722,975488997,0.07421875,0.05712890625,0.93896484375,1.220703125,6.7138671875,14.34326171875,1742308722.975489
1742308722,995486021,-0.06201171875,0.08251953125,1.1015625,0.91552734375,4.69970703125,15.56396484375,1742308722.995486
1742308723,15501048,-0.064453125,0.11083984375,1.0986328125,4.7607421875,2.0751953125,16.2353515625,1742308723.015501
1742308723,35455604,-0.05078125,0.111328125,0.8662109375,1.28173828125,3.662109375,15.93017578125,1742308723.0354557
1742308723,55481333,-0.04541015625,0.09326171875,0.78076171875,-4.2724609375,-2.8076171875,16.6015625,1742308723.0554814
1742308723,75603100,0.0244140625,0.06103515625,1.04150390625,-8.60595703125,4.45556640625,14.58740234375,1742308723.075603
1742308723,95592059,-0.0283203125,0.01025390625,1.16796875,-0.79345703125,2.685546875,14.70947265625,1742308723.095592
1742308723,115492340,-0.02490234375,0.03759765625,0.99365234375,2.86865234375,1.89208984375,15.31982421875,1742308723.1154923
1742308723,135405517,0.0615234375,0.09423828125,0.76318359375,-4.2724609375,5.06591796875,13.12255859375,1742308723.1354055
1742308723,155448815,0.013671875,0.1201171875,0.79296875,-6.28662109375,-0.6103515625,11.04736328125,1742308723.155449
1742308723,175491729,-0.0908203125,0.01904296875,1.03955078125,0.1220703125,-3.35693359375,12.26806640625,1742308723.1754918
1742308723,195464975,-0.1328125,0.07666015625,0.966796875,3.173828125,-4.5166015625,14.83154296875,1742308723.195465
1742308723,215414507,0.00732421875,0.08642578125,0.9638671875,-0.8544921875,0.0,14.5263671875,1742308723.2154145
1742308723,235446924,-0.00390625,0.03125,1.00146484375,2.3193359375,1.89208984375,10.43701171875,1742308723.235447
1742308723,255452107,0.0546875,0.06689453125,0.9609375,-0.244140625,0.91552734375,6.9580078125,1742308723.2554522
1742308723,275588179,0.00244140625,0.0693359375,1.04296875,-7.01904296875,2.0751953125,7.14111328125,1742308723.2755883
1742308723,295562737,-0.10546875,0.03857421875,1.0791015625,1.77001953125,-1.5869140625,8.85009765625,1742308723.2955627
1742308723,315520301,-0.0791015625,0.0771484375,0.93408203125,8.11767578125,-1.5869140625,9.3994140625,1742308723.3155203
1742308723,335475882,0.09130859375,0.23779296875,0.78173828125,-3.60107421875,1.220703125,7.080078125,1742308723.335476
1742308723,355471465,0.00341796875,0.0634765625,1.0595703125,-6.2255859375,6.591796875,7.26318359375,1742308723.3554714
1742308723,375501834,-0.0205078125,0.05517578125,0.95703125,3.90625,-0.48828125,6.4697265625,1742308723.3755019
1742308723,395480071,-0.07763671875,0.0615234375,0.81640625,-1.5869140625,-0.30517578125,5.859375,1742308723.3954802
1742308723,415437188,-0.02783203125,0.05126953125,0.9697265625,-3.96728515625,-0.1220703125,7.568359375,1742308723.4154372
1742308723,435523049,-0.03125,0.1240234375,0.99169921875,-4.82177734375,0.91552734375,7.38525390625,1742308723.435523
1742308723,455490406,-0.01171875,0.0908203125,0.943359375,-4.08935546875,1.15966796875,8.36181640625,1742308723.4554904
1742308723,475850875,-0.0205078125,0.0478515625,0.95068359375,-4.08935546875,1.8310546875,7.8125,1742308723.4758508
1742308723,496034438,-0.06640625,0.00732421875,1.16552734375,10.55908203125,2.44140625,8.544921875,1742308723.4960344
1742308723,515857114,-0.05029296875,0.0244140625,0.8671875,2.3193359375,-5.37109375,8.48388671875,1742308723.5158572
1742308723,535656109,0.03369140625,0.02294921875,0.96435546875,-5.79833984375,2.44140625,6.04248046875,1742308723.5356562
1742308723,555493762,-0.103515625,0.03955078125,1.05908203125,0.42724609375,-3.5400390625,7.4462890625,1742308723.5554938
1742308723,575502402,-0.00439453125,0.04345703125,1.06689453125,8.4228515625,-1.15966796875,9.94873046875,1742308723.5755024
1742308723,595554148,-0.02001953125,0.13232421875,0.8603515625,4.150390625,1.46484375,8.72802734375,1742308723.595554
1742308723,615471166,-0.05712890625,0.05517578125,1.06396484375,0.244140625,0.54931640625,8.23974609375,1742308723.6154711
1742308723,635496703,-0.00244140625,0.04248046875,1.0869140625,3.23486328125,0.06103515625,7.2021484375,1742308723.6354966
1742308723,655462172,0.04150390625,0.0966796875,0.98876953125,-0.79345703125,1.89208984375,6.16455078125,1742308723.6554623
1742308723,675473372,-0.0263671875,0.0908203125,1.0048828125,0.0,3.47900390625,6.16455078125,1742308723.6754735
1742308723,695530590,-0.05322265625,0.0791015625,1.05419921875,12.14599609375,0.6103515625,6.8359375,1742308723.6955307
1742308723,715464794,-0.06884765625,0.130859375,0.94091796875,1.953125,1.28173828125,7.4462890625,1742308723.7154648
1742308723,735459032,-0.05322265625,0.0380859375,0.9052734375,-0.79345703125,0.9765625,7.75146484375,1742308723.735459
1742308723,755421493,-0.01513671875,0.0869140625,0.892578125,-1.03759765625,-0.18310546875,5.9814453125,1742308723.7554214
1742308723,775528283,-0.0673828125,0.0712890625,0.99267578125,-0.732421875,2.74658203125,7.6904296875,1742308723.7755282
1742308723,795579742,-0.0830078125,0.07080078125,1.07421875,-1.0986328125,0.244140625,7.99560546875,1742308723.7955797
1742308723,815614207,-0.03173828125,0.05029296875,0.9150390625,-3.23486328125,-0.48828125,5.55419921875,1742308723.8156142
1742308723,835527705,-0.00439453125,0.1103515625,0.9423828125,-1.953125,3.0517578125,5.0048828125,1742308723.8355277
1742308723,855525656,-0.02099609375,0.0966796875,1.04736328125,2.5634765625,4.150390625,3.72314453125,1742308723.8555257
1742308723,875568538,-0.0859375,0.056640625,0.9736328125,2.50244140625,-3.47900390625,1.40380859375,1742308723.8755686
1742308723,895544663,-0.056640625,0.056640625,0.796875,-3.35693359375,-2.25830078125,-0.67138671875,1742308723.8955448
1742308723,915538998,-0.017578125,0.1171875,0.890625,-6.34765625,-2.685546875,-1.953125,1742308723.915539
1742308723,935468017,-0.10009765625,0.08056640625,1.11279296875,-0.06103515625,-1.46484375,2.01416015625,1742308723.935468
1742308723,955572919,-0.11669921875,0.103515625,0.97705078125,4.0283203125,-5.37109375,4.94384765625,1742308723.9555728
1742308723,975574326,0.09326171875,0.115234375,0.875,-1.8310546875,1.5869140625,0.732421875,1742308723.9755743
1742308723,995557556,-0.02880859375,0.02978515625,1.005859375,-1.15966796875,2.62451171875,-1.3427734375,1742308723.9955575
1742308724,15355513,0.0166015625,0.046875,0.97705078125,-1.3427734375,3.0517578125,-3.35693359375,1742308724.0153556
1742308724,35518274,-0.0283203125,0.08349609375,1.03173828125,-0.42724609375,3.41796875,-6.2255859375,1742308724.0355182
1742308724,55535682,-0.12158203125,0.02880859375,0.99560546875,7.01904296875,0.9765625,-5.7373046875,1742308724.0555358
1742308724,75512256,-0.1044921875,0.10791015625,1.00146484375,5.55419921875,1.220703125,-2.44140625,1742308724.0755122
1742308724,95630790,-0.08935546875,0.07861328125,1.005859375,0.06103515625,-1.5869140625,-1.03759765625,1742308724.095631
1742308724,115484861,-0.00927734375,0.04541015625,0.93896484375,3.173828125,3.5400390625,-1.220703125,1742308724.115485
1742308724,135523422,-0.09130859375,0.0888671875,0.8779296875,-1.03759765625,1.77001953125,-1.40380859375,1742308724.1355233
1742308724,155578304,-0.10302734375,0.10595703125,0.98779296875,-5.18798828125,-2.86865234375,0.732421875,1742308724.1555784
1742308724,175486970,0.00732421875,0.10009765625,0.95849609375,-6.89697265625,4.33349609375,0.67138671875,1742308724.175487
1742308724,195569886,-0.0615234375,0.10986328125,0.96728515625,-2.25830078125,-0.1220703125,0.6103515625,1742308724.19557
1742308724,215534651,0.01220703125,0.0986328125,1.09326171875,1.89208984375,3.173828125,-1.28173828125,1742308724.2155347
1742308724,235495928,-0.0986328125,0.0302734375,0.9853515625,5.79833984375,-4.57763671875,-1.77001953125,1742308724.235496
1742308724,255506456,-0.00732421875,0.09033203125,0.80810546875,-0.6103515625,-1.5869140625,-1.77001953125,1742308724.2555065
1742308724,275558362,-0.0673828125,0.03271484375,0.984375,-0.3662109375,-0.54931640625,-2.13623046875,1742308724.2755585
1742308724,295576186,-0.07666015625,0.06982421875,1.0478515625,2.13623046875,-2.62451171875,0.6103515625,1742308724.295576
1742308724,315515285,-0.140625,0.03173828125,1.171875,7.75146484375,-0.6103515625,4.0283203125,1742308724.3155153
1742308724,335531446,-0.09033203125,0.05126953125,0.9375,8.9111328125,-1.8310546875,5.06591796875,1742308724.3355315
1742308724,355509907,0.02294921875,0.0732421875,0.87353515625,-1.220703125,0.9765625,2.44140625,1742308724.35551
1742308724,375768866,0.0615234375,0.0751953125,0.9921875,-3.72314453125,-0.9765625,-0.1220703125,1742308724.375769
1742308724,390705806,-0.005859375,0.09033203125,0.947265625,-0.48828125,2.13623046875,-0.6103515625,1742308724.3907058
1742308724,415790914,-0.0498046875,0.15576171875,0.9921875,-0.54931640625,0.91552734375,-1.15966796875,1742308724.4157908
1742308724,435583892,-0.05078125,0.10302734375,1.08544921875,10.3759765625,0.91552734375,-1.15966796875,1742308724.4355838
1742308724,455582131,-0.04150390625,0.11962890625,0.935546875,2.38037109375,1.953125,0.244140625,1742308724.4555821
1742308724,475658775,-0.02197265625,0.01025390625,0.923828125,-4.21142578125,6.2255859375,0.30517578125,1742308724.475659
1742308724,495516781,-0.07470703125,-0.02001953125,0.91796875,-0.79345703125,1.40380859375,0.48828125,1742308724.4955168
1742308724,515753051,-0.07470703125,0.05712890625,0.96533203125,-0.244140625,-3.47900390625,2.25830078125,1742308724.515753
1742308724,535614546,0.025390625,0.1513671875,1.0263671875,-3.2958984375,2.01416015625,4.69970703125,1742308724.5356145
1742308724,555567502,-0.03564453125,0.1044921875,0.9638671875,-3.96728515625,4.2724609375,5.4931640625,1742308724.5555675
1742308724,575626192,-0.0341796875,0.08837890625,0.9755859375,-3.72314453125,-1.77001953125,5.859375,1742308724.5756261
1742308724,595693684,-0.0068359375,0.0517578125,0.91162109375,-0.67138671875,1.46484375,7.2021484375,1742308724.5956936
1742308724,615506055,-0.11572265625,0.07080078125,0.9111328125,-1.5869140625,-5.2490234375,9.765625,1742308724.6155062
1742308724,635582603,-0.021484375,0.14208984375,0.9130859375,-1.8310546875,0.30517578125,10.8642578125,1742308724.6355827
1742308724,655675984,-0.017578125,0.10693359375,0.998046875,-3.662109375,-3.0517578125,13.7939453125,1742308724.655676
1742308724,675760148,-0.0390625,0.03369140625,1.0537109375,-0.244140625,-2.0751953125,14.2822265625,1742308724.67576
1742308724,695652813,-0.02099609375,0.06005859375,1.03955078125,3.173828125,-0.91552734375,15.07568359375,1742308724.6956527
1742308724,715515107,-0.0341796875,0.0546875,0.93798828125,-0.54931640625,-1.8310546875,19.47021484375,1742308724.7155151
1742308724,735587463,0.06640625,0.03662109375,0.92919921875,-4.7607421875,-0.8544921875,22.3388671875,1742308724.7355874
1742308724,755681644,0.0458984375,0.16943359375,0.92626953125,-4.150390625,2.62451171875,21.8505859375,1742308724.7556818
1742308724,775700812,0.0322265625,0.07373046875,0.98779296875,-5.2490234375,-0.67138671875,18.5546875,1742308724.7757008
1742308724,795579492,0.005859375,0.0703125,1.060546875,6.34765625,1.15966796875,16.2353515625,1742308724.7955794
1742308724,815628774,-0.04443359375,0.0791015625,1.06640625,2.99072265625,4.08935546875,17.51708984375,1742308724.8156288
1742308724,835639942,-0.03759765625,0.05615234375,0.99658203125,-1.28173828125,1.3427734375,18.85986328125,1742308724.83564
1742308724,855749419,-0.0419921875,0.01416015625,0.9306640625,0.06103515625,3.47900390625,20.99609375,1742308724.8557494
1742308724,876050109,-0.01220703125,0.02685546875,0.91650390625,0.8544921875,-0.3662109375,21.728515625,1742308724.87605
1742308724,895751178,0.01220703125,0.08154296875,1.0576171875,-4.33349609375,3.662109375,20.751953125,1742308724.8957512
1742308724,915617569,-0.03515625,0.04345703125,1.02734375,-1.77001953125,-3.2958984375,22.76611328125,1742308724.9156175
1742308724,935824588,0.041015625,0.04541015625,0.953125,-1.8310546875,1.220703125,23.681640625,1742308724.9358246
1742308724,955624287,-0.07177734375,0.1162109375,0.92578125,2.8076171875,-2.197265625,24.10888671875,1742308724.9556243
1742308724,975583356,0.0224609375,0.09716796875,0.8671875,0.0,-2.25830078125,24.90234375,1742308724.9755833
1742308724,995558618,-0.03466796875,0.0390625,0.9072265625,-4.21142578125,0.0,23.74267578125,1742308724.9955585
1742308725,15477511,-0.05517578125,0.02294921875,1.12744140625,0.79345703125,-4.45556640625,29.60205078125,1742308725.0154774
1742308725,35568652,-0.01806640625,0.0068359375,1.0908203125,2.86865234375,0.54931640625,32.53173828125,1742308725.0355687
1742308725,56401149,0.07080078125,0.01611328125,0.90966796875,0.42724609375,-0.8544921875,30.1513671875,1742308725.0564013
1742308725,75597518,0.0009765625,0.06884765625,0.9765625,0.42724609375,3.41796875,30.029296875,1742308725.0755975
1742308725,95652113,-0.0048828125,0.0986328125,1.1103515625,4.45556640625,6.34765625,30.82275390625,1742308725.095652
1742308725,115575724,-0.11083984375,0.0634765625,0.94384765625,4.94384765625,-1.77001953125,33.935546875,1742308725.1155758
1742308725,135645809,-0.01025390625,0.08642578125,0.95068359375,4.82177734375,-3.90625,34.48486328125,1742308725.1356459
1742308725,155737878,0.15234375,0.07421875,1.037109375,6.16455078125,6.16455078125,32.1044921875,1742308725.1557379
1742308725,175923297,0.07470703125,0.0732421875,0.998046875,-0.732421875,0.42724609375,31.67724609375,1742308725.1759233
1742308725,195973284,-0.0927734375,0.0546875,0.982421875,-0.3662109375,4.08935546875,32.28759765625,1742308725.1959734
1742308725,215665170,-0.0849609375,0.03564453125,0.91259765625,2.685546875,0.54931640625,35.82763671875,1742308725.215665
1742308725,235834076,0.0302734375,0.037109375,0.890625,-3.84521484375,-0.8544921875,37.109375,1742308725.2358341
1742308725,255753911,0.037109375,0.05224609375,0.9501953125,-5.06591796875,1.8310546875,37.78076171875,1742308725.255754
1742308725,275771992,0.02001953125,0.1142578125,0.83203125,-5.06591796875,-1.3427734375,39.97802734375,1742308725.275772
1742308725,295916769,0.10400390625,0.130859375,0.93798828125,0.732421875,1.89208984375,37.109375,1742308725.2959168
1742308725,315620079,0.03857421875,0.109375,0.83740234375,4.638671875,-3.41796875,34.912109375,1742308725.3156202
1742308725,335582029,-0.025390625,0.16162109375,0.7626953125,-4.39453125,-1.77001953125,34.7900390625,1742308725.335582
1742308725,357069093,-0.00341796875,0.14208984375,0.958984375,-5.92041015625,-3.41796875,37.41455078125,1742308725.357069
1742308725,375885215,0.1044921875,0.09521484375,0.99560546875,1.52587890625,3.173828125,36.62109375,1742308725.3758852
1742308725,395927905,-0.0029296875,0.07568359375,1.001953125,1.89208984375,2.44140625,38.02490234375,1742308725.395928
1742308725,415658065,-0.00634765625,0.1015625,1.0673828125,-0.9765625,-0.1220703125,41.3818359375,1742308725.415658
1742308725,435655249,0.03076171875,0.0703125,0.95849609375,0.0,1.708984375,41.32080078125,1742308725.4356554
1742308725,450776689,0.09326171875,0.142578125,0.802734375,1.46484375,-1.3427734375,40.34423828125,1742308725.4507766
1742308725,475961572,0.1240234375,0.1015625,0.970703125,0.42724609375,4.21142578125,36.9873046875,1742308725.4759617
1742308725,495912129,-0.01953125,0.02783203125,1.16748046875,6.89697265625,7.50732421875,36.7431640625,1742308725.495912
1742308725,510712717,-0.04150390625,0.0908203125,1.1962890625,6.89697265625,3.0517578125,40.0390625,1742308725.5107126
1742308725,535934114,-0.0126953125,0.05859375,1.00048828125,2.86865234375,1.28173828125,39.9169921875,1742308725.5359342
1742308725,555775225,-0.05126953125,0.07568359375,0.85791015625,-2.13623046875,0.1220703125,41.19873046875,1742308725.5557752
1742308725,570830708,0.013671875,0.08935546875,0.88232421875,-8.60595703125,-2.197265625,43.701171875,1742308725.5708308
1742308725,590854549,0.1064453125,0.0400390625,1.0732421875,-3.41796875,4.39453125,43.27392578125,1742308725.5908546
1742308725,615819259,0.072265625,0.04345703125,1.03857421875,1.28173828125,0.42724609375,42.78564453125,1742308725.6158192
1742308725,635751895,0.02685546875,0.01123046875,1.1376953125,4.8828125,3.60107421875,43.27392578125,1742308725.635752
1742308725,655979301,-0.00048828125,0.03271484375,0.90380859375,1.28173828125,-1.8310546875,45.41015625,1742308725.6559794
1742308725,675748087,0.060546875,0.1220703125,0.72265625,-2.197265625,1.8310546875,45.7763671875,1742308725.675748
1742308725,695613103,0.0322265625,0.14306640625,0.74169921875,-7.32421875,-3.84521484375,45.10498046875,1742308725.6956131
1742308725,715739191,0.07177734375,0.09326171875,1.048828125,-3.2958984375,-0.3662109375,45.95947265625,1742308725.7157393
1742308725,735722774,0.017578125,0.15185546875,0.9951171875,3.7841796875,0.91552734375,46.2646484375,1742308725.7357228
1742308725,755704468,0.03271484375,0.1240234375,0.8916015625,1.03759765625,1.0986328125,46.20361328125,1742308725.7557044
1742308725,776187985,0.052734375,0.07470703125,0.9765625,-2.38037109375,0.244140625,44.0673828125,1742308725.776188
1742308725,795695700,0.0341796875,0.0654296875,1.02978515625,0.18310546875,5.7373046875,41.80908203125,1742308725.7956958
1742308725,815697108,-0.064453125,0.001953125,1.02294921875,-0.3662109375,-1.64794921875,41.68701171875,1742308725.8156972
1742308725,835662290,0.1328125,0.05419921875,1.06201171875,2.01416015625,5.37109375,39.36767578125,1742308725.8356624
1742308725,855943363,0.0185546875,0.00439453125,0.96923828125,-0.42724609375,3.23486328125,39.85595703125,1742308725.8559434
1742308725,877299251,0.08203125,0.0859375,0.76953125,-0.6103515625,2.25830078125,37.41455078125,1742308725.8772993
1742308725,895754008,0.09033203125,0.18359375,0.728515625,-3.47900390625,3.662109375,34.85107421875,1742308725.895754
1742308725,916093452,-0.06494140625,0.1015625,0.99462890625,-2.197265625,1.03759765625,34.24072265625,1742308725.9160933
1742308725,935608271,-0.0654296875,0.07568359375,1.12451171875,2.86865234375,3.41796875,37.29248046875,1742308725.9356084
1742308725,955790330,-0.03173828125,0.10595703125,0.9384765625,-1.15966796875,-2.01416015625,40.46630859375,1742308725.9557903
1742308725,975836316,0.103515625,0.12109375,1.1181640625,3.662109375,-0.91552734375,41.19873046875,1742308725.9758363
1742308725,990809395,0.0595703125,0.064453125,0.9267578125,5.18798828125,-0.06103515625,40.58837890625,1742308725.9908094
1742308726,15723721,0.0458984375,0.03369140625,0.96142578125,-0.9765625,3.90625,42.17529296875,1742308726.0157237
1742308726,35719850,-0.03955078125,0.0546875,1.01904296875,2.13623046875,-1.8310546875,45.22705078125,1742308726.0357199
1742308726,55730669,-0.0361328125,0.10009765625,1.1787109375,6.40869140625,-1.46484375,46.875,1742308726.0557306
1742308726,75725870,0.0703125,0.09423828125,1.1220703125,7.75146484375,1.40380859375,46.7529296875,1742308726.0757258
1742308726,95723760,0.05126953125,0.0361328125,0.97265625,0.42724609375,3.84521484375,44.98291015625,1742308726.0957239
1742308726,110882011,0.0791015625,0.0556640625,0.87744140625,-1.03759765625,7.568359375,43.0908203125,1742308726.110882
1742308726,136867382,0.0107421875,0.07568359375,0.89404296875,0.244140625,1.8310546875,40.22216796875,1742308726.1368673
1742308726,155991557,0.00341796875,0.1474609375,0.927734375,2.74658203125,-2.50244140625,38.63525390625,1742308726.1559916
1742308726,176150768,0.126953125,0.2646484375,0.85400390625,1.15966796875,6.53076171875,32.71484375,1742308726.1761508
1742308726,195766044,0.013671875,0.09326171875,0.9541015625,-1.40380859375,0.91552734375,29.9072265625,1742308726.195766
1742308726,215645815,0.046875,0.02880859375,0.9775390625,0.9765625,1.89208984375,33.38623046875,1742308726.2156458
1742308726,230847940,0.04345703125,0.0830078125,0.94921875,0.42724609375,4.21142578125,36.9873046875,1742308726.2308478
1742308726,255960269,0.0029296875,0.10205078125,1.0341796875,2.5634765625,4.39453125,40.10009765625,1742308726.2559602
1742308726,276114168,0.03076171875,0.14013671875,1.138671875,-2.62451171875,2.8076171875,40.6494140625,1742308726.2761142
1742308726,296222848,-0.03515625,0.00927734375,1.08740234375,0.48828125,-0.06103515625,42.1142578125,1742308726.296223
1742308726,316161150,0.07373046875,-0.03515625,1.0615234375,8.11767578125,5.79833984375,42.96875,1742308726.3161612
1742308726,335706246,-0.0244140625,0.06591796875,1.1142578125,3.23486328125,6.40869140625,43.212890625,1742308726.3357062
1742308726,355824079,-0.0908203125,-0.04541015625,1.17431640625,7.99560546875,-4.0283203125,46.20361328125,1742308726.355824
1742308726,375817872,0.00634765625,0.0869140625,0.91162109375,-1.220703125,-0.30517578125,47.30224609375,1742308726.3758178
1742308726,395776496,0.01220703125,0.0498046875,0.98486328125,-5.92041015625,-1.0986328125,47.18017578125,1742308726.3957765
1742308726,415705006,0.10107421875,0.03857421875,1.0390625,4.33349609375,1.64794921875,44.0673828125,1742308726.415705
1742308726,435895098,0.12353515625,0.0830078125,0.87451171875,0.0,6.77490234375,41.80908203125,1742308726.4358952
1742308726,455790646,0.00390625,0.13671875,0.9052734375,0.6103515625,2.38037109375,43.88427734375,1742308726.4557908
1742308726,475800025,-0.009765625,0.1748046875,0.92529296875,-0.9765625,-0.732421875,47.05810546875,1742308726.4758
1742308726,495787002,0.02490234375,0.119140625,0.876953125,1.28173828125,-2.0751953125,47.9736328125,1742308726.495787
1742308726,515790364,0.19482421875,0.2001953125,0.88623046875,6.40869140625,7.8125,44.43359375,1742308726.5157905
1742308726,535741243,0.13525390625,0.2041015625,0.93896484375,1.8310546875,5.7373046875,41.56494140625,1742308726.5357413
1742308726,555813601,0.0263671875,0.1259765625,0.841796875,-2.01416015625,0.732421875,43.02978515625,1742308726.5558136
1742308726,575896648,0.07568359375,0.08251953125,0.86328125,2.62451171875,2.13623046875,45.0439453125,1742308726.5758967
1742308726,595921003,-0.05126953125,0.10205078125,0.923828125,-3.96728515625,3.173828125,44.3115234375,1742308726.595921
1742308726,615776229,0.04736328125,0.0732421875,1.13232421875,-4.7607421875,1.28173828125,41.80908203125,1742308726.6157763
1742308726,635857771,0.04248046875,-0.00537109375,1.06103515625,1.708984375,3.35693359375,39.4287109375,1742308726.6358578
1742308726,655788105,-0.00048828125,0.00048828125,1.021484375,5.615234375,5.92041015625,38.57421875,1742308726.6557882
1742308726,670952596,0.00830078125,0.00634765625,1.025390625,0.18310546875,2.685546875,35.46142578125,1742308726.6709526
1742308726,695703688,-0.06982421875,-0.03466796875,1.06201171875,-3.90625,1.89208984375,33.0810546875,1742308726.6957037
1742308726,715705226,-0.01611328125,-0.0205078125,1.083984375,2.13623046875,0.244140625,30.1513671875,1742308726.7157052
1742308726,735850676,-0.03955078125,0.0068359375,1.1162109375,4.21142578125,2.38037109375,27.40478515625,1742308726.7358506
1742308726,755859319,-0.0087890625,0.037109375,1.1591796875,4.8828125,-3.35693359375,25.57373046875,1742308726.7558594
1742308726,775952222,0.0029296875,0.10205078125,0.97265625,-3.11279296875,6.77490234375,23.86474609375,1742308726.7759523
1742308726,795717650,-0.02783203125,0.0830078125,0.998046875,-4.8828125,1.5869140625,22.8271484375,1742308726.7957177
1742308726,815795097,0.0654296875,0.1162109375,1.0048828125,1.89208984375,5.4931640625,22.64404296875,1742308726.8157952
1742308726,836028680,-0.01416015625,0.099609375,0.9326171875,-0.79345703125,1.77001953125,21.91162109375,1742308726.8360286
1742308726,855985831,0.05029296875,0.0458984375,1.03955078125,4.7607421875,7.75146484375,22.705078125,1742308726.8559859
1742308726,870900996,-0.064453125,0.10546875,1.00927734375,0.06103515625,-1.0986328125,23.3154296875,1742308726.870901
1742308726,896090129,-0.0185546875,0.1318359375,1.01904296875,2.38037109375,1.3427734375,24.59716796875,1742308726.89609
1742308726,915972012,0.00390625,0.1572265625,0.79638671875,1.77001953125,-1.0986328125,24.59716796875,1742308726.915972
1742308726,935716704,0.04931640625,0.07861328125,0.84326171875,-6.04248046875,2.3193359375,24.59716796875,1742308726.9357166
1742308726,955950447,0.08544921875,0.0400390625,1.03076171875,-2.01416015625,2.38037109375,23.0712890625,1742308726.9559505
1742308726,975898254,0.0107421875,0.06005859375,0.96630859375,-4.21142578125,1.46484375,23.4375,1742308726.9758983
1742308726,995946098,-0.02099609375,0.0078125,1.029296875,-3.84521484375,2.685546875,24.7802734375,1742308726.9959462
1742308727,12227958,0.00537109375,-0.0166015625,0.90380859375,0.42724609375,3.96728515625,24.84130859375,1742308727.012228
1742308727,35975726,-0.0068359375,0.041015625,0.8740234375,-1.5869140625,-2.86865234375,24.169921875,1742308727.0359757
1742308727,56202879,-0.0546875,0.1142578125,0.96142578125,-3.41796875,-0.91552734375,23.49853515625,1742308727.056203
1742308727,71074467,-0.087890625,0.07177734375,1.07763671875,-4.7607421875,-2.8076171875,27.03857421875,1742308727.0710745
1742308727,95876022,-0.0126953125,0.0732421875,0.962890625,-2.9296875,-1.52587890625,27.34375,1742308727.095876
1742308727,115800887,0.0927734375,0.1767578125,0.93310546875,0.42724609375,1.64794921875,24.59716796875,1742308727.1158009
1742308727,135739256,-0.060546875,0.14990234375,0.93994140625,3.60107421875,-1.5869140625,22.8271484375,1742308727.1357393
1742308727,155812865,0.01171875,0.0732421875,0.9599609375,3.23486328125,-0.79345703125,27.34375,1742308727.155813
1742308727,175814982,-0.01025390625,0.05126953125,0.9658203125,1.220703125,-2.13623046875,28.38134765625,1742308727.1758149
1742308727,195775336,0.11865234375,0.1025390625,0.962890625,7.080078125,2.9296875,24.59716796875,1742308727.1957753
1742308727,215683592,0.03857421875,0.12255859375,0.9169921875,5.06591796875,0.1220703125,20.93505859375,1742308727.2156837
1742308727,235850102,0.0048828125,0.03515625,0.9931640625,0.6103515625,7.38525390625,20.6298828125,1742308727.23585
1742308727,255897885,-0.03759765625,-0.00927734375,1.0029296875,11.1083984375,1.89208984375,22.64404296875,1742308727.255898
1742308727,275817181,-0.03662109375,0.23681640625,0.9150390625,8.60595703125,2.8076171875,25.08544921875,1742308727.2758172
1742308727,295705948,0.02392578125,0.154296875,0.99267578125,-2.25830078125,1.46484375,29.47998046875,1742308727.295706
1742308727,315757091,-0.0009765625,0.02001953125,0.95361328125,2.3193359375,0.30517578125,32.28759765625,1742308727.315757
1742308727,335845133,0.06884765625,0.0615234375,0.89306640625,3.90625,1.3427734375,31.1279296875,1742308727.3358452
1742308727,355867731,0.05908203125,0.07666015625,1.04248046875,5.55419921875,0.67138671875,33.87451171875,1742308727.3558676
1742308727,376039746,-0.00732421875,0.056640625,0.9716796875,1.40380859375,1.89208984375,33.63037109375,1742308727.3760397
1742308727,395768855,0.02587890625,-0.00537109375,0.9033203125,-1.52587890625,1.28173828125,33.0810546875,1742308727.395769
1742308727,415789789,-0.017578125,0.03173828125,0.947265625,-0.18310546875,2.9296875,31.92138671875,1742308727.4157898
1742308727,435782689,0.02099609375,0.09765625,1.0966796875,5.92041015625,4.150390625,33.26416015625,1742308727.4357827
1742308727,455969744,-0.076171875,0.1044921875,1.0615234375,6.591796875,-3.7841796875,34.72900390625,1742308727.4559698
1742308727,476945068,0.0224609375,0.1181640625,1.08935546875,7.01904296875,-1.5869140625,34.5458984375,1742308727.4769452
1742308727,496288300,-0.0107421875,0.07861328125,1.04052734375,5.0048828125,2.44140625,32.470703125,1742308727.4962883
1742308727,516099814,0.00732421875,0.02685546875,0.94140625,3.41796875,2.197265625,33.99658203125,1742308727.5161
1742308727,535816699,-0.02880859375,0.05224609375,0.9599609375,-2.0751953125,5.31005859375,35.82763671875,1742308727.5358167
1742308727,555949255,-0.03076171875,0.03955078125,1.10498046875,8.7890625,-11.3525390625,35.0341796875,1742308727.5559492
1742308727,575896297,0.07666015625,0.21533203125,0.9580078125,4.33349609375,7.9345703125,31.6162109375,1742308727.5758963
1742308727,596166653,0.04443359375,0.197265625,0.8037109375,-7.8125,-2.62451171875,34.24072265625,1742308727.5961666
1742308727,615902866,0.0751953125,0.05126953125,0.90087890625,-6.9580078125,2.197265625,34.66796875,1742308727.615903
1742308727,635861493,0.01416015625,0.01953125,0.984375,-0.48828125,0.1220703125,37.04833984375,1742308727.6358614
1742308727,656095911,0.115234375,0.013671875,1.00244140625,2.5634765625,6.103515625,39.4287109375,1742308727.656096
1742308727,676003270,0.05126953125,0.02880859375,0.94189453125,-2.38037109375,3.662109375,43.701171875,1742308727.6760032
1742308727,691177308,0.02392578125,0.09521484375,1.1083984375,0.244140625,5.06591796875,48.33984375,1742308727.6911774
1742308727,715868488,0.06494140625,0.14404296875,0.8798828125,-1.708984375,1.708984375,49.01123046875,1742308727.7158685
1742308727,735995028,0.00537109375,0.0537109375,0.86669921875,-1.3427734375,-1.03759765625,49.560546875,1742308727.735995
1742308727,756113759,-0.0146484375,0.01025390625,0.9833984375,0.48828125,-1.77001953125,49.072265625,1742308727.7561138
1742308727,776077122,0.01806640625,0.02734375,1.17626953125,3.96728515625,1.64794921875,49.8046875,1742308727.776077
1742308727,795880956,0.078125,0.10400390625,1.08056640625,1.77001953125,1.708984375,52.3681640625,1742308727.795881
1742308727,815836094,0.14501953125,0.07080078125,0.95703125,-2.74658203125,2.50244140625,51.3916015625,1742308727.8158362
1742308727,835938888,0.11328125,0.0546875,0.92236328125,-1.64794921875,5.0048828125,49.13330078125,1742308727.835939
1742308727,856292673,0.068359375,0.076171875,1.017578125,-0.30517578125,6.9580078125,46.7529296875,1742308727.8562927
1742308727,875885135,-0.0146484375,0.029296875,1.029296875,3.47900390625,-0.79345703125,48.15673828125,1742308727.8758852
1742308727,895816944,0.1103515625,0.0771484375,0.8701171875,1.708984375,1.03759765625,47.54638671875,1742308727.895817
1742308727,915641291,0.1474609375,0.181640625,0.8525390625,-2.685546875,9.6435546875,45.10498046875,1742308727.9156413
1742308727,935847867,0.0888671875,0.095703125,0.9443359375,0.244140625,4.7607421875,45.34912109375,1742308727.9358478
1742308727,956098382,-0.01025390625,0.1064453125,0.97216796875,0.244140625,3.7841796875,50.84228515625,1742308727.9560983
1742308727,976029359,-0.0859375,0.07763671875,1.12255859375,3.0517578125,0.54931640625,54.38232421875,1742308727.9760294
1742308727,996041588,-0.017578125,0.01416015625,1.04931640625,-1.64794921875,-0.54931640625,53.7109375,1742308727.9960415
1742308728,15743100,0.03173828125,0.017578125,1.068359375,-7.8125,1.89208984375,53.466796875,1742308728.015743
1742308728,35974417,0.0654296875,0.0234375,1.16748046875,3.35693359375,6.9580078125,50.96435546875,1742308728.0359745
1742308728,56065854,0.0126953125,0.0771484375,0.96240234375,4.0283203125,2.62451171875,47.36328125,1742308728.0560658
1742308728,75999363,-0.076171875,0.04052734375,0.95068359375,1.708984375,-0.9765625,49.560546875,1742308728.0759993
1742308728,96041710,-0.00341796875,0.107421875,1.0234375,-4.08935546875,-6.103515625,57.9833984375,1742308728.0960417
1742308728,115957874,0.02099609375,0.0625,1.2265625,1.28173828125,6.2255859375,63.3544921875,1742308728.115958
1742308728,135924440,0.0048828125,0.06005859375,1.0224609375,7.32421875,-4.5166015625,65.24658203125,1742308728.1359243
1742308728,156373145,0.17138671875,0.087890625,0.86767578125,0.91552734375,2.25830078125,63.4765625,1742308728.1563733
1742308728,175875110,0.140625,0.04345703125,1.00732421875,-2.50244140625,7.14111328125,60.85205078125,1742308728.1758752
1742308728,195884751,0.04931640625,-0.0009765625,1.099609375,1.8310546875,5.9814453125,61.58447265625,1742308728.1958847
1742308728,215784114,0.00146484375,-0.01318359375,0.9873046875,4.57763671875,-2.50244140625,61.82861328125,1742308728.215784
1742308728,235828029,0.11474609375,0.11572265625,1.01220703125,-3.96728515625,10.25390625,58.349609375,1742308728.235828
1742308728,255804676,0.0244140625,0.07177734375,1.07958984375,-3.173828125,5.43212890625,61.5234375,1742308728.2558048
1742308728,275883921,0.0576171875,0.0908203125,0.931640625,-2.38037109375,-0.1220703125,63.17138671875,1742308728.275884
1742308728,295807541,0.0185546875,0.09228515625,0.9765625,-0.244140625,1.3427734375,61.95068359375,1742308728.2958076
1742308728,315885570,0.0380859375,0.02880859375,1.2177734375,-0.18310546875,1.89208984375,62.744140625,1742308728.3158855
1742308728,335914796,0.02197265625,0.00927734375,1.19287109375,1.15966796875,5.31005859375,63.41552734375,1742308728.3359149
1742308728,355906836,0.10888671875,0.04443359375,1.1201171875,3.84521484375,8.85009765625,62.744140625,1742308728.3559067
1742308728,376091591,0.05517578125,0.1005859375,0.91259765625,5.9814453125,3.96728515625,59.87548828125,1742308728.3760915
1742308728,395929638,0.033203125,0.076171875,1.0693359375,1.8310546875,1.3427734375,57.9833984375,1742308728.3959296
1742308728,415871052,-0.091796875,0.06591796875,1.1474609375,2.86865234375,-3.41796875,62.1337890625,1742308728.4158711
1742308728,435928663,-0.00927734375,0.06201171875,1.04736328125,3.0517578125,2.74658203125,66.83349609375,1742308728.4359286
1742308728,455969346,-0.00927734375,0.1103515625,1.02197265625,3.72314453125,-3.173828125,66.71142578125,1742308728.4559693
1742308728,475795105,0.12841796875,0.01708984375,1.1513671875,5.2490234375,5.0048828125,62.1337890625,1742308728.475795
1742308728,495821451,0.03173828125,0.05224609375,1.12158203125,8.7890625,6.77490234375,60.11962890625,1742308728.4958215
1742308728,515642281,0.02001953125,0.10400390625,0.89453125,-2.62451171875,2.74658203125,60.1806640625,1742308728.5156422
1742308728,536127181,0.02783203125,0.0283203125,0.9296875,1.89208984375,1.28173828125,61.1572265625,1742308728.536127
1742308728,556158487,0.18212890625,0.09912109375,0.91650390625,4.638671875,7.62939453125,59.02099609375,1742308728.5561585
1742308728,575872911,0.07177734375,0.10888671875,0.75732421875,-3.60107421875,0.06103515625,60.4248046875,1742308728.575873
1742308728,595875608,0.1025390625,0.138671875,0.71826171875,-5.18798828125,2.25830078125,62.31689453125,1742308728.5958755
1742308728,615903810,0.08251953125,0.1328125,0.70654296875,-5.615234375,1.0986328125,62.1337890625,1742308728.6159039
1742308728,636066067,0.04296875,0.10107421875,1.05126953125,0.244140625,3.23486328125,63.78173828125,1742308728.636066
1742308728,655994904,0.03564453125,0.08154296875,1.15283203125,1.64794921875,2.86865234375,61.5234375,1742308728.655995
1742308728,675969055,0.09765625,0.03369140625,1.2021484375,3.662109375,4.150390625,56.2744140625,1742308728.6759691
1742308728,695983656,0.00927734375,0.01171875,1.11474609375,10.43701171875,8.1787109375,52.42919921875,1742308728.6959836
1742308728,715932558,-0.08984375,0.0068359375,1.1494140625,6.591796875,2.13623046875,49.74365234375,1742308728.7159326
1742308728,736231175,-0.05615234375,0.06005859375,1.09716796875,-4.8828125,4.69970703125,50.47607421875,1742308728.736231
1742308728,755987042,0.00537109375,0.01806640625,0.97705078125,-2.13623046875,-0.6103515625,51.33056640625,1742308728.755987
1742308728,775720604,0.06640625,-0.00732421875,0.89892578125,5.615234375,2.38037109375,47.119140625,1742308728.7757206
1742308728,795755430,0.03369140625,0.03759765625,0.81591796875,2.25830078125,-3.41796875,43.3349609375,1742308728.7957554
1742308728,815878613,0.1318359375,-0.00244140625,0.953125,-5.55419921875,3.2958984375,44.12841796875,1742308728.8158786
1742308728,835943521,0.0263671875,0.05712890625,0.97509765625,-0.732421875,4.5166015625,42.8466796875,1742308728.8359435
1742308728,856008749,-0.046875,0.0888671875,0.80810546875,2.38037109375,-4.45556640625,41.68701171875,1742308728.8560088
1742308728,875710821,0.080078125,0.14208984375,0.80810546875,-2.685546875,0.42724609375,35.64453125,1742308728.8757107
1742308728,895827540,0.140625,0.0751953125,0.9833984375,-3.60107421875,6.8359375,29.78515625,1742308728.8958275
1742308728,915733400,0.02783203125,-0.0634765625,0.89501953125,1.3427734375,9.27734375,29.9072265625,1742308728.9157333
1742308728,935899849,-0.03857421875,0.025390625,0.8232421875,-2.8076171875,3.84521484375,28.25927734375,1742308728.9358997
1742308728,955988311,-0.04052734375,0.07421875,1.076171875,-3.72314453125,6.28662109375,28.01513671875,1742308728.9559884
1742308728,975732881,-0.10400390625,0.0625,1.19921875,-0.3662109375,1.5869140625,25.81787109375,1742308728.9757328
1742308728,995724249,-0.06201171875,0.119140625,0.986328125,3.41796875,-1.708984375,23.01025390625,1742308728.9957242
1742308729,15636561,-0.06689453125,0.140625,1.0205078125,-1.28173828125,3.90625,22.216796875,1742308729.0156364
1742308729,36082166,0.0400390625,0.0302734375,1.19091796875,0.67138671875,3.5400390625,17.4560546875,1742308729.0360823
1742308729,55998558,-0.044921875,-0.01708984375,1.09765625,5.55419921875,-0.42724609375,16.54052734375,1742308729.0559986
1742308729,75937640,-0.0625,0.02099609375,0.90771484375,2.44140625,-0.06103515625,18.4326171875,1742308729.0759377
1742308729,95972503,-0.021484375,0.07763671875,0.88818359375,-2.38037109375,-3.11279296875,16.78466796875,1742308729.0959725
1742308729,115987941,0.0439453125,0.01025390625,1.02978515625,-6.2255859375,-2.197265625,15.56396484375,1742308729.115988
1742308729,136042197,0.06591796875,-0.00927734375,1.00390625,1.220703125,0.06103515625,13.24462890625,1742308729.136042
1742308729,155837591,0.00244140625,0.13671875,0.90087890625,4.57763671875,0.0,9.521484375,1742308729.1558375
1742308729,175800194,-0.01708984375,0.13427734375,0.9697265625,2.3193359375,2.38037109375,9.82666015625,1742308729.1758
1742308729,196194308,-0.10546875,0.09765625,0.95263671875,-1.28173828125,4.69970703125,10.55908203125,1742308729.1961944
1742308729,216465280,-0.0830078125,0.06982421875,1.037109375,-2.5634765625,1.8310546875,12.6953125,1742308729.2164652
1742308729,235947601,-0.0693359375,0.0859375,1.29296875,11.16943359375,0.8544921875,10.25390625,1742308729.2359476
1742308729,256261679,0.09814453125,0.13916015625,0.982421875,12.939453125,-1.28173828125,5.37109375,1742308729.2562616
1742308729,275885288,-0.05126953125,0.0576171875,0.87890625,-7.6904296875,8.72802734375,2.685546875,1742308729.2758853
1742308729,295879605,-0.03369140625,-0.01953125,1.0166015625,-3.662109375,-0.244140625,2.01416015625,1742308729.2958796
1742308729,315814110,-0.017578125,0.0166015625,0.9130859375,5.31005859375,3.23486328125,2.0751953125,1742308729.315814
1742308729,336441197,-0.06591796875,0.04931640625,0.91015625,-4.39453125,-4.57763671875,3.90625,1742308729.3364413
1742308729,355999970,-0.0703125,-0.00927734375,1.01025390625,-2.8076171875,2.99072265625,4.69970703125,1742308729.356
1742308729,375869321,-0.03955078125,0.123046875,1.08544921875,2.0751953125,1.8310546875,6.16455078125,1742308729.3758693
1742308729,395918744,-0.0986328125,0.14306640625,0.97802734375,2.5634765625,-1.15966796875,4.150390625,1742308729.3959188
1742308729,415882179,-0.06787109375,0.1171875,0.84423828125,-2.62451171875,1.0986328125,5.55419921875,1742308729.415882
1742308729,435988150,-0.05126953125,0.0478515625,1.0380859375,-1.52587890625,-2.197265625,5.79833984375,1742308729.4359882
1742308729,455972322,0.0244140625,-0.03173828125,1.15966796875,2.3193359375,1.28173828125,4.45556640625,1742308729.4559724
1742308729,475788966,-0.1279296875,0.04638671875,1.1142578125,2.62451171875,1.220703125,4.94384765625,1742308729.475789
1742308729,495898649,0.04736328125,0.06982421875,1.0283203125,-3.7841796875,-2.5634765625,6.53076171875,1742308729.4958987
1742308729,515852963,0.0693359375,0.0830078125,0.9228515625,-1.89208984375,3.41796875,2.8076171875,1742308729.515853
1742308729,535895443,-0.0341796875,0.03515625,0.93212890625,-0.91552734375,-2.9296875,1.28173828125,1742308729.5358953
1742308729,556011814,-0.033203125,0.05859375,0.85107421875,-0.732421875,0.0,2.62451171875,1742308729.556012
1742308729,575803912,0.01708984375,0.16552734375,0.84912109375,0.0,2.62451171875,2.197265625,1742308729.575804
1742308729,595711856,-0.0244140625,0.08984375,0.93896484375,-2.197265625,4.21142578125,2.50244140625,1742308729.595712
1742308729,615824451,-0.080078125,0.005859375,1.10546875,6.591796875,-3.84521484375,2.8076171875,1742308729.6158245
1742308729,635963576,0.1005859375,0.13720703125,0.83544921875,0.3662109375,4.82177734375,-0.1220703125,1742308729.6359637
1742308729,655849055,-0.02685546875,0.1201171875,0.81298828125,-9.09423828125,3.90625,-2.8076171875,1742308729.655849
1742308729,675843627,-0.06201171875,0.09716796875,0.9306640625,-5.37109375,0.8544921875,0.244140625,1742308729.6758437
1742308729,695842776,-0.0634765625,0.0771484375,0.9736328125,2.197265625,-0.30517578125,3.11279296875,1742308729.6958427
1742308729,715771714,-0.06494140625,0.11572265625,1.07373046875,2.0751953125,-2.0751953125,4.69970703125,1742308729.7157717
1742308729,736091616,-0.00390625,-0.03857421875,1.22119140625,4.39453125,3.173828125,3.35693359375,1742308729.7360916
1742308729,756132047,-0.07177734375,0.03271484375,1.125,5.67626953125,1.8310546875,2.5634765625,1742308729.7561321
1742308729,775851949,-0.083984375,0.09033203125,0.9638671875,0.9765625,2.25830078125,4.08935546875,1742308729.775852
1742308729,795850266,-0.1279296875,0.0732421875,0.99365234375,-1.953125,-4.69970703125,6.65283203125,1742308729.7958503
1742308729,815859912,-0.02099609375,-0.03125,1.072265625,2.685546875,1.0986328125,5.55419921875,1742308729.8158598
1742308729,835934041,-0.095703125,0.03515625,1.08203125,-0.3662109375,-2.38037109375,5.79833984375,1742308729.835934
1742308729,855932774,0.01171875,0.03857421875,1.11376953125,0.0,3.35693359375,7.75146484375,1742308729.8559327
1742308729,875992310,-0.02685546875,0.07958984375,0.95068359375,-3.90625,-0.6103515625,8.1787109375,1742308729.8759923
1742308729,895836987,-0.01611328125,0.00830078125,0.95703125,0.42724609375,0.48828125,7.080078125,1742308729.895837
1742308729,915846536,-0.0478515625,0.05859375,0.8701171875,2.50244140625,-7.50732421875,7.87353515625,1742308729.9158466
1742308729,935997406,0.08740234375,0.1328125,0.7998046875,0.30517578125,2.9296875,6.16455078125,1742308729.9359975
1742308729,955983914,0.033203125,0.1171875,0.83837890625,-2.38037109375,7.26318359375,4.2724609375,1742308729.9559839
1742308729,975838063,0.00390625,0.04150390625,1.00439453125,-2.01416015625,2.197265625,2.50244140625,1742308729.975838
1742308729,995750168,-0.10498046875,0.07861328125,1.04150390625,8.48388671875,-3.0517578125,5.9814453125,1742308729.9957502
1742308730,15801052,-0.02978515625,0.1640625,0.837890625,-0.18310546875,0.3662109375,8.97216796875,1742308730.015801
1742308730,36926377,-0.00634765625,0.06591796875,0.89892578125,-6.103515625,-1.708984375,5.92041015625,1742308730.0369263
1742308730,56082415,0.0,-0.00537109375,0.97119140625,-1.46484375,-1.8310546875,5.126953125,1742308730.0560825
1742308730,75942715,0.04833984375,0.02197265625,0.8837890625,-0.6103515625,2.5634765625,5.37109375,1742308730.0759428
1742308730,95889739,-0.03759765625,0.12548828125,0.943359375,-7.8125,0.79345703125,6.28662109375,1742308730.0958898
1742308730,116195533,-0.08837890625,0.06005859375,1.22216796875,3.35693359375,3.90625,7.14111328125,1742308730.1161954
1742308730,131175162,-0.0712890625,0.07177734375,1.01611328125,11.23046875,0.42724609375,8.544921875,1742308730.1311753
1742308730,156062315,-0.0517578125,0.04736328125,0.83984375,0.79345703125,-4.39453125,9.94873046875,1742308730.1560624
1742308730,176188004,0.03466796875,-0.04296875,0.94677734375,-3.84521484375,-0.732421875,7.26318359375,1742308730.176188
1742308730,195940490,-0.0546875,0.0712890625,0.99853515625,0.06103515625,-3.90625,7.26318359375,1742308730.1959405
1742308730,215973854,0.03515625,0.1416015625,1.05810546875,-2.0751953125,2.38037109375,8.11767578125,1742308730.2159739
1742308730,236129305,-0.00048828125,0.078125,1.015625,0.18310546875,2.74658203125,8.6669921875,1742308730.2361293
1742308730,256271731,0.00390625,0.13671875,0.92333984375,4.57763671875,1.40380859375,6.8359375,1742308730.2562718
1742308730,276019160,-0.02978515625,0.11083984375,0.88427734375,1.5869140625,-5.4931640625,5.0048828125,1742308730.276019
1742308730,296197012,-0.0478515625,0.0546875,1.07470703125,1.28173828125,3.5400390625,4.7607421875,1742308730.296197
1742308730,316176838,-0.01611328125,0.08154296875,1.00048828125,0.244140625,1.708984375,6.16455078125,1742308730.316177
1742308730,336239451,0.0498046875,0.04736328125,0.99609375,2.5634765625,3.96728515625,3.662109375,1742308730.3362393
1742308730,351105666,-0.07666015625,0.0908203125,0.87744140625,6.53076171875,-1.953125,0.91552734375,1742308730.3511057
1742308730,376023125,-0.03466796875,0.162109375,0.8408203125,0.0,0.8544921875,1.64794921875,1742308730.376023
1742308730,395878912,-0.10888671875,0.11083984375,1.017578125,-6.7138671875,-1.220703125,5.43212890625,1742308730.395879
1742308730,415954359,-0.0400390625,0.0595703125,1.0419921875,-5.126953125,-0.48828125,5.06591796875,1742308730.4159544
1742308730,435928840,0.04150390625,0.06640625,0.998046875,1.03759765625,1.77001953125,4.57763671875,1742308730.4359288
1742308730,455923674,0.0283203125,0.0859375,0.83837890625,-0.06103515625,5.615234375,2.197265625,1742308730.4559236
1742308730,475871082,-0.03076171875,0.17724609375,1.04443359375,-2.62451171875,4.150390625,2.62451171875,1742308730.475871
1742308730,491289550,-0.1591796875,0.0966796875,1.1279296875,2.197265625,2.9296875,5.31005859375,1742308730.4912896
1742308730,511116631,-0.08447265625,0.05029296875,0.94384765625,3.47900390625,-5.92041015625,7.01904296875,1742308730.5111167
1742308730,536400125,-0.01953125,0.06298828125,0.84326171875,-3.7841796875,0.1220703125,4.5166015625,1742308730.5364
1742308730,551108636,-0.05224609375,0.02685546875,0.96533203125,-4.69970703125,-4.8828125,2.01416015625,1742308730.5511086
1742308730,571031819,-0.0927734375,0.04345703125,1.0810546875,2.25830078125,-1.28173828125,3.47900390625,1742308730.5710318
1742308730,596132871,-0.0537109375,0.06689453125,1.080078125,-1.5869140625,-0.18310546875,4.94384765625,1742308730.5961328
1742308730,615939663,-0.0283203125,-0.0009765625,1.052734375,-0.9765625,-0.54931640625,2.0751953125,1742308730.6159396
1742308730,631408214,-0.0419921875,0.05078125,0.91015625,0.3662109375,-1.708984375,0.91552734375,1742308730.6314082
1742308730,656478929,-0.048828125,0.11572265625,0.9052734375,0.91552734375,0.1220703125,1.28173828125,1742308730.656479
1742308730,675934407,-0.00830078125,0.099609375,1.0322265625,0.9765625,-3.60107421875,0.91552734375,1742308730.6759343
1742308730,695905208,-0.0126953125,0.1279296875,1.0478515625,0.6103515625,6.7138671875,2.74658203125,1742308730.6959052
1742308730,715912587,-0.048828125,0.03955078125,0.94091796875,4.150390625,2.44140625,0.67138671875,1742308730.7159126
1742308730,736087334,0.00439453125,0.05859375,0.89111328125,0.244140625,-1.77001953125,0.42724609375,1742308730.7360873
1742308730,755977235,-0.1640625,0.064453125,1.056640625,-0.8544921875,2.74658203125,3.41796875,1742308730.7559772
1742308730,775895010,-0.0380859375,0.0615234375,0.96630859375,-0.732421875,-2.01416015625,5.615234375,1742308730.775895
1742308730,795933910,0.02099609375,0.08740234375,0.95947265625,-1.28173828125,-0.8544921875,5.615234375,1742308730.795934
1742308730,816030062,-0.0048828125,0.03369140625,0.92626953125,-1.5869140625,2.99072265625,5.67626953125,1742308730.81603
1742308730,836995955,-0.03857421875,0.0927734375,0.95458984375,-0.48828125,4.638671875,6.4697265625,1742308730.8369958
1742308730,857125868,-0.02392578125,0.078125,1.09326171875,3.5400390625,-2.62451171875,5.4931640625,1742308730.8571258
1742308730,875974722,-0.10888671875,0.10205078125,0.9609375,3.5400390625,-2.38037109375,12.0849609375,1742308730.8759747
1742308730,896007831,-0.0517578125,0.0849609375,0.8994140625,0.42724609375,-6.77490234375,21.240234375,1742308730.8960078
1742308730,916003913,0.052734375,0.0576171875,0.90283203125,-1.220703125,-1.64794921875,24.10888671875,1742308730.916004
1742308730,936468692,0.03369140625,0.05419921875,1.0068359375,0.54931640625,0.30517578125,26.3671875,1742308730.9364686
1742308730,956297533,0.00390625,0.03173828125,1.12255859375,3.173828125,-6.7138671875,34.3017578125,1742308730.9562976
1742308730,976000481,0.07763671875,0.0302734375,1.001953125,2.62451171875,0.3662109375,39.36767578125,1742308730.9760005
1742308730,996018644,0.0908203125,0.1494140625,0.8505859375,-1.40380859375,3.47900390625,39.97802734375,1742308730.9960186
1742308731,15922294,0.0126953125,0.138671875,0.91943359375,-3.60107421875,1.40380859375,41.19873046875,1742308731.0159223
1742308731,36778394,0.0302734375,0.09228515625,1.01220703125,0.8544921875,3.5400390625,44.3115234375,1742308731.0367785
1742308731,51194263,0.0283203125,0.09033203125,1.0380859375,3.11279296875,1.52587890625,43.5791015625,1742308731.0511942
1742308731,76017446,0.04736328125,0.05029296875,0.884765625,1.5869140625,-0.6103515625,41.80908203125,1742308731.0760174
1742308731,95880983,0.08642578125,0.09033203125,0.7861328125,-2.99072265625,7.50732421875,40.1611328125,1742308731.095881
1742308731,115999062,0.072265625,0.10888671875,0.82861328125,-3.0517578125,2.685546875,41.07666015625,1742308731.115999
1742308731,135972334,-0.03955078125,0.1181640625,0.98193359375,-1.0986328125,-1.220703125,43.5791015625,1742308731.1359723
1742308731,155951270,0.0068359375,0.1337890625,1.07861328125,3.47900390625,2.13623046875,45.2880859375,1742308731.1559513
1742308731,176402549,-0.03759765625,0.07568359375,0.9482421875,-2.13623046875,-2.9296875,46.32568359375,1742308731.1764026
1742308731,195905269,0.083984375,0.02880859375,1.0029296875,-0.3662109375,5.37109375,44.7998046875,1742308731.1959052
1742308731,215969457,0.10595703125,0.052734375,0.84814453125,2.86865234375,2.9296875,41.259765625,1742308731.2159696
1742308731,235946569,-0.01611328125,0.1240234375,0.83935546875,1.953125,2.13623046875,41.3818359375,1742308731.2359467
1742308731,255935553,-0.05615234375,0.12939453125,0.97998046875,-1.708984375,-2.8076171875,43.0908203125,1742308731.2559357
1742308731,275997149,0.02099609375,0.02685546875,1.1865234375,-0.91552734375,3.47900390625,43.51806640625,1742308731.2759972
1742308731,295963188,-0.12158203125,0.06005859375,1.197265625,10.07080078125,1.708984375,44.98291015625,1742308731.2959633
1742308731,316267452,0.01806640625,0.03173828125,1.01513671875,10.1318359375,-1.77001953125,44.86083984375,1742308731.3162675
1742308731,335990407,0.0068359375,0.021484375,0.8671875,0.732421875,-0.9765625,42.17529296875,1742308731.3359904
1742308731,356046819,0.13720703125,0.06494140625,1.0390625,-0.18310546875,4.82177734375,38.4521484375,1742308731.356047
1742308731,375907509,0.01611328125,0.1103515625,1.03271484375,1.8310546875,5.06591796875,37.53662109375,1742308731.3759074
1742308731,395889645,-0.00146484375,0.08251953125,1.03662109375,-0.42724609375,2.25830078125,39.36767578125,1742308731.3958898
1742308731,416003179,0.06787109375,-0.00244140625,0.97998046875,3.7841796875,1.52587890625,37.2314453125,1742308731.4160032
1742308731,436043238,0.0810546875,0.064453125,0.775390625,1.77001953125,4.45556640625,33.935546875,1742308731.4360433
1742308731,456022686,0.0068359375,0.1083984375,0.85400390625,-5.55419921875,1.5869140625,30.57861328125,1742308731.4560227
1742308731,475979029,-0.064453125,0.07470703125,1.103515625,-5.43212890625,3.0517578125,30.94482421875,1742308731.475979
1742308731,496043281,-0.04345703125,0.0498046875,1.06103515625,0.06103515625,-1.89208984375,34.24072265625,1742308731.4960432
1742308731,516035625,0.0302734375,0.10302734375,0.83251953125,-1.15966796875,3.2958984375,33.0810546875,1742308731.5160356
1742308731,535985728,0.12744140625,0.08154296875,0.95458984375,-2.01416015625,6.9580078125,31.25,1742308731.5359857
1742308731,555925397,-0.044921875,0.1552734375,0.857421875,2.197265625,-1.64794921875,31.55517578125,1742308731.5559254
1742308731,575998642,0.03759765625,0.2509765625,0.8173828125,-2.74658203125,0.79345703125,31.25,1742308731.5759985
1742308731,596003979,0.04248046875,0.1435546875,0.95751953125,-3.7841796875,-2.74658203125,29.60205078125,1742308731.596004
1742308731,616140747,0.04345703125,0.037109375,0.92041015625,1.03759765625,0.1220703125,28.564453125,1742308731.6161408
1742308731,635991260,0.00146484375,-0.0146484375,0.9443359375,3.72314453125,1.220703125,28.3203125,1742308731.6359913
1742308731,655965396,0.0517578125,0.0361328125,0.9609375,-2.9296875,0.42724609375,29.60205078125,1742308731.6559653
1742308731,676161719,0.1103515625,0.01025390625,1.12353515625,0.54931640625,5.2490234375,29.052734375,1742308731.6761618
1742308731,696180464,-0.03515625,0.1015625,1.02685546875,6.04248046875,0.9765625,27.77099609375,1742308731.6961806
1742308731,716252717,0.02685546875,0.1416015625,1.00634765625,-2.74658203125,1.28173828125,31.25,1742308731.7162528
1742308731,736182018,0.06298828125,0.10791015625,0.97021484375,-0.67138671875,2.5634765625,30.09033203125,1742308731.736182
1742308731,751884416,-0.02294921875,0.16796875,0.89111328125,1.953125,-4.150390625,27.83203125,1742308731.7518845
1742308731,776207221,0.0498046875,0.1572265625,0.9345703125,1.77001953125,-1.40380859375,24.90234375,1742308731.7762072
1742308731,795998115,0.04443359375,0.078125,0.93896484375,-3.662109375,5.126953125,25.32958984375,1742308731.795998
1742308731,816148900,0.02490234375,0.021484375,0.92138671875,-4.21142578125,2.86865234375,27.2216796875,1742308731.816149
1742308731,836149245,0.01953125,0.02734375,0.88916015625,-2.74658203125,0.54931640625,26.85546875,1742308731.8361492
1742308731,855984589,-0.001953125,0.00634765625,1.04345703125,-0.30517578125,-1.52587890625,25.57373046875,1742308731.8559847
1742308731,876040585,0.0888671875,0.0224609375,0.9755859375,-3.173828125,1.89208984375,24.84130859375,1742308731.8760407
1742308731,896062691,-0.05126953125,0.06494140625,0.95751953125,1.89208984375,4.2724609375,25.81787109375,1742308731.8960626
1742308731,916103582,-0.0576171875,0.12841796875,0.86474609375,1.15966796875,-1.220703125,27.2216796875,1742308731.9161036
1742308731,936204028,0.04443359375,0.0546875,1.029296875,-4.5166015625,2.62451171875,26.3671875,1742308731.936204
1742308731,956160146,-0.10595703125,0.0400390625,1.1865234375,5.0048828125,-2.38037109375,27.2216796875,1742308731.95616
1742308731,976075623,-0.0224609375,0.0673828125,1.0927734375,4.7607421875,1.52587890625,25.87890625,1742308731.9760756
1742308731,996009180,-0.02392578125,0.08203125,0.9775390625,-4.150390625,-0.3662109375,26.4892578125,1742308731.996009
1742308732,16097358,0.02392578125,0.01904296875,1.04541015625,0.48828125,-0.30517578125,26.3671875,1742308732.0160973
1742308732,36195955,0.037109375,0.05517578125,0.85107421875,4.7607421875,1.3427734375,22.4609375,1742308732.036196
1742308732,55986857,0.07177734375,0.06640625,0.88037109375,0.30517578125,3.173828125,20.263671875,1742308732.055987
1742308732,75997993,0.01611328125,0.00830078125,0.9951171875,-4.82177734375,4.08935546875,21.728515625,1742308732.075998
1742308732,96039563,-0.03466796875,0.00048828125,1.04931640625,3.84521484375,2.8076171875,21.66748046875,1742308732.0960395
1742308732,116120655,-0.00537109375,0.16943359375,0.87548828125,4.638671875,-1.64794921875,21.97265625,1742308732.1161206
1742308732,136032939,0.033203125,0.20751953125,0.8505859375,-2.44140625,1.15966796875,21.3623046875,1742308732.136033
1742308732,155991401,-0.0546875,0.0771484375,0.9794921875,-5.126953125,-1.3427734375,22.76611328125,1742308732.1559913
1742308732,176045068,-0.009765625,0.03662109375,1.044921875,-0.244140625,-0.48828125,23.13232421875,1742308732.1760452
1742308732,195915013,-0.00244140625,-0.02685546875,1.111328125,-0.6103515625,3.35693359375,22.0947265625,1742308732.195915
1742308732,216081869,0.06689453125,0.04248046875,0.984375,-2.38037109375,-0.54931640625,23.25439453125,1742308732.2160819
1742308732,236024170,0.05908203125,0.0458984375,1.1513671875,1.708984375,2.3193359375,26.0009765625,1742308732.2360241
1742308732,255929094,0.01416015625,0.08740234375,0.9658203125,1.953125,-1.40380859375,31.06689453125,1742308732.255929
1742308732,275917701,0.138671875,0.20947265625,0.86669921875,-1.15966796875,0.3662109375,39.9169921875,1742308732.2759178
1742308732,295948775,-0.02587890625,0.13623046875,0.994140625,-2.99072265625,1.5869140625,52.30712890625,1742308732.2959487
1742308732,316057612,0.107421875,0.00634765625,1.02490234375,2.44140625,0.91552734375,58.2275390625,1742308732.3160577
1742308732,336096846,0.08251953125,0.06005859375,0.96044921875,3.0517578125,-0.3662109375,61.09619140625,1742308732.3360968
1742308732,356052044,0.154296875,0.06201171875,0.9541015625,-0.30517578125,1.89208984375,62.92724609375,1742308732.3560522
1742308732,376133392,0.0869140625,0.1767578125,0.96337890625,4.69970703125,6.103515625,62.56103515625,1742308732.3761334
1742308732,396033707,0.00537109375,0.21728515625,0.826171875,-3.2958984375,2.5634765625,64.208984375,1742308732.3960338
1742308732,417103328,0.02685546875,0.05712890625,0.89306640625,-5.37109375,1.46484375,65.673828125,1742308732.4171033
1742308732,436220628,0.15966796875,0.10546875,1.01025390625,11.77978515625,5.859375,62.98828125,1742308732.4362206
1742308732,455970919,0.029296875,0.1865234375,0.87841796875,11.65771484375,1.52587890625,58.41064453125,1742308732.455971
1742308732,476119631,0.13330078125,0.1640625,0.87841796875,-3.47900390625,7.87353515625,55.72509765625,1742308732.4761195
1742308732,496059276,0.07177734375,0.05126953125,0.873046875,-2.99072265625,4.45556640625,61.70654296875,1742308732.4960592
1742308732,516642249,-0.029296875,-0.021484375,0.99853515625,2.38037109375,3.72314453125,65.3076171875,1742308732.5166423
1742308732,536121871,-0.033203125,0.06591796875,0.94677734375,4.150390625,-4.45556640625,67.2607421875,1742308732.5361218
1742308732,556168593,0.19189453125,0.1435546875,0.8759765625,7.080078125,-1.77001953125,66.7724609375,1742308732.5561686
1742308732,576056875,0.11328125,0.203125,0.8310546875,-0.48828125,9.09423828125,60.9130859375,1742308732.576057
1742308732,596290935,0.162109375,0.24072265625,0.85302734375,-0.6103515625,4.82177734375,62.80517578125,1742308732.5962908
1742308732,616156208,-0.04736328125,0.15966796875,0.92138671875,1.40380859375,0.79345703125,62.744140625,1742308732.616156
1742308732,636369787,0.0947265625,0.033203125,1.02392578125,4.7607421875,4.21142578125,60.60791015625,1742308732.6363697
1742308732,656175569,0.01416015625,0.06396484375,0.97021484375,4.150390625,6.65283203125,56.33544921875,1742308732.6561756
1742308732,676146800,0.07666015625,0.0693359375,1.09033203125,2.01416015625,2.25830078125,52.3681640625,1742308732.6761467
1742308732,696132527,0.05517578125,0.06640625,0.95361328125,3.72314453125,1.5869140625,50.47607421875,1742308732.6961324
1742308732,716183025,0.04248046875,0.02880859375,1.041015625,4.94384765625,2.8076171875,48.33984375,1742308732.716183
1742308732,736600134,0.021484375,-0.04833984375,1.04736328125,5.55419921875,9.765625,43.5791015625,1742308732.7366002
1742308732,756061195,0.01513671875,0.05029296875,0.994140625,0.42724609375,9.70458984375,40.71044921875,1742308732.756061
1742308732,776193458,-0.03759765625,-0.00634765625,1.0478515625,1.52587890625,1.0986328125,38.26904296875,1742308732.7761934
1742308732,796251381,0.04736328125,0.0478515625,0.96142578125,1.03759765625,5.06591796875,36.62109375,1742308732.7962513
1742308732,817337962,-0.0234375,0.0859375,1.04248046875,-3.0517578125,2.44140625,36.9873046875,1742308732.817338
1742308732,836190930,-0.03662109375,0.130859375,0.91650390625,-6.77490234375,-0.1220703125,34.66796875,1742308732.836191
1742308732,856856114,-0.05615234375,0.05126953125,0.90478515625,-4.21142578125,-1.8310546875,30.6396484375,1742308732.856856
1742308732,876128302,-0.02685546875,0.0703125,0.87890625,0.244140625,-2.9296875,28.564453125,1742308732.8761282
1742308732,896340281,0.15869140625,0.05908203125,1.0654296875,0.18310546875,10.009765625,25.20751953125,1742308732.8963404
1742308732,916117998,-0.00244140625,0.1494140625,0.94482421875,0.79345703125,7.50732421875,23.01025390625,1742308732.916118
1742308732,936082188,-0.09033203125,0.22314453125,0.822265625,-7.75146484375,-4.638671875,22.94921875,1742308732.9360821
1742308732,956018665,-0.0546875,0.08349609375,0.9052734375,-2.197265625,-5.18798828125,22.76611328125,1742308732.9560187
1742308732,976161648,-0.0048828125,0.0498046875,0.875,2.38037109375,-4.150390625,22.94921875,1742308732.9761617
1742308732,991485800,0.07470703125,0.056640625,0.958984375,-2.38037109375,-1.64794921875,21.484375,1742308732.9914858
1742308733,11385246,0.0322265625,0.06689453125,1.03125,1.0986328125,0.79345703125,21.8505859375,1742308733.0113852
1742308733,36117898,0.0029296875,0.07763671875,1.02880859375,2.74658203125,1.8310546875,23.13232421875,1742308733.0361178
1742308733,56037550,-0.02197265625,0.08056640625,0.96484375,0.30517578125,2.50244140625,24.169921875,1742308733.0560377
1742308733,76005141,-0.0224609375,0.10009765625,0.935546875,-4.94384765625,0.91552734375,23.25439453125,1742308733.0760052
1742308733,96054687,0.10107421875,0.095703125,0.94287109375,-1.8310546875,2.9296875,22.0947265625,1742308733.0960548
1742308733,116105481,-0.00146484375,0.1650390625,0.99658203125,2.62451171875,2.01416015625,22.0947265625,1742308733.1161056
1742308733,136141971,0.0283203125,0.1240234375,0.96435546875,11.53564453125,1.28173828125,22.94921875,1742308733.136142
1742308733,156400295,0.01416015625,0.185546875,0.771484375,-1.52587890625,7.8125,21.54541015625,1742308733.1564002
1742308733,176187461,0.03564453125,0.0517578125,0.95166015625,-7.01904296875,6.77490234375,23.5595703125,1742308733.1761875
1742308733,196260240,-0.06982421875,-0.0419921875,1.0107421875,-0.54931640625,-5.43212890625,26.18408203125,1742308733.1962602
1742308733,216159379,-0.08837890625,0.0654296875,0.88916015625,0.244140625,-9.521484375,29.6630859375,1742308733.2161593
1742308733,236255552,0.14990234375,0.1015625,1.0,-2.9296875,0.48828125,26.611328125,1742308733.2362556
1742308733,256124673,0.0693359375,0.09228515625,1.0087890625,5.7373046875,6.28662109375,20.32470703125,1742308733.2561247
1742308733,275984418,-0.04296875,0.17041015625,0.8515625,-1.28173828125,6.2255859375,20.69091796875,1742308733.2759845
1742308733,296041933,-0.08154296875,0.072265625,1.01220703125,-7.6904296875,5.31005859375,24.59716796875,1742308733.296042
1742308733,316241214,-0.0966796875,0.05517578125,1.2265625,7.568359375,-0.8544921875,28.13720703125,1742308733.3162413
1742308733,335981657,-0.02197265625,0.08642578125,1.1220703125,6.65283203125,-3.662109375,28.01513671875,1742308733.3359816
1742308733,356007651,-0.017578125,0.05859375,0.95166015625,-3.35693359375,-2.0751953125,26.2451171875,1742308733.3560076
1742308733,376058669,0.06591796875,0.06201171875,0.9951171875,-5.37109375,1.64794921875,22.27783203125,1742308733.3760586
1742308733,396119096,0.02587890625,0.1728515625,1.00341796875,4.0283203125,-1.15966796875,18.4326171875,1742308733.396119
1742308733,416203844,0.03076171875,0.17529296875,0.97119140625,0.54931640625,-0.30517578125,17.333984375,1742308733.4162037
1742308733,436157097,-0.03076171875,0.08935546875,0.921875,-4.69970703125,5.79833984375,17.7001953125,1742308733.436157
1742308733,456071245,0.01123046875,0.02587890625,1.0751953125,-2.685546875,3.11279296875,18.00537109375,1742308733.4560711
1742308733,476087414,-0.02734375,0.03369140625,1.080078125,6.16455078125,-1.15966796875,18.4326171875,1742308733.4760873
1742308733,496104638,0.07177734375,0.064453125,0.9052734375,4.0283203125,0.48828125,16.7236328125,1742308733.4961047
1742308733,516050979,-0.0224609375,0.046875,1.0126953125,-4.57763671875,4.39453125,14.22119140625,1742308733.516051
1742308733,536375259,-0.10546875,-0.03369140625,1.06103515625,-0.3662109375,3.96728515625,15.93017578125,1742308733.5363753
1742308733,556033394,-0.0771484375,0.046875,1.02734375,0.79345703125,-0.244140625,18.73779296875,1742308733.5560334
1742308733,576106558,-0.05859375,0.1005859375,1.013671875,-5.67626953125,-3.41796875,19.47021484375,1742308733.5761065
1742308733,596100741,-0.0419921875,0.0634765625,1.2265625,3.5400390625,-0.8544921875,20.44677734375,1742308733.5961008
1742308733,616206962,-0.01171875,0.056640625,1.0966796875,6.65283203125,-0.06103515625,18.5546875,1742308733.616207
1742308733,636188377,-0.01806640625,0.052734375,0.892578125,-4.150390625,2.99072265625,18.9208984375,1742308733.6361883
1742308733,656182337,-0.06787109375,0.06396484375,0.89453125,-5.43212890625,3.60107421875,19.95849609375,1742308733.6561823
1742308733,676104741,-0.01025390625,0.05810546875,0.97509765625,-1.40380859375,-2.86865234375,21.484375,1742308733.6761048
1742308733,696174928,-0.00341796875,0.10888671875,1.1181640625,7.8125,2.44140625,19.95849609375,1742308733.6961749
1742308733,716392226,-0.05810546875,0.10107421875,1.10302734375,9.33837890625,0.91552734375,19.10400390625,1742308733.7163923
1742308733,736279045,-0.02685546875,0.0654296875,1.0166015625,3.173828125,-4.2724609375,21.8505859375,1742308733.736279
1742308733,756112869,0.0458984375,0.0419921875,0.8681640625,1.52587890625,-0.48828125,21.8505859375,1742308733.7561128
1742308733,776116045,0.0234375,0.052734375,0.8876953125,2.44140625,-4.08935546875,19.83642578125,1742308733.7761161
1742308733,796124533,0.08544921875,0.056640625,1.0048828125,2.86865234375,3.662109375,21.1181640625,1742308733.7961245
1742308733,816161118,-0.01025390625,0.060546875,0.9306640625,-2.74658203125,1.0986328125,25.5126953125,1742308733.8161612
1742308733,836161670,0.03076171875,0.11865234375,0.97509765625,-1.220703125,0.79345703125,25.5126953125,1742308733.8361616
1742308733,856164078,-0.01171875,0.06005859375,1.02001953125,3.47900390625,-6.34765625,26.3671875,1742308733.856164
1742308733,876172695,-0.046875,0.12744140625,0.947265625,0.67138671875,-0.48828125,36.1328125,1742308733.8761728
1742308733,896132028,0.12646484375,0.10107421875,1.06689453125,1.28173828125,-1.28173828125,48.095703125,1742308733.896132
1742308733,916223465,0.12353515625,-0.00244140625,1.13720703125,5.18798828125,2.25830078125,56.45751953125,1742308733.9162235
1742308733,936351127,0.029296875,0.01123046875,1.0498046875,3.23486328125,2.38037109375,60.72998046875,1742308733.936351
1742308733,956155541,0.10693359375,0.041015625,1.13525390625,1.46484375,11.5966796875,59.9365234375,1742308733.9561555
1742308733,976158813,0.0283203125,0.1025390625,0.91650390625,-0.244140625,5.43212890625,59.63134765625,1742308733.9761589
1742308733,996170822,-0.0283203125,0.134765625,0.9853515625,-0.79345703125,-0.79345703125,61.82861328125,1742308733.9961708
1742308734,16433871,-0.03662109375,0.04296875,1.05029296875,3.47900390625,-2.13623046875,62.5,1742308734.016434
1742308734,36236854,0.00830078125,0.04150390625,1.08984375,2.9296875,1.953125,63.04931640625,1742308734.0362368
1742308734,56134786,0.12744140625,0.02978515625,0.9921875,1.0986328125,1.5869140625,62.1337890625,1742308734.0561347
1742308734,76184597,0.205078125,0.06640625,0.87548828125,2.197265625,4.2724609375,62.1337890625,1742308734.0761845
1742308734,96315051,0.1123046875,0.0419921875,0.89111328125,-0.06103515625,4.45556640625,62.31689453125,1742308734.0963151
1742308734,116413281,0.12109375,0.11181640625,0.84521484375,-1.46484375,6.9580078125,62.8662109375,1742308734.1164134
1742308734,136263146,0.0634765625,0.1298828125,0.9169921875,-2.62451171875,3.173828125,62.43896484375,1742308734.1362631
1742308734,156106771,0.04296875,0.12646484375,0.96826171875,4.0283203125,6.2255859375,61.1572265625,1742308734.1561067
1742308734,176119364,0.01806640625,0.06396484375,0.90966796875,7.01904296875,-4.21142578125,62.1337890625,1742308734.1761193
1742308734,196232410,0.2060546875,0.091796875,0.8779296875,1.220703125,4.150390625,59.02099609375,1742308734.1962323
1742308734,216291949,0.0419921875,0.05126953125,0.890625,-7.6904296875,4.57763671875,62.92724609375,1742308734.216292
1742308734,236237339,0.05712890625,0.06201171875,1.06298828125,-2.44140625,5.37109375,64.8193359375,1742308734.2362373
1742308734,256511673,0.01953125,0.0986328125,0.95654296875,2.0751953125,2.25830078125,65.12451171875,1742308734.2565117
1742308734,276514377,0.150390625,0.10595703125,1.01611328125,-1.77001953125,8.97216796875,66.162109375,1742308734.2765143
1742308734,296222540,0.103515625,0.0712890625,0.89697265625,-3.96728515625,5.18798828125,62.56103515625,1742308734.2962224
1742308734,316269535,0.13134765625,0.05810546875,0.8447265625,-2.38037109375,2.50244140625,61.279296875,1742308734.3162696
1742308734,336330994,0.0341796875,0.109375,0.7783203125,2.13623046875,0.18310546875,62.8662109375,1742308734.336331
1742308734,356194140,0.0693359375,0.18212890625,0.8349609375,0.91552734375,-5.37109375,63.8427734375,1742308734.3561943
1742308734,376521500,0.07763671875,0.12939453125,0.99853515625,1.52587890625,1.40380859375,65.00244140625,1742308734.3765216
1742308734,396363141,0.08984375,0.02880859375,0.90087890625,3.60107421875,0.244140625,67.626953125,1742308734.3963633
1742308734,416483899,0.171875,0.171875,0.80419921875,1.220703125,3.173828125,65.7958984375,1742308734.4164839
1742308734,436418057,0.08154296875,0.22412109375,0.73876953125,-3.0517578125,-1.40380859375,63.65966796875,1742308734.436418
1742308734,456254737,0.15771484375,0.1748046875,0.8896484375,2.5634765625,3.23486328125,61.767578125,1742308734.4562547
1742308734,476268610,0.12158203125,0.177734375,1.0244140625,9.58251953125,8.48388671875,59.87548828125,1742308734.4762685
1742308734,496335318,0.08056640625,0.14306640625,0.9638671875,9.3994140625,1.28173828125,59.14306640625,1742308734.4963353
1742308734,516315334,0.130859375,0.1806640625,0.93115234375,0.67138671875,9.09423828125,57.31201171875,1742308734.5163152
1742308734,536441340,0.01513671875,0.0576171875,1.125,-1.03759765625,7.32421875,60.60791015625,1742308734.5364413
1742308734,556184544,0.01220703125,-0.01953125,1.23388671875,3.662109375,6.65283203125,62.6220703125,1742308734.5561845
1742308734,576190929,-0.01904296875,0.05859375,1.14697265625,-0.30517578125,7.99560546875,62.744140625,1742308734.576191
1742308734,596436205,0.06689453125,0.05859375,1.1376953125,1.953125,0.1220703125,65.0634765625,1742308734.5964363
1742308734,616361850,0.048828125,0.15771484375,1.07275390625,11.474609375,7.4462890625,63.78173828125,1742308734.6163619
1742308734,636307272,0.09716796875,0.21337890625,0.85693359375,4.33349609375,0.0,62.07275390625,1742308734.6363072
1742308734,656171378,0.08251953125,0.115234375,0.890625,-3.47900390625,1.40380859375,59.63134765625,1742308734.6561713
1742308734,676139681,0.05322265625,0.0830078125,1.05615234375,2.0751953125,3.60107421875,58.04443359375,1742308734.6761396
1742308734,696131409,0.03759765625,0.1123046875,1.10205078125,1.0986328125,2.99072265625,60.24169921875,1742308734.6961315
1742308734,716434384,0.05419921875,0.0341796875,1.10498046875,-1.15966796875,1.3427734375,63.720703125,1742308734.7164345
1742308734,736298810,0.033203125,-0.03076171875,1.1171875,4.150390625,4.33349609375,65.7958984375,1742308734.7362988
1742308734,756176325,0.0419921875,-0.0458984375,1.04931640625,4.39453125,1.46484375,64.02587890625,1742308734.7561762
1742308734,776158132,0.13671875,-0.0009765625,1.001953125,0.30517578125,5.55419921875,63.29345703125,1742308734.776158
1742308734,796477812,0.0712890625,0.04638671875,1.14453125,0.42724609375,2.50244140625,63.29345703125,1742308734.7964778
1742308734,816243418,0.06787109375,0.017578125,1.1494140625,7.080078125,5.31005859375,60.24169921875,1742308734.8162434
1742308734,836170183,0.11376953125,0.07373046875,0.984375,8.9111328125,2.86865234375,55.35888671875,1742308734.8361702
1742308734,856152854,0.06591796875,0.0810546875,1.0771484375,-1.46484375,6.591796875,53.77197265625,1742308734.8561528
1742308734,876192009,-0.1064453125,0.0517578125,1.17578125,-7.568359375,8.11767578125,59.2041015625,1742308734.876192
1742308734,896445061,-0.00439453125,-0.0380859375,1.1318359375,1.0986328125,-0.18310546875,64.75830078125,1742308734.896445
1742308734,916284302,0.1083984375,0.0390625,0.84814453125,4.7607421875,1.5869140625,61.95068359375,1742308734.9162843
1742308734,936320064,0.16162109375,0.09033203125,0.81103515625,-0.79345703125,2.9296875,62.1337890625,1742308734.93632
1742308734,956432566,0.21826171875,0.0107421875,0.81982421875,-3.96728515625,4.08935546875,60.546875,1742308734.9564326
1742308734,976346882,0.12353515625,0.0693359375,0.82470703125,-1.28173828125,5.4931640625,61.46240234375,1742308734.976347
1742308734,999797910,0.0361328125,0.1826171875,0.7099609375,-4.2724609375,2.5634765625,57.861328125,1742308734.9997978
1742308735,17204032,0.02490234375,0.14599609375,0.91796875,-4.0283203125,3.23486328125,56.396484375,1742308735.017204
1742308735,41505312,-0.01220703125,0.07421875,1.14013671875,3.5400390625,-1.77001953125,54.26025390625,1742308735.0415053
1742308735,51662004,0.01953125,0.05078125,1.08642578125,-0.42724609375,2.9296875,49.8046875,1742308735.051662
1742308735,79364593,0.02392578125,0.04638671875,1.09228515625,9.033203125,-0.79345703125,47.79052734375,1742308735.0793645
1742308735,91832368,0.08837890625,-0.0078125,1.07080078125,3.23486328125,5.37109375,44.37255859375,1742308735.0918324
1742308735,117148223,0.00048828125,0.08056640625,1.16455078125,1.03759765625,5.55419921875,47.42431640625,1742308735.1171482
1742308735,136639489,0.0,0.08349609375,1.18603515625,2.0751953125,4.39453125,44.677734375,1742308735.1366396
1742308735,156827812,-0.0341796875,0.07275390625,1.19921875,6.16455078125,6.7138671875,44.61669921875,1742308735.156828
1742308735,176693783,0.0126953125,-0.0263671875,1.10888671875,8.48388671875,1.708984375,41.44287109375,1742308735.1766937
1742308735,191583238,-0.0322265625,0.0068359375,1.10107421875,-2.25830078125,12.02392578125,36.865234375,1742308735.1915832
1742308735,216370748,-0.08056640625,0.00537109375,1.0712890625,-4.82177734375,2.44140625,40.4052734375,1742308735.2163708
1742308735,236463578,0.0361328125,0.044921875,1.0048828125,0.6103515625,2.0751953125,39.1845703125,1742308735.2364635
1742308735,256450612,0.0732421875,0.06396484375,0.7705078125,-3.72314453125,1.5869140625,35.82763671875,1742308735.2564507
1742308735,276189953,0.14599609375,0.048828125,0.97265625,-2.685546875,5.4931640625,29.78515625,1742308735.27619
1742308735,296218941,-0.0126953125,0.03076171875,0.80810546875,-3.96728515625,6.65283203125,22.39990234375,1742308735.2962189
1742308735,316235447,-0.04931640625,0.22607421875,0.75439453125,-5.43212890625,2.50244140625,11.65771484375,1742308735.3162355
1742308735,336572289,-0.14697265625,0.1318359375,0.8984375,1.46484375,0.8544921875,3.5400390625,1742308735.3365722
1742308735,351690361,-0.15966796875,0.12255859375,0.9248046875,-1.220703125,-2.8076171875,-0.30517578125,1742308735.3516903
1742308735,376525042,0.0302734375,0.06298828125,0.99658203125,-1.89208984375,2.62451171875,-4.57763671875,1742308735.376525
1742308735,396334307,0.03271484375,0.09521484375,0.91357421875,-1.89208984375,2.5634765625,-11.53564453125,1742308735.3963344
1742308735,416294491,-0.02880859375,0.173828125,0.9169921875,-0.732421875,-1.3427734375,-12.6953125,1742308735.4162946
1742308735,436216946,-0.0576171875,0.1669921875,0.94287109375,1.0986328125,-4.2724609375,-9.033203125,1742308735.4362168
1742308735,457209465,-0.02880859375,0.087890625,0.87646484375,5.7373046875,-2.3193359375,-9.33837890625,1742308735.4572093
1742308735,476648953,-0.0322265625,0.0576171875,0.90380859375,0.06103515625,-1.03759765625,-11.41357421875,1742308735.476649
1742308735,496268898,0.00048828125,0.03271484375,0.9951171875,-3.0517578125,0.732421875,-14.16015625,1742308735.496269
1742308735,516534408,-0.0205078125,0.0546875,0.90673828125,-1.5869140625,0.244140625,-14.0380859375,1742308735.5165343
1742308735,531805607,-0.03466796875,0.1044921875,0.87060546875,-2.0751953125,0.79345703125,-13.97705078125,1742308735.5318055
1742308735,556417430,-0.0390625,0.1416015625,0.9375,-1.708984375,2.74658203125,-13.85498046875,1742308735.5564175
1742308735,576867108,-0.173828125,0.0556640625,1.08837890625,-4.638671875,-2.44140625,-11.16943359375,1742308735.576867
1742308735,591538025,-0.033203125,0.05126953125,1.22119140625,6.591796875,3.173828125,-12.39013671875,1742308735.591538
1742308735,611470239,-0.0986328125,0.00048828125,1.0556640625,10.1318359375,0.6103515625,-12.451171875,1742308735.6114702
1742308735,636651752,-0.09716796875,0.0009765625,1.083984375,-4.45556640625,2.8076171875,-11.1083984375,1742308735.6366518
1742308735,656581855,-0.09765625,0.03662109375,1.0908203125,-2.197265625,-2.62451171875,-13.3056640625,1742308735.6565819
1742308735,676532374,-0.13134765625,0.103515625,0.998046875,1.953125,-0.67138671875,-12.14599609375,1742308735.6765323
1742308735,696728217,-0.03125,0.1435546875,0.94921875,4.57763671875,0.3662109375,-11.8408203125,1742308735.6967282
1742308735,716483592,-0.123046875,0.126953125,0.90673828125,1.220703125,-4.33349609375,-10.07080078125,1742308735.7164836
1742308735,736433983,0.02392578125,0.037109375,0.962890625,-0.91552734375,1.15966796875,-9.82666015625,1742308735.736434
1742308735,751825573,0.00341796875,0.00830078125,0.998046875,5.0048828125,2.13623046875,-10.80322265625,1742308735.7518256
1742308735,779307223,-0.0322265625,0.08837890625,1.09619140625,2.9296875,3.84521484375,-11.04736328125,1742308735.7793071
1742308735,796867745,-0.13232421875,0.068359375,1.12841796875,2.50244140625,-3.96728515625,-7.8125,1742308735.7968678
1742308735,817079653,-0.0908203125,0.07958984375,1.05810546875,7.75146484375,-6.04248046875,-6.53076171875,1742308735.8170795
1742308735,836017677,-0.0830078125,0.01513671875,0.95556640625,4.69970703125,-4.94384765625,-6.34765625,1742308735.8360176
1742308735,856047721,0.01904296875,0.0234375,1.0537109375,1.5869140625,-2.25830078125,-9.521484375,1742308735.8560476
1742308735,876004481,-0.03857421875,0.08544921875,1.150390625,2.50244140625,1.8310546875,-10.986328125,1742308735.8760045
1742308735,896189955,-0.01708984375,0.01318359375,1.12255859375,2.86865234375,7.8125,-8.97216796875,1742308735.89619
1742308735,916199453,-0.1298828125,0.037109375,0.97705078125,0.18310546875,-1.52587890625,-6.34765625,1742308735.9161994
1742308735,936034639,0.0029296875,0.06103515625,0.931640625,2.62451171875,-2.01416015625,-7.4462890625,1742308735.9360347
1742308735,956154511,-0.041015625,0.0927734375,0.796875,-3.84521484375,6.9580078125,-9.27734375,1742308735.9561546
1742308735,977079123,-0.1044921875,0.02294921875,1.0458984375,-2.8076171875,-0.8544921875,-7.568359375,1742308735.9770792
1742308735,996231686,-0.07421875,0.1064453125,0.96630859375,2.3193359375,-4.150390625,-6.4697265625,1742308735.9962318
1742308736,16240534,0.02783203125,0.17138671875,0.900390625,-1.15966796875,1.77001953125,-7.26318359375,1742308736.0162406
1742308736,36138806,-0.0791015625,0.14892578125,0.880859375,-4.150390625,-2.9296875,-7.080078125,1742308736.0361388
1742308736,56186140,-0.05517578125,0.169921875,0.9970703125,0.244140625,0.42724609375,-5.18798828125,1742308736.0561862
1742308736,76501038,-0.0888671875,0.1396484375,0.90380859375,2.25830078125,-0.67138671875,-3.47900390625,1742308736.0765011
1742308736,96309833,-0.06982421875,0.08154296875,0.8681640625,-2.25830078125,-3.41796875,-2.74658203125,1742308736.09631
1742308736,116435315,-0.00439453125,0.0439453125,1.041015625,-2.62451171875,4.82177734375,-3.0517578125,1742308736.1164353
1742308736,136338450,-0.109375,0.02099609375,1.10546875,3.41796875,-1.64794921875,-2.99072265625,1742308736.1363385
1742308736,156960082,-0.05224609375,0.04345703125,1.16845703125,7.38525390625,0.6103515625,-4.39453125,1742308736.15696
1742308736,176097519,-0.1435546875,-0.03125,1.0654296875,2.38037109375,-2.86865234375,-3.47900390625,1742308736.1760976
1742308736,196391936,-0.11083984375,0.01220703125,0.92578125,0.9765625,-4.0283203125,-1.89208984375,1742308736.1963918
1742308736,216237117,-0.00244140625,0.0712890625,0.9052734375,-1.77001953125,-1.220703125,-1.953125,1742308736.216237
1742308736,236319429,0.05224609375,0.111328125,1.048828125,0.48828125,0.48828125,-3.90625,1742308736.2363195
1742308736,256458895,-0.009765625,0.1513671875,1.16943359375,7.4462890625,4.638671875,-4.7607421875,1742308736.256459
1742308736,276553975,-0.080078125,0.0673828125,1.009765625,1.52587890625,-0.732421875,-4.08935546875,1742308736.2765539
1742308736,296285071,-0.0654296875,-0.0107421875,0.94775390625,-3.173828125,1.77001953125,-1.40380859375,1742308736.2962852
1742308736,316375159,-0.04541015625,-0.01416015625,0.90087890625,3.47900390625,-0.6103515625,1.77001953125,1742308736.3163753
1742308736,336289655,-0.05517578125,0.06689453125,0.9609375,-0.30517578125,1.8310546875,1.52587890625,1742308736.3362896
1742308736,356481220,0.029296875,0.1474609375,0.90234375,-2.3193359375,0.54931640625,0.3662109375,1742308736.3564813
1742308736,376447398,-0.0712890625,0.19677734375,0.90478515625,-4.8828125,1.64794921875,2.13623046875,1742308736.3764474
1742308736,396212640,-0.01416015625,0.06982421875,1.03515625,3.5400390625,2.13623046875,1.46484375,1742308736.3962126
1742308736,416181794,-0.10400390625,0.06005859375,0.99072265625,7.14111328125,-4.7607421875,0.67138671875,1742308736.4161818
1742308736,436207751,-0.06884765625,0.04931640625,0.92529296875,-3.96728515625,1.46484375,2.44140625,1742308736.4362078
1742308736,451324623,-0.01318359375,0.09130859375,0.779296875,-5.67626953125,-1.77001953125,5.4931640625,1742308736.4513247
1742308736,471547901,0.04345703125,0.14111328125,0.953125,-5.43212890625,-1.8310546875,4.150390625,1742308736.4715478
1742308736,491539169,0.00634765625,0.1220703125,0.9599609375,1.64794921875,0.06103515625,1.77001953125,1742308736.4915392
1742308736,511469890,-0.03662109375,0.0927734375,1.00146484375,2.197265625,0.79345703125,1.5869140625,1742308736.5114698
1742308736,536490312,-0.11181640625,0.07763671875,1.05419921875,0.79345703125,-3.2958984375,3.84521484375,1742308736.5364902
1742308736,551463113,-0.01904296875,0.0556640625,0.92724609375,-0.6103515625,-2.86865234375,3.72314453125,1742308736.5514631
1742308736,571356744,-0.0458984375,0.11767578125,0.828125,0.732421875,-2.685546875,4.8828125,1742308736.5713568
1742308736,596549878,0.052734375,0.0947265625,0.9423828125,-0.42724609375,-0.79345703125,3.0517578125,1742308736.59655
1742308736,616194890,0.01904296875,0.0205078125,1.08203125,2.50244140625,3.60107421875,0.0,1742308736.616195
1742308736,636101482,-0.01708984375,0.07421875,1.01513671875,1.64794921875,3.662109375,0.42724609375,1742308736.6361015
1742308736,656203698,-0.0595703125,0.08203125,0.87841796875,-7.8125,6.7138671875,2.01416015625,1742308736.6562037
1742308736,676491811,-0.01318359375,0.0517578125,0.8818359375,-4.638671875,-4.45556640625,1.46484375,1742308736.6764917
1742308736,696558890,0.05029296875,0.142578125,0.85986328125,-1.3427734375,3.173828125,1.64794921875,1742308736.696559
1742308736,716600336,-0.05712890625,0.103515625,1.041015625,-2.685546875,1.28173828125,4.638671875,1742308736.7166004
1742308736,736509904,-0.05322265625,0.1015625,1.046875,-0.732421875,0.244140625,6.40869140625,1742308736.7365098
1742308736,756586295,-0.0146484375,0.130859375,1.05517578125,0.67138671875,3.72314453125,6.04248046875,1742308736.7565863
1742308736,776554906,-0.06103515625,0.03759765625,0.99267578125,-0.79345703125,-2.685546875,4.45556640625,1742308736.7765548
1742308736,796534429,-0.04736328125,0.01611328125,1.03076171875,0.91552734375,-2.8076171875,8.9111328125,1742308736.7965345
1742308736,816623429,-0.00439453125,0.07080078125,0.97412109375,-2.0751953125,3.41796875,12.939453125,1742308736.8166234
1742308736,836581127,-0.0751953125,0.05712890625,0.96044921875,-1.708984375,-0.732421875,14.892578125,1742308736.8365812
1742308736,856398114,-0.0400390625,0.080078125,1.00927734375,-2.197265625,-2.50244140625,17.15087890625,1742308736.856398
1742308736,876586639,0.06982421875,0.08984375,0.99365234375,2.685546875,3.662109375,15.5029296875,1742308736.8765867
1742308736,896340168,-0.01220703125,0.0732421875,0.99072265625,-0.30517578125,-0.6103515625,13.61083984375,1742308736.8963401
1742308736,916197221,-0.111328125,0.052734375,1.05810546875,1.28173828125,-2.62451171875,16.845703125,1742308736.9161973
1742308736,936187048,0.04052734375,0.0458984375,0.947265625,1.708984375,-6.89697265625,16.66259765625,1742308736.936187
1742308736,956351956,0.033203125,0.076171875,0.85546875,-1.3427734375,-0.42724609375,19.83642578125,1742308736.956352
1742308736,976244467,0.07373046875,0.10400390625,0.958984375,-0.1220703125,3.23486328125,19.6533203125,1742308736.9762444
1742308736,996270424,0.0693359375,0.091796875,0.9765625,-0.1220703125,3.5400390625,17.15087890625,1742308736.9962704
1742308737,16283443,-0.05029296875,0.08740234375,0.94921875,-0.91552734375,3.47900390625,18.12744140625,1742308737.0162835
1742308737,36308770,-0.044921875,0.076171875,0.9052734375,1.28173828125,-1.15966796875,21.8505859375,1742308737.0363088
1742308737,56210157,-0.00048828125,0.12353515625,0.9677734375,-0.1220703125,-1.64794921875,22.88818359375,1742308737.05621
1742308737,76363394,0.00048828125,0.03125,1.09326171875,-1.953125,1.953125,22.4609375,1742308737.0763633
1742308737,96537465,-0.06494140625,0.0283203125,1.00732421875,2.0751953125,4.08935546875,26.611328125,1742308737.0965374
1742308737,116181592,0.00341796875,0.05517578125,1.00732421875,2.9296875,2.3193359375,27.40478515625,1742308737.1161816
1742308737,136141189,0.015625,0.09912109375,0.82373046875,-2.74658203125,4.21142578125,28.01513671875,1742308737.1361413
1742308737,151470406,0.0205078125,0.16943359375,0.93603515625,-2.9296875,0.06103515625,27.587890625,1742308737.1514704
1742308737,176677369,-0.02001953125,0.13134765625,0.99462890625,-0.3662109375,-2.86865234375,28.38134765625,1742308737.1766775
1742308737,196382363,-0.01513671875,0.07470703125,0.9892578125,1.64794921875,-3.11279296875,32.71484375,1742308737.1963823
1742308737,216203298,0.05712890625,0.05615234375,1.0107421875,3.35693359375,6.9580078125,33.0810546875,1742308737.2162032
1742308737,231527139,0.025390625,0.12890625,0.85107421875,5.7373046875,-2.62451171875,33.63037109375,1742308737.231527
1742308737,256252002,0.08056640625,0.12744140625,0.94140625,-0.244140625,4.82177734375,33.50830078125,1742308737.256252
1742308737,276329620,0.0888671875,0.048828125,0.98046875,2.74658203125,2.197265625,31.67724609375,1742308737.2763295
1742308737,296358436,0.095703125,0.07080078125,0.986328125,3.60107421875,2.01416015625,30.82275390625,1742308737.2963583
1742308737,316498584,-0.05078125,0.0712890625,1.13818359375,8.23974609375,1.03759765625,32.28759765625,1742308737.3164985
1742308737,336310623,0.02099609375,0.0771484375,1.0732421875,6.77490234375,-0.67138671875,32.3486328125,1742308737.3363106
1742308737,356282380,0.0263671875,0.0537109375,0.8544921875,-4.57763671875,2.0751953125,32.04345703125,1742308737.3562825
1742308737,376753136,0.08203125,0.0869140625,0.89404296875,-3.60107421875,0.6103515625,31.67724609375,1742308737.376753
1742308737,396455441,0.01513671875,0.091796875,0.97021484375,0.79345703125,1.40380859375,33.203125,1742308737.3964555
1742308737,416333083,-0.02880859375,0.06201171875,1.13427734375,0.1220703125,1.89208984375,35.21728515625,1742308737.4163332
1742308737,436225957,0.06640625,0.0068359375,1.05615234375,1.15966796875,-1.220703125,35.58349609375,1742308737.436226
1742308737,456272853,-0.00146484375,0.0546875,1.029296875,1.28173828125,4.69970703125,35.7666015625,1742308737.4562728
1742308737,476505422,0.02490234375,0.08349609375,1.033203125,-1.77001953125,3.11279296875,35.70556640625,1742308737.4765055
1742308737,496347446,0.0146484375,0.064453125,0.8564453125,-2.197265625,4.69970703125,36.62109375,1742308737.4963474
1742308737,516301795,-0.033203125,0.0546875,0.92724609375,-1.5869140625,1.3427734375,39.1845703125,1742308737.5163019
1742308737,536290417,0.01318359375,0.11865234375,0.92626953125,-4.82177734375,-0.18310546875,41.32080078125,1742308737.5362904
1742308737,556641039,0.08642578125,0.1220703125,1.00390625,-0.42724609375,2.99072265625,41.80908203125,1742308737.556641
1742308737,576371794,0.0576171875,0.16650390625,0.84423828125,2.3193359375,-6.2255859375,41.50390625,1742308737.576372
1742308737,596513287,0.046875,0.0927734375,0.99072265625,1.15966796875,-0.8544921875,40.1611328125,1742308737.5965133
1742308737,616237001,0.07373046875,0.02392578125,1.07373046875,5.06591796875,5.79833984375,40.46630859375,1742308737.616237
1742308737,636500356,0.02490234375,0.0576171875,0.9609375,5.4931640625,0.42724609375,43.76220703125,1742308737.6365004
1742308737,656511635,0.10693359375,0.06494140625,1.03515625,0.67138671875,5.67626953125,41.80908203125,1742308737.6565115
1742308737,676662984,0.08984375,0.173828125,1.0400390625,6.53076171875,4.2724609375,39.9169921875,1742308737.676663
1742308737,696335272,-0.00439453125,0.16162109375,0.96826171875,-1.0986328125,2.3193359375,40.1611328125,1742308737.6963353
1742308737,716550048,-0.03515625,-0.02783203125,1.05615234375,-0.732421875,5.4931640625,42.78564453125,1742308737.71655
1742308737,736378408,-0.02734375,0.00634765625,1.03369140625,6.103515625,-5.37109375,44.43359375,1742308737.7363784
1742308737,751988373,0.0439453125,0.1767578125,0.978515625,0.18310546875,0.48828125,44.25048828125,1742308737.7519884
1742308737,776511403,0.09326171875,0.12548828125,1.02294921875,-3.72314453125,-3.7841796875,44.61669921875,1742308737.7765114
1742308737,796688577,0.08984375,0.05712890625,0.97265625,0.6103515625,8.30078125,45.7763671875,1742308737.7966886
1742308737,816915546,0.05419921875,0.09716796875,0.8046875,-0.54931640625,0.67138671875,44.00634765625,1742308737.8169155
1742308737,831852586,0.0361328125,0.08203125,0.96240234375,-4.69970703125,1.8310546875,41.68701171875,1742308737.8318527
1742308737,856309309,0.01220703125,0.02001953125,1.00732421875,-3.11279296875,2.86865234375,43.701171875,1742308737.8563094
1742308737,876650202,0.01171875,0.02197265625,0.888671875,-2.197265625,1.77001953125,47.2412109375,1742308737.87665
1742308737,896430559,0.0869140625,0.0859375,0.93603515625,1.5869140625,3.41796875,46.142578125,1742308737.8964305
1742308737,916363819,0.0302734375,0.125,0.96240234375,0.54931640625,-0.3662109375,44.5556640625,1742308737.9163637
1742308737,937676980,-0.00146484375,0.07666015625,1.1474609375,1.89208984375,1.0986328125,44.37255859375,1742308737.937677
1742308737,956515535,-0.01123046875,0.04345703125,1.12841796875,3.2958984375,0.244140625,44.61669921875,1742308737.9565156
1742308737,976521790,0.05078125,-0.02880859375,1.0087890625,0.79345703125,4.08935546875,42.3583984375,1742308737.9765217
1742308737,991665880,0.109375,-0.02294921875,1.1513671875,6.103515625,1.220703125,40.58837890625,1742308737.9916658
1742308738,11517979,-0.0009765625,0.083984375,1.1533203125,6.4697265625,5.0048828125,38.39111328125,1742308738.011518
1742308738,31440786,0.02099609375,0.10400390625,0.8857421875,-0.3662109375,7.2021484375,35.58349609375,1742308738.0314407
1742308738,51397450,-0.0263671875,0.16162109375,0.85205078125,-0.67138671875,0.244140625,36.19384765625,1742308738.0513976
1742308738,76570882,0.02734375,0.15185546875,0.9140625,0.6103515625,5.06591796875,36.92626953125,1742308738.076571
1742308738,96375572,0.009765625,0.0205078125,1.04345703125,-1.28173828125,0.30517578125,37.29248046875,1742308738.0963755
1742308738,116251401,0.0458984375,0.02685546875,0.9912109375,-1.15966796875,-2.62451171875,38.6962890625,1742308738.1162515
1742308738,136277444,0.12353515625,0.10009765625,1.07958984375,2.9296875,3.84521484375,44.0673828125,1742308738.1362774
1742308738,156219260,-0.02587890625,0.076171875,1.05126953125,5.0048828125,-0.42724609375,45.71533203125,1742308738.1562192
1742308738,176327386,-0.021484375,0.0439453125,0.953125,0.0,-2.25830078125,47.66845703125,1742308738.1763275
1742308738,196780712,0.02392578125,-0.03466796875,0.9482421875,-3.7841796875,3.60107421875,47.4853515625,1742308738.1967807
1742308738,216158983,0.037109375,0.03076171875,1.08544921875,-4.0283203125,1.64794921875,46.142578125,1742308738.2161589
1742308738,236185379,0.0517578125,0.06787109375,1.14013671875,2.25830078125,6.16455078125,44.25048828125,1742308738.2361853
1742308738,256306626,-0.09765625,0.1259765625,1.04296875,4.150390625,1.5869140625,39.9169921875,1742308738.2563066
1742308738,276326781,0.0087890625,-0.01806640625,1.00439453125,0.3662109375,-3.0517578125,37.109375,1742308738.276327
1742308738,296577858,0.0888671875,0.0146484375,1.0947265625,1.8310546875,7.9345703125,32.958984375,1742308738.296578
1742308738,316301680,-0.02197265625,0.0087890625,1.0732421875,4.7607421875,2.86865234375,29.541015625,1742308738.3163016
1742308738,336232327,-0.017578125,0.0576171875,0.9794921875,0.3662109375,-2.99072265625,29.35791015625,1742308738.3362324
1742308738,356252002,0.16650390625,0.09033203125,0.98046875,4.21142578125,2.5634765625,33.203125,1742308738.356252
1742308738,371425005,0.212890625,0.25390625,0.79638671875,2.9296875,5.43212890625,37.2314453125,1742308738.371425
1742308738,396334010,-0.00244140625,0.21240234375,0.84716796875,-7.62939453125,3.47900390625,38.02490234375,1742308738.396334
1742308738,416347252,-0.0400390625,0.060546875,0.99853515625,0.06103515625,-1.0986328125,38.6962890625,1742308738.4163473
1742308738,436234378,-0.015625,-0.029296875,0.916015625,4.5166015625,3.11279296875,39.1845703125,1742308738.4362345
1742308738,456317607,0.09619140625,0.18798828125,0.76904296875,0.79345703125,1.220703125,41.68701171875,1742308738.4563177
1742308738,476341347,0.0517578125,0.18798828125,1.048828125,-4.150390625,1.03759765625,44.5556640625,1742308738.4763412
1742308738,496396735,0.1201171875,0.13232421875,0.89404296875,4.08935546875,4.57763671875,44.3115234375,1742308738.4963968
1742308738,511377730,0.009765625,0.0830078125,0.77734375,-2.86865234375,5.859375,42.8466796875,1742308738.5113778
1742308738,531476512,-0.03759765625,-0.0224609375,1.0400390625,-2.685546875,1.3427734375,45.166015625,1742308738.5314765
1742308738,556493874,0.0009765625,0.0546875,0.9931640625,-0.732421875,0.244140625,47.05810546875,1742308738.5564938
1742308738,576670355,-0.05859375,0.06787109375,0.96484375,0.244140625,-6.53076171875,49.6826171875,1742308738.5766704
1742308738,591352361,0.130859375,0.06201171875,0.8349609375,-1.52587890625,-2.197265625,48.2177734375,1742308738.5913525
1742308738,616597092,0.14794921875,0.076171875,0.794921875,-5.06591796875,1.03759765625,46.38671875,1742308738.6165972
1742308738,636209358,0.09130859375,0.16796875,0.8505859375,-2.99072265625,0.54931640625,47.30224609375,1742308738.6362092
1742308738,656196455,0.1513671875,0.13427734375,1.0087890625,5.55419921875,4.08935546875,45.8984375,1742308738.6561964
1742308738,676321895,0.0234375,0.11669921875,0.9912109375,2.25830078125,1.15966796875,44.00634765625,1742308738.676322
1742308738,696450630,0.0771484375,0.08837890625,1.0849609375,2.99072265625,3.35693359375,43.3349609375,1742308738.6964507
1742308738,711348294,0.05126953125,0.09619140625,1.09228515625,5.06591796875,7.38525390625,42.29736328125,1742308738.7113483
1742308738,736227217,-0.0439453125,-0.005859375,0.97314453125,-0.1220703125,7.01904296875,40.4052734375,1742308738.7362273
1742308738,751781164,-0.0625,-0.0390625,1.09375,0.732421875,3.84521484375,37.353515625,1742308738.7517812
1742308738,776622038,-0.10302734375,0.01953125,1.1767578125,2.9296875,2.25830078125,37.2314453125,1742308738.776622
1742308738,796713588,0.03369140625,0.125,0.91748046875,-4.7607421875,-1.0986328125,37.04833984375,1742308738.7967136
1742308738,816285372,0.1259765625,0.17822265625,1.0810546875,-4.150390625,7.62939453125,35.09521484375,1742308738.8162854
1742308738,837019414,-0.00244140625,0.00830078125,1.14013671875,5.9814453125,4.0283203125,33.14208984375,1742308738.8370194
1742308738,856397749,-0.0166015625,0.0361328125,0.912109375,7.4462890625,6.04248046875,32.40966796875,1742308738.8563979
1742308738,876460338,-0.1220703125,0.09912109375,0.8193359375,-4.21142578125,-1.77001953125,30.45654296875,1742308738.8764603
1742308738,896625555,0.04345703125,0.142578125,0.9296875,-5.0048828125,3.41796875,28.076171875,1742308738.8966255
1742308738,916486855,-0.04931640625,0.12109375,1.02685546875,0.1220703125,2.13623046875,27.099609375,1742308738.9164867
1742308738,936301945,0.109375,0.0869140625,0.8984375,2.13623046875,1.46484375,26.2451171875,1742308738.936302
1742308738,956462554,0.0361328125,0.10546875,0.93212890625,0.3662109375,1.03759765625,23.74267578125,1742308738.9564626
1742308738,976496982,-0.013671875,0.0595703125,1.11328125,-0.732421875,2.99072265625,26.85546875,1742308738.976497
1742308738,996759867,-0.0947265625,0.0478515625,0.99658203125,4.0283203125,-7.26318359375,29.78515625,1742308738.99676
1742308739,16846095,0.0068359375,0.013671875,1.0380859375,3.0517578125,0.244140625,27.83203125,1742308739.0168462
1742308739,36723728,0.03173828125,-0.0400390625,1.0400390625,3.11279296875,0.42724609375,23.98681640625,1742308739.0367236
1742308739,53845342,0.08740234375,0.0908203125,1.11962890625,-1.5869140625,6.591796875,21.728515625,1742308739.0538454
1742308739,75443207,-0.0302734375,0.01513671875,0.92431640625,-1.220703125,4.0283203125,21.91162109375,1742308739.0754433
1742308739,96584253,-0.06494140625,0.056640625,0.7587890625,-4.69970703125,-1.5869140625,23.01025390625,1742308739.0965843
1742308739,116460030,0.09765625,0.08740234375,0.841796875,-7.62939453125,4.5166015625,20.99609375,1742308739.11646
1742308739,131446322,-0.01318359375,0.095703125,0.9169921875,-1.8310546875,2.685546875,21.3623046875,1742308739.1314464
1742308739,156494636,-0.01953125,0.16552734375,0.91259765625,-2.44140625,1.220703125,23.37646484375,1742308739.1564946
1742308739,176669401,0.0380859375,0.13330078125,0.86767578125,1.52587890625,4.7607421875,22.0947265625,1742308739.1766694
1742308739,196665599,0.04296875,0.08984375,0.7529296875,-6.591796875,-2.3193359375,21.17919921875,1742308739.1966655
1742308739,216606435,0.05810546875,0.119140625,0.79296875,-11.23046875,1.52587890625,20.3857421875,1742308739.2166064
1742308739,236431266,-0.0634765625,0.16064453125,0.9560546875,-5.2490234375,-6.89697265625,22.94921875,1742308739.2364314
1742308739,256716276,0.04150390625,0.1044921875,1.01611328125,7.62939453125,1.3427734375,23.4375,1742308739.2567163
1742308739,276429774,-0.0400390625,0.1103515625,0.9169921875,2.25830078125,-2.38037109375,24.23095703125,1742308739.27643
1742308739,296623005,0.01806640625,0.00927734375,1.0166015625,-2.0751953125,0.244140625,24.71923828125,1742308739.296623
1742308739,316600642,0.0859375,-0.0322265625,1.05078125,9.58251953125,1.28173828125,21.17919921875,1742308739.3166006
1742308739,336525349,0.02734375,0.1796875,0.85888671875,7.50732421875,3.2958984375,19.53125,1742308739.3365254
1742308739,356662193,-0.04150390625,0.0966796875,1.0234375,0.67138671875,-0.9765625,23.0712890625,1742308739.3566623
1742308739,377295729,-0.099609375,-0.0224609375,1.27294921875,11.8408203125,-3.96728515625,26.4892578125,1742308739.3772957
1742308739,396572569,0.05419921875,0.0947265625,1.14306640625,20.1416015625,2.44140625,24.7802734375,1742308739.3965726
1742308739,416528190,-0.04248046875,0.11083984375,0.95703125,2.3193359375,0.91552734375,24.47509765625,1742308739.4165282
1742308739,431383084,-0.021484375,0.0078125,1.0546875,-2.50244140625,6.40869140625,25.93994140625,1742308739.4313831
1742308739,456553515,-0.11669921875,-0.0458984375,1.01708984375,6.2255859375,-3.41796875,30.82275390625,1742308739.4565535
1742308739,476557969,0.09912109375,0.12109375,0.9072265625,5.92041015625,4.2724609375,31.3720703125,1742308739.476558
1742308739,496499701,0.11181640625,0.08935546875,1.00537109375,-4.21142578125,-0.244140625,30.09033203125,1742308739.4964998
1742308739,511602062,0.08642578125,-0.0078125,1.14208984375,0.1220703125,6.103515625,30.029296875,1742308739.5116022
1742308739,536458464,0.00390625,-0.00048828125,0.81201171875,4.0283203125,7.14111328125,31.43310546875,1742308739.5364585
1742308739,556436421,0.01171875,0.0693359375,0.8974609375,2.13623046875,5.0048828125,30.3955078125,1742308739.5564365
1742308739,576664053,-0.06982421875,0.1103515625,1.00146484375,1.15966796875,3.173828125,32.5927734375,1742308739.576664
1742308739,596652026,-0.134765625,0.0703125,1.0224609375,-1.28173828125,-8.36181640625,36.62109375,1742308739.596652
1742308739,616671361,0.07568359375,0.0625,0.9423828125,-3.23486328125,2.9296875,35.400390625,1742308739.6166713
1742308739,636511105,-0.00927734375,0.083984375,0.95849609375,4.45556640625,-4.8828125,33.14208984375,1742308739.636511
1742308739,656569578,0.046875,0.1259765625,0.888671875,4.57763671875,0.67138671875,32.3486328125,1742308739.6565695
1742308739,676713494,-0.07177734375,0.0791015625,0.9814453125,3.11279296875,-4.45556640625,36.80419921875,1742308739.6767135
1742308739,696582582,0.12060546875,0.10986328125,1.07861328125,3.0517578125,0.48828125,36.0107421875,1742308739.6965826
1742308739,716569212,-0.0087890625,0.05419921875,1.0419921875,4.94384765625,0.732421875,34.85107421875,1742308739.7165692
1742308739,736621956,0.10546875,0.07666015625,0.99951171875,0.244140625,2.197265625,35.09521484375,1742308739.7366219
1742308739,751722269,0.07177734375,0.119140625,1.03271484375,0.0,5.9814453125,37.4755859375,1742308739.7517223
1742308739,776514348,0.04443359375,0.10595703125,0.89111328125,-1.40380859375,1.03759765625,42.724609375,1742308739.7765143
1742308739,796383309,0.0048828125,0.0400390625,0.86669921875,-1.708984375,-3.173828125,42.6025390625,1742308739.7963834
1742308739,816432565,0.08935546875,0.07275390625,0.95947265625,-0.54931640625,5.67626953125,41.9921875,1742308739.8164325
1742308739,836417051,0.01025390625,0.072265625,0.8798828125,-8.056640625,-1.8310546875,45.0439453125,1742308739.836417
1742308739,856534182,0.11962890625,0.0498046875,1.09814453125,-2.62451171875,4.8828125,46.08154296875,1742308739.8565342
1742308739,876649553,-0.04931640625,0.1240234375,0.9453125,2.685546875,2.197265625,48.03466796875,1742308739.8766496
1742308739,896524242,0.07421875,0.13134765625,0.84716796875,-3.662109375,4.2724609375,45.7763671875,1742308739.8965242
1742308739,916618364,-0.00439453125,0.08349609375,0.8974609375,-5.2490234375,3.2958984375,47.54638671875,1742308739.9166183
1742308739,936584225,0.00390625,0.02099609375,0.92919921875,-3.90625,1.28173828125,49.49951171875,1742308739.9365842
1742308739,956351677,0.072265625,0.12060546875,0.95068359375,0.48828125,3.47900390625,49.9267578125,1742308739.9563518
1742308739,976529163,0.060546875,0.17431640625,1.0078125,1.40380859375,-1.15966796875,49.9267578125,1742308739.9765291
1742308739,996471342,0.021484375,0.08349609375,0.93212890625,3.72314453125,-0.6103515625,49.49951171875,1742308739.9964714
1742308740,16939231,0.06005859375,0.05712890625,0.78515625,-2.685546875,1.15966796875,49.49951171875,1742308740.0169392
1742308740,36690119,0.06884765625,0.013671875,0.857421875,-4.2724609375,1.5869140625,50.1708984375,1742308740.0366902
1742308740,56599959,0.09033203125,0.0625,1.0693359375,6.77490234375,-0.79345703125,48.03466796875,1742308740.0565999
1742308740,76552519,0.15771484375,0.2041015625,0.96533203125,8.9111328125,5.7373046875,46.2646484375,1742308740.0765526
1742308740,96748674,0.046875,0.17822265625,0.91748046875,-3.84521484375,8.056640625,49.01123046875,1742308740.0967486
1742308740,116657265,-0.02734375,0.056640625,0.93017578125,-4.5166015625,6.04248046875,52.001953125,1742308740.1166573
1742308740,136386457,-0.00048828125,0.0244140625,0.8876953125,-0.3662109375,-2.5634765625,53.5888671875,1742308740.1363864
1742308740,151579495,0.13330078125,0.146484375,1.14404296875,-1.708984375,8.23974609375,49.98779296875,1742308740.1515794
1742308740,176509188,0.0791015625,0.1015625,1.13916015625,-1.15966796875,2.62451171875,48.9501953125,1742308740.1765091
1742308740,196816803,0.0439453125,0.06201171875,1.12548828125,6.103515625,4.45556640625,56.0302734375,1742308740.196817
1742308740,216542155,0.029296875,0.1142578125,0.7666015625,-3.47900390625,-3.72314453125,61.767578125,1742308740.2165422
1742308740,236395000,0.10009765625,0.08447265625,0.78173828125,-10.009765625,4.82177734375,62.8662109375,1742308740.236395
1742308740,256509424,0.1396484375,0.08740234375,0.8154296875,-3.35693359375,-1.64794921875,64.5751953125,1742308740.2565095
1742308740,276496834,0.09033203125,0.17626953125,0.84033203125,0.54931640625,-0.06103515625,65.36865234375,1742308740.276497
1742308740,296366959,0.13037109375,0.1689453125,0.93505859375,-2.50244140625,0.6103515625,62.744140625,1742308740.296367
1742308740,316741106,0.09423828125,0.10791015625,0.9580078125,-0.6103515625,5.55419921875,59.9365234375,1742308740.316741
1742308740,336459961,0.05712890625,0.04541015625,0.9892578125,3.72314453125,5.4931640625,60.85205078125,1742308740.3364599
1742308740,356456044,0.015625,0.0087890625,1.05908203125,3.0517578125,-3.90625,63.3544921875,1742308740.356456
1742308740,376760587,0.09912109375,-0.0302734375,1.08984375,0.244140625,6.77490234375,63.29345703125,1742308740.3767605
1742308740,396500435,0.1083984375,0.03173828125,1.10400390625,0.8544921875,4.5166015625,60.791015625,1742308740.3965003
1742308740,416439812,0.05859375,0.07763671875,1.04443359375,3.0517578125,-0.30517578125,61.34033203125,1742308740.4164398
1742308740,431581008,0.0283203125,0.1357421875,0.84619140625,-3.90625,2.01416015625,59.99755859375,1742308740.431581
1742308740,456796088,0.10205078125,0.1171875,1.0390625,2.01416015625,2.0751953125,59.4482421875,1742308740.4567962
1742308740,471608854,0.02099609375,0.07666015625,1.13623046875,1.8310546875,8.056640625,60.4248046875,1742308740.4716089
1742308740,491690029,0.05419921875,-0.01611328125,1.193359375,5.859375,2.0751953125,61.46240234375,1742308740.49169
1742308740,511538745,0.044921875,0.10986328125,1.123046875,0.91552734375,6.4697265625,63.5986328125,1742308740.5115387
1742308740,536483927,0.02490234375,0.1015625,1.11962890625,6.89697265625,2.99072265625,63.65966796875,1742308740.536484
1742308740,551496605,0.0771484375,0.06298828125,0.91455078125,3.72314453125,4.69970703125,62.3779296875,1742308740.5514965
1742308740,576656675,0.0078125,0.0537109375,0.9677734375,-2.62451171875,5.92041015625,64.3310546875,1742308740.5766566
1742308740,596474095,0.0859375,0.025390625,1.0595703125,-3.7841796875,-0.732421875,65.5517578125,1742308740.5964742
1742308740,616468385,0.02392578125,0.05029296875,1.0986328125,6.53076171875,1.89208984375,64.0869140625,1742308740.6164684
1742308740,636539031,0.10595703125,0.1220703125,0.91357421875,0.48828125,-4.21142578125,60.72998046875,1742308740.636539
1742308740,657239527,0.0341796875,0.0244140625,0.84375,-3.35693359375,-4.45556640625,60.6689453125,1742308740.6572394
1742308740,676616704,0.14892578125,0.1083984375,0.68896484375,-1.40380859375,-4.82177734375,60.97412109375,1742308740.6766167
1742308740,696495054,0.10791015625,0.14306640625,0.810546875,-0.732421875,4.150390625,59.14306640625,1742308740.696495
1742308740,716484672,0.05224609375,0.0908203125,1.10302734375,2.99072265625,1.953125,61.4013671875,1742308740.7164848
1742308740,736438225,0.10693359375,0.1181640625,1.18115234375,5.79833984375,7.99560546875,60.48583984375,1742308740.7364383
1742308740,756630764,-0.01611328125,0.01318359375,1.1474609375,5.0048828125,5.37109375,61.46240234375,1742308740.7566307
1742308740,776529147,0.00439453125,-0.08056640625,1.14794921875,6.89697265625,4.7607421875,58.16650390625,1742308740.776529
1742308740,796694421,-0.09423828125,0.0390625,1.15185546875,4.0283203125,9.46044921875,55.5419921875,1742308740.7966945
1742308740,816612772,-0.03759765625,0.0234375,1.08251953125,-3.72314453125,-0.8544921875,57.9833984375,1742308740.8166127
1742308740,836510419,0.02392578125,0.04248046875,0.91259765625,-1.89208984375,3.47900390625,56.0302734375,1742308740.8365104
1742308740,856767312,0.17919921875,0.06982421875,0.984375,1.64794921875,2.685546875,51.6357421875,1742308740.8567674
1742308740,876710913,0.08447265625,0.1552734375,0.78369140625,0.18310546875,-0.06103515625,47.54638671875,1742308740.876711
1742308740,896741045,0.14306640625,0.21826171875,0.73876953125,-3.47900390625,3.90625,46.0205078125,1742308740.8967412
1742308740,916603714,0.0146484375,0.16552734375,0.77783203125,-1.3427734375,5.31005859375,46.630859375,1742308740.9166038
1742308740,936643351,0.005859375,0.142578125,0.89013671875,-0.3662109375,-1.0986328125,45.10498046875,1742308740.9366434
1742308740,956564262,-0.0146484375,-0.02392578125,1.06982421875,2.197265625,-1.953125,43.8232421875,1742308740.9565642
1742308740,976803939,0.05029296875,0.0166015625,0.765625,1.89208984375,-0.18310546875,41.80908203125,1742308740.976804
1742308740,996649295,0.138671875,0.11279296875,0.75439453125,-4.57763671875,1.52587890625,37.04833984375,1742308740.9966493
1742308741,16704411,0.02978515625,0.072265625,0.95654296875,-5.4931640625,2.25830078125,33.447265625,1742308741.0167043
1742308741,36468178,0.0185546875,0.017578125,1.07470703125,4.2724609375,3.41796875,32.71484375,1742308741.0364683
1742308741,56606232,0.02294921875,0.05126953125,0.99267578125,4.150390625,2.74658203125,29.35791015625,1742308741.0566063
1742308741,76844194,-0.01416015625,-0.01513671875,0.99658203125,-1.46484375,2.38037109375,27.40478515625,1742308741.0768442
1742308741,96431985,-0.0048828125,0.0751953125,0.96875,0.0,2.5634765625,23.86474609375,1742308741.096432
1742308741,116593560,-0.0439453125,0.08837890625,0.94091796875,-0.54931640625,0.06103515625,21.17919921875,1742308741.1165936
1742308741,136704156,-0.02099609375,0.083984375,0.83447265625,-0.6103515625,-3.5400390625,19.6533203125,1742308741.1367042
1742308741,156677627,0.0390625,0.099609375,0.9794921875,-7.2021484375,6.2255859375,15.380859375,1742308741.1566777
1742308741,176664091,-0.01708984375,0.01953125,1.04345703125,-3.11279296875,-0.8544921875,15.31982421875,1742308741.176664
1742308741,196738910,0.048828125,0.06298828125,0.90625,5.55419921875,8.97216796875,15.68603515625,1742308741.196739
1742308741,216614553,-0.0322265625,0.1416015625,0.76513671875,2.685546875,-1.220703125,16.6015625,1742308741.2166145
1742308741,236661852,0.001953125,0.13330078125,0.779296875,-6.89697265625,-0.8544921875,16.54052734375,1742308741.236662
1742308741,256624890,-0.00146484375,0.03369140625,1.08203125,-5.615234375,-4.82177734375,13.85498046875,1742308741.256625
1742308741,276537687,0.06787109375,0.072265625,1.15185546875,5.2490234375,4.21142578125,12.51220703125,1742308741.2765377
1742308741,296525879,-0.09765625,0.1474609375,1.0185546875,2.0751953125,1.953125,10.986328125,1742308741.296526
1742308741,316524279,-0.0908203125,0.021484375,1.025390625,2.50244140625,4.57763671875,12.63427734375,1742308741.3165243
1742308741,336553336,-0.091796875,0.037109375,1.0537109375,3.7841796875,-6.34765625,13.12255859375,1742308741.3365533
1742308741,356596250,0.05224609375,0.02099609375,1.12060546875,5.126953125,7.9345703125,11.23046875,1742308741.3565962
1742308741,376809635,-0.00390625,0.06884765625,0.88427734375,5.0048828125,-4.5166015625,6.40869140625,1742308741.3768096
1742308741,396514199,0.0791015625,0.0283203125,0.85595703125,-4.150390625,7.2021484375,4.39453125,1742308741.3965142
1742308741,416511063,0.064453125,0.09375,0.92333984375,0.732421875,1.953125,1.89208984375,1742308741.416511
1742308741,436796515,0.01416015625,0.1962890625,0.923828125,3.173828125,2.74658203125,0.91552734375,1742308741.4367964
1742308741,456718016,-0.10693359375,0.1630859375,0.93408203125,-0.6103515625,-4.638671875,1.8310546875,1742308741.456718
1742308741,476664958,-0.07373046875,0.033203125,0.9404296875,-2.62451171875,-4.7607421875,5.06591796875,1742308741.476665
1742308741,496797539,-0.10400390625,-0.0048828125,1.0302734375,3.23486328125,-4.57763671875,5.67626953125,1742308741.4967976
1742308741,516680703,0.01904296875,0.0537109375,1.05322265625,3.60107421875,5.2490234375,3.23486328125,1742308741.5166807
1742308741,536697279,-0.0888671875,0.0537109375,1.06201171875,-7.4462890625,-3.0517578125,3.96728515625,1742308741.5366974
1742308741,556831493,-0.013671875,0.0576171875,1.1455078125,-3.96728515625,5.9814453125,4.69970703125,1742308741.5568316
1742308741,576738945,0.00048828125,0.0830078125,0.81982421875,1.40380859375,5.92041015625,3.662109375,1742308741.5767388
1742308741,596481015,0.0009765625,0.04345703125,0.8564453125,0.9765625,1.89208984375,3.5400390625,1742308741.596481
1742308741,616460567,-0.09423828125,0.0673828125,0.90966796875,-5.859375,-4.08935546875,6.16455078125,1742308741.6164606
1742308741,636901768,0.00341796875,0.130859375,0.95068359375,-5.9814453125,2.74658203125,6.591796875,1742308741.6369019
1742308741,656870279,-0.0087890625,0.1826171875,0.8798828125,-3.173828125,-1.28173828125,5.0048828125,1742308741.6568704
1742308741,676477336,-0.037109375,0.13720703125,0.88037109375,-3.35693359375,-1.953125,3.90625,1742308741.6764774
1742308741,696499129,-0.0126953125,0.0380859375,1.00341796875,2.86865234375,2.74658203125,3.2958984375,1742308741.696499
1742308741,716599165,-0.09912109375,0.095703125,1.0263671875,7.6904296875,-1.953125,4.5166015625,1742308741.7165992
1742308741,736814822,-0.009765625,0.13232421875,1.0537109375,1.77001953125,2.13623046875,5.7373046875,1742308741.7368147
1742308741,756931723,-0.0703125,0.1220703125,1.01318359375,-0.9765625,3.5400390625,4.0283203125,1742308741.7569318
1742308741,776643807,0.06494140625,0.03662109375,1.01318359375,2.86865234375,2.38037109375,0.9765625,1742308741.7766438
1742308741,796823495,0.01171875,0.05712890625,0.91357421875,3.11279296875,5.55419921875,-1.15966796875,1742308741.7968235
1742308741,816637023,-0.0595703125,0.0546875,0.900390625,-2.62451171875,0.18310546875,-1.46484375,1742308741.816637
1742308741,836780613,-0.083984375,0.12451171875,0.9697265625,-1.0986328125,-5.126953125,2.74658203125,1742308741.8367805
1742308741,857378461,0.00146484375,0.1650390625,0.87109375,-1.28173828125,-5.92041015625,4.69970703125,1742308741.8573785
1742308741,876822727,0.0185546875,0.0888671875,0.8505859375,3.60107421875,-6.2255859375,2.13623046875,1742308741.8768227
1742308741,896589566,0.03466796875,0.1181640625,0.90771484375,-3.72314453125,2.3193359375,-1.5869140625,1742308741.8965895
1742308741,916964525,-0.1044921875,-0.02734375,1.181640625,-4.0283203125,0.244140625,1.708984375,1742308741.9169645
1742308741,936723524,-0.00439453125,-0.0048828125,0.958984375,3.5400390625,1.15966796875,3.11279296875,1742308741.9367235
1742308741,951682522,0.0419921875,0.11767578125,0.68603515625,-3.47900390625,5.31005859375,0.8544921875,1742308741.9516826
1742308741,976759301,-0.05517578125,0.07470703125,0.9384765625,-3.662109375,-1.40380859375,2.685546875,1742308741.9767592
1742308741,996467578,-0.0458984375,0.06201171875,1.0244140625,-2.38037109375,7.50732421875,6.103515625,1742308741.9964676
1742308742,16584082,-0.08544921875,0.00927734375,1.099609375,-5.18798828125,-1.28173828125,8.4228515625,1742308742.0165842
1742308742,36709221,-0.0322265625,0.0771484375,0.962890625,2.5634765625,-3.5400390625,7.99560546875,1742308742.0367093
1742308742,56606511,0.01025390625,0.08056640625,0.89990234375,-0.30517578125,-1.46484375,7.4462890625,1742308742.0566065
1742308742,76610910,0.0146484375,0.03759765625,1.02490234375,4.94384765625,4.0283203125,6.9580078125,1742308742.0766108
1742308742,96683790,-0.03759765625,0.1171875,1.076171875,9.94873046875,1.5869140625,6.34765625,1742308742.0966837
1742308742,116627418,-0.08349609375,0.04638671875,1.15283203125,3.2958984375,3.96728515625,8.1787109375,1742308742.1166275
1742308742,136712940,-0.0693359375,-0.01220703125,1.02490234375,3.47900390625,-1.89208984375,11.16943359375,1742308742.136713
1742308742,156701561,0.015625,0.08056640625,0.916015625,6.16455078125,-0.6103515625,8.1787109375,1742308742.1567016
1742308742,176486495,0.04833984375,0.109375,0.79345703125,1.89208984375,-0.732421875,3.173828125,1742308742.1764865
1742308742,196557904,-0.013671875,0.19970703125,0.90576171875,-3.60107421875,2.197265625,2.86865234375,1742308742.196558
1742308742,216531581,-0.1650390625,0.17041015625,1.02880859375,-1.46484375,-3.72314453125,6.8359375,1742308742.2165315
1742308742,236803637,-0.0625,0.0654296875,1.05029296875,2.25830078125,-3.72314453125,8.544921875,1742308742.2368035
1742308742,257136432,-0.00048828125,0.04541015625,0.8671875,6.16455078125,-2.44140625,8.11767578125,1742308742.2571363
1742308742,276638923,0.04931640625,0.0654296875,0.89306640625,-5.67626953125,1.8310546875,6.2255859375,1742308742.276639
1742308742,296894115,0.0478515625,0.01708984375,1.03125,-0.79345703125,3.47900390625,6.28662109375,1742308742.296894
1742308742,316651464,-0.0546875,0.11962890625,0.8115234375,3.0517578125,1.40380859375,7.568359375,1742308742.3166516
1742308742,337201963,-0.0126953125,0.1337890625,0.81640625,-5.43212890625,2.685546875,6.34765625,1742308742.337202
1742308742,356961648,-0.05615234375,0.04541015625,1.05859375,-1.03759765625,2.5634765625,6.65283203125,1742308742.3569617
1742308742,376577039,-0.0517578125,0.08544921875,1.0087890625,3.0517578125,4.82177734375,9.33837890625,1742308742.3765771
1742308742,391597146,-0.15283203125,0.10986328125,1.072265625,2.86865234375,-2.0751953125,10.25390625,1742308742.391597
1742308742,416610124,0.01318359375,0.06494140625,0.99462890625,0.30517578125,0.732421875,8.6669921875,1742308742.4166102
1742308742,431968933,-0.01904296875,0.02294921875,0.966796875,-0.6103515625,1.220703125,7.4462890625,1742308742.431969
1742308742,456547814,-0.0224609375,0.0009765625,1.07373046875,6.16455078125,-0.3662109375,5.859375,1742308742.4565477
1742308742,476546228,-0.0205078125,0.08154296875,0.97412109375,7.38525390625,2.50244140625,5.7373046875,1742308742.4765463
1742308742,496627589,0.01953125,0.06689453125,0.8291015625,-2.5634765625,-2.8076171875,5.79833984375,1742308742.4966276
1742308742,516558512,0.08984375,0.1015625,0.96044921875,-0.79345703125,2.44140625,4.2724609375,1742308742.5165584
1742308742,532448638,0.0146484375,0.1484375,0.96142578125,0.9765625,1.708984375,2.99072265625,1742308742.5324485
1742308742,557046496,-0.03515625,0.12451171875,0.94873046875,-3.47900390625,3.23486328125,1.15966796875,1742308742.5570464
1742308742,576599228,-0.05908203125,0.080078125,1.04443359375,-3.41796875,2.5634765625,0.732421875,1742308742.5765991
1742308742,596474501,-0.16650390625,0.0732421875,1.07080078125,4.150390625,-4.33349609375,2.74658203125,1742308742.5964744
1742308742,616569559,-0.07177734375,0.0302734375,0.8896484375,2.5634765625,-6.9580078125,4.21142578125,1742308742.6165695
1742308742,636724907,-0.025390625,0.08203125,0.88720703125,-7.6904296875,0.3662109375,1.3427734375,1742308742.636725
1742308742,651735446,0.01123046875,0.04150390625,1.12939453125,-0.67138671875,1.15966796875,0.244140625,1742308742.6517355
1742308742,676758441,-0.017578125,0.06689453125,0.8974609375,-0.54931640625,2.44140625,0.18310546875,1742308742.6767585
1742308742,696643506,-0.05029296875,0.0927734375,0.91796875,-1.8310546875,2.197265625,-0.42724609375,1742308742.6966436
1742308742,716452729,-0.1279296875,0.05517578125,0.98828125,-4.0283203125,0.06103515625,2.9296875,1742308742.7164528
1742308742,736704849,-0.03271484375,0.0390625,1.08251953125,-4.150390625,2.50244140625,4.0283203125,1742308742.7367048
1742308742,756503447,-0.037109375,0.05810546875,0.98681640625,-2.3193359375,-0.91552734375,2.74658203125,1742308742.7565033
1742308742,776536486,-0.01904296875,0.11572265625,1.01025390625,1.28173828125,0.3662109375,4.69970703125,1742308742.7765365
1742308742,796591574,-0.0322265625,0.09619140625,0.9150390625,-0.9765625,-6.65283203125,2.9296875,1742308742.7965915
1742308742,816724297,0.068359375,0.08251953125,0.92138671875,-1.953125,1.77001953125,0.3662109375,1742308742.8167243
1742308742,836569233,-0.06787109375,0.08935546875,1.05029296875,6.8359375,1.0986328125,2.3193359375,1742308742.8365693
1742308742,856697573,-0.07763671875,0.08984375,0.94921875,3.5400390625,-4.0283203125,6.77490234375,1742308742.8566976
1742308742,876541580,0.00927734375,-0.009765625,1.10986328125,3.173828125,5.2490234375,7.14111328125,1742308742.8765416
1742308742,896490008,-0.04052734375,0.0400390625,1.00634765625,9.21630859375,1.5869140625,5.55419921875,1742308742.89649
1742308742,916533800,-0.021484375,0.11669921875,0.89208984375,3.90625,1.0986328125,3.11279296875,1742308742.9165337
1742308742,936667804,-0.02978515625,0.08154296875,1.01953125,-4.2724609375,1.77001953125,2.5634765625,1742308742.936668
1742308742,956593319,-0.08984375,0.05029296875,1.04833984375,-1.77001953125,0.42724609375,6.2255859375,1742308742.9565933
1742308742,976460431,-0.0986328125,0.0322265625,1.111328125,5.859375,-12.3291015625,9.46044921875,1742308742.9764605
1742308742,996573794,0.12841796875,0.14697265625,0.83056640625,0.91552734375,-0.06103515625,9.94873046875,1742308742.9965737
1742308743,16688296,0.00830078125,0.0556640625,1.0166015625,-7.080078125,-0.79345703125,14.0380859375,1742308743.0166883
1742308743,36751879,0.06884765625,0.06103515625,0.97021484375,-0.8544921875,-1.708984375,15.625,1742308743.036752
1742308743,56736931,0.04052734375,0.13330078125,0.8544921875,-1.28173828125,0.91552734375,18.49365234375,1742308743.056737
1742308743,76547321,-0.017578125,0.0693359375,0.96630859375,-4.150390625,0.91552734375,24.23095703125,1742308743.0765474
1742308743,96442257,-0.03857421875,0.0439453125,1.0380859375,0.732421875,-1.3427734375,33.87451171875,1742308743.0964422
1742308743,116661974,0.04736328125,0.10791015625,0.9873046875,5.79833984375,4.638671875,43.5791015625,1742308743.116662
1742308743,136974142,0.091796875,0.13427734375,0.9443359375,-2.13623046875,0.9765625,45.34912109375,1742308743.136974
1742308743,156714577,0.08203125,0.02099609375,1.13134765625,1.0986328125,1.0986328125,46.56982421875,1742308743.1567147
1742308743,176639306,0.03466796875,0.06005859375,0.97802734375,5.37109375,4.94384765625,44.677734375,1742308743.1766393
1742308743,196584229,0.02490234375,0.13818359375,0.91552734375,-0.91552734375,-2.99072265625,44.677734375,1742308743.1965842
1742308743,216575649,0.119140625,0.02880859375,1.060546875,-0.06103515625,8.23974609375,42.6025390625,1742308743.2165756
1742308743,236847848,-0.01123046875,0.01708984375,1.1015625,11.65771484375,0.42724609375,42.17529296875,1742308743.2368479
1742308743,256873669,-0.00146484375,0.15966796875,0.90283203125,4.0283203125,-0.6103515625,42.3583984375,1742308743.2568736
1742308743,276783262,0.0810546875,0.1015625,0.92236328125,-3.72314453125,3.84521484375,43.9453125,1742308743.2767832
1742308743,296758650,0.03662109375,0.04052734375,0.8466796875,-5.06591796875,3.23486328125,46.142578125,1742308743.2967587
1742308743,316597424,0.0751953125,0.09326171875,0.9130859375,0.91552734375,-0.18310546875,45.83740234375,1742308743.3165975
1742308743,336628046,0.130859375,0.20703125,0.85302734375,0.54931640625,2.3193359375,42.236328125,1742308743.336628
1742308743,356750991,0.02099609375,0.103515625,0.9736328125,-4.0283203125,3.5400390625,41.80908203125,1742308743.356751
1742308743,376641319,0.01806640625,0.056640625,0.91552734375,-0.3662109375,-0.732421875,43.76220703125,1742308743.3766413
1742308743,396575265,0.0029296875,0.13134765625,0.76513671875,-4.7607421875,-0.54931640625,44.37255859375,1742308743.3965752
1742308743,416533308,0.05224609375,0.1474609375,0.7880859375,-4.150390625,-2.13623046875,42.724609375,1742308743.4165332
1742308743,436578170,0.0595703125,0.10205078125,0.94580078125,0.732421875,1.15966796875,42.6025390625,1742308743.4365783
1742308743,456900259,0.03369140625,0.072265625,0.9375,1.8310546875,0.9765625,41.9921875,1742308743.4569004
1742308743,476492112,0.08056640625,0.11181640625,1.07275390625,1.03759765625,1.52587890625,39.85595703125,1742308743.4764922
1742308743,496509357,-0.0537109375,0.046875,1.09521484375,3.60107421875,3.90625,41.3818359375,1742308743.4965093
1742308743,516596397,-0.00244140625,-0.01611328125,0.96044921875,5.0048828125,6.16455078125,39.794921875,1742308743.5165963
1742308743,536739823,0.0576171875,0.03173828125,1.06396484375,2.13623046875,2.25830078125,38.57421875,1742308743.5367398
1742308743,556727659,0.01904296875,0.041015625,1.12255859375,5.37109375,3.662109375,37.04833984375,1742308743.5567276
1742308743,576563489,0.0205078125,0.11279296875,1.03857421875,8.544921875,-1.64794921875,32.40966796875,1742308743.5765636
1742308743,596766918,0.0791015625,0.09326171875,0.98291015625,1.8310546875,1.77001953125,28.50341796875,1742308743.596767
1742308743,616484247,-0.041015625,0.0185546875,1.009765625,-4.7607421875,3.41796875,29.052734375,1742308743.6164842
1742308743,636425649,-0.03466796875,0.0302734375,1.02587890625,-0.9765625,6.591796875,30.33447265625,1742308743.6364257
1742308743,656602133,-0.08447265625,0.07177734375,1.09375,5.4931640625,-5.18798828125,32.5927734375,1742308743.6566021
1742308743,676512206,0.10302734375,0.17236328125,0.984375,7.50732421875,1.220703125,31.31103515625,1742308743.6765122
1742308743,696426183,0.03759765625,0.1748046875,0.96875,-3.7841796875,4.94384765625,30.2734375,1742308743.6964262
1742308743,716538248,0.02880859375,0.046875,1.068359375,-0.91552734375,5.615234375,31.55517578125,1742308743.7165382
1742308743,736595238,0.025390625,0.078125,0.828125,1.3427734375,2.38037109375,29.1748046875,1742308743.7365952
1742308743,757011987,-0.091796875,0.09423828125,0.82861328125,-4.150390625,0.244140625,29.296875,1742308743.757012
1742308743,776643905,-0.0458984375,0.1123046875,1.1064453125,-6.04248046875,-2.50244140625,32.28759765625,1742308743.776644
1742308743,797078030,-0.03369140625,0.0380859375,1.29736328125,3.23486328125,0.1220703125,33.5693359375,1742308743.7970781
1742308743,816973479,0.0146484375,-0.0068359375,0.96484375,5.92041015625,1.220703125,32.1044921875,1742308743.8169734
1742308743,836588757,0.01220703125,0.09521484375,0.88525390625,-3.0517578125,2.74658203125,30.94482421875,1742308743.8365889
1742308743,856692149,0.02099609375,0.05224609375,1.07666015625,-2.38037109375,1.77001953125,31.982421875,1742308743.856692
1742308743,876775317,-0.03515625,0.0859375,0.93603515625,3.47900390625,-0.6103515625,31.1279296875,1742308743.8767753
1742308743,896628811,0.0107421875,0.18798828125,1.0107421875,0.48828125,-1.15966796875,30.029296875,1742308743.8966289
1742308743,916749293,0.078125,0.05859375,1.15869140625,7.50732421875,4.82177734375,28.38134765625,1742308743.9167492
1742308743,936846093,0.05224609375,0.0263671875,0.92724609375,6.89697265625,1.953125,26.0009765625,1742308743.936846
1742308743,956669186,0.04443359375,0.029296875,0.76953125,-2.86865234375,4.57763671875,24.7802734375,1742308743.956669
1742308743,976541530,-0.04833984375,-0.00244140625,1.005859375,-5.859375,1.64794921875,24.35302734375,1742308743.9765415
1742308743,996585080,-0.0146484375,0.09814453125,0.962890625,-0.91552734375,-5.37109375,25.7568359375,1742308743.9965851
1742308744,16681197,0.02294921875,0.140625,0.86865234375,0.8544921875,-5.43212890625,23.0712890625,1742308744.0166812
1742308744,36675640,0.09423828125,0.1123046875,0.8408203125,-1.0986328125,11.04736328125,20.56884765625,1742308744.0366757
1742308744,56550431,-0.05908203125,0.14599609375,1.12451171875,4.82177734375,-2.8076171875,21.6064453125,1742308744.0565505
1742308744,76622221,0.0322265625,0.1611328125,0.966796875,3.96728515625,3.5400390625,22.39990234375,1742308744.0766222
1742308744,96609336,0.00537109375,0.11181640625,0.7646484375,-1.8310546875,2.01416015625,23.86474609375,1742308744.0966094
1742308744,116514848,0.01708984375,0.048828125,0.86083984375,-7.26318359375,0.732421875,22.64404296875,1742308744.116515
1742308744,136612847,-0.05908203125,0.037109375,1.13720703125,-0.67138671875,4.39453125,22.64404296875,1742308744.136613
1742308744,156935975,-0.05712890625,0.05029296875,1.16650390625,3.173828125,-0.18310546875,22.4609375,1742308744.156936
1742308744,176670920,-0.0712890625,0.01220703125,1.04833984375,-2.0751953125,-1.52587890625,22.64404296875,1742308744.176671
1742308744,196543567,0.0185546875,0.07568359375,0.9609375,-0.18310546875,-0.42724609375,22.39990234375,1742308744.1965435
1742308744,216737570,0.0263671875,0.0654296875,0.89013671875,2.99072265625,0.18310546875,22.4609375,1742308744.2167375
1742308744,236812112,-0.0146484375,0.11279296875,0.89404296875,-0.48828125,-1.89208984375,22.88818359375,1742308744.236812
1742308744,256839900,0.05712890625,0.10400390625,1.0478515625,-2.0751953125,2.74658203125,22.5830078125,1742308744.25684
1742308744,276724260,0.03466796875,0.1650390625,1.10986328125,6.8359375,0.0,21.8505859375,1742308744.2767243
1742308744,296862036,0.009765625,0.11474609375,0.90283203125,7.50732421875,1.0986328125,21.66748046875,1742308744.2968621
1742308744,316975396,0.0439453125,0.0673828125,0.8427734375,-3.41796875,2.685546875,20.20263671875,1742308744.3169754
1742308744,337046514,-0.0732421875,-0.02392578125,0.9892578125,-2.8076171875,-0.91552734375,24.84130859375,1742308744.3370466
1742308744,351864956,0.0439453125,0.01416015625,1.0595703125,1.15966796875,-2.74658203125,29.052734375,1742308744.351865
1742308744,376768799,0.08984375,0.15673828125,0.92333984375,1.89208984375,-3.23486328125,28.1982421875,1742308744.3767688
1742308744,396677767,0.0517578125,0.25048828125,0.88671875,-4.57763671875,2.01416015625,29.11376953125,1742308744.3966777
1742308744,416614128,0.03564453125,0.154296875,0.83837890625,-2.197265625,1.5869140625,40.10009765625,1742308744.416614
1742308744,437131727,0.107421875,0.0703125,0.88916015625,0.732421875,0.79345703125,51.81884765625,1742308744.4371316
1742308744,456579749,-0.048828125,0.08984375,1.0205078125,3.173828125,0.48828125,59.75341796875,1742308744.4565797
1742308744,471847072,0.05078125,0.0810546875,1.06591796875,-0.8544921875,4.2724609375,68.05419921875,1742308744.471847
1742308744,496866247,0.119140625,0.09375,1.138671875,4.5166015625,5.859375,65.61279296875,1742308744.4968662
1742308744,516870259,0.06396484375,0.11669921875,0.9384765625,3.96728515625,8.056640625,63.78173828125,1742308744.5168703
1742308744,536732729,-0.0458984375,0.02392578125,0.91357421875,-3.90625,5.18798828125,65.5517578125,1742308744.5367327
1742308744,556704611,0.09765625,-0.02880859375,0.99658203125,1.89208984375,-0.06103515625,65.5517578125,1742308744.5567045
1742308744,576694607,0.1337890625,0.10107421875,0.8935546875,7.4462890625,0.79345703125,62.56103515625,1742308744.5766945
1742308744,596716827,0.1279296875,0.09130859375,0.958984375,-0.3662109375,-0.48828125,60.05859375,1742308744.596717
1742308744,616907854,0.10498046875,0.0185546875,1.0302734375,4.08935546875,0.79345703125,60.05859375,1742308744.6169078
1742308744,636685233,0.103515625,0.05419921875,0.81591796875,3.72314453125,6.4697265625,60.72998046875,1742308744.6366851
1742308744,651619039,0.052734375,0.11376953125,0.84326171875,-1.40380859375,0.42724609375,62.07275390625,1742308744.651619
1742308744,676649126,0.02734375,0.04150390625,1.04345703125,0.3662109375,-3.90625,63.4765625,1742308744.676649
1742308744,696730965,0.177734375,0.04638671875,1.140625,9.8876953125,5.2490234375,59.87548828125,1742308744.6967309
1742308744,716782210,0.06494140625,0.05712890625,0.9541015625,-2.01416015625,7.2021484375,59.50927734375,1742308744.716782
1742308744,736893842,0.12451171875,-0.013671875,1.16455078125,2.197265625,12.939453125,60.97412109375,1742308744.736894
1742308744,756738648,-0.0107421875,0.07275390625,0.9345703125,1.708984375,4.2724609375,60.546875,1742308744.7567387
1742308744,776763300,-0.0087890625,0.06396484375,1.01416015625,2.01416015625,8.36181640625,61.03515625,1742308744.7767632
1742308744,796883316,-0.0009765625,0.1240234375,0.9609375,-2.62451171875,3.41796875,61.34033203125,1742308744.7968833
1742308744,816748698,0.0146484375,0.14111328125,1.1328125,1.64794921875,3.84521484375,61.03515625,1742308744.8167486
1742308744,836836361,0.1005859375,0.1259765625,0.98876953125,4.69970703125,3.35693359375,55.60302734375,1742308744.8368363
1742308744,856660494,0.08642578125,0.01513671875,0.9404296875,4.69970703125,7.568359375,48.52294921875,1742308744.8566606
1742308744,876631032,0.05126953125,0.08056640625,0.87548828125,4.21142578125,8.4228515625,41.32080078125,1742308744.876631
1742308744,896714759,-0.0634765625,0.15478515625,1.01904296875,2.38037109375,-0.18310546875,40.8935546875,1742308744.8967147
1742308744,917487087,0.0439453125,0.203125,0.9560546875,3.72314453125,-0.67138671875,42.48046875,1742308744.9174871
1742308744,936854499,0.02490234375,0.10986328125,0.8955078125,5.79833984375,5.4931640625,41.68701171875,1742308744.9368546
1742308744,956695177,0.1259765625,0.0654296875,0.89794921875,2.685546875,3.47900390625,33.935546875,1742308744.956695
1742308744,976654099,0.013671875,0.09521484375,0.85595703125,-7.99560546875,2.5634765625,28.99169921875,1742308744.976654
1742308744,996800164,-0.06640625,0.00244140625,1.0078125,-4.7607421875,-2.44140625,28.74755859375,1742308744.9968002
1742308745,16693664,-0.01806640625,-0.06494140625,1.08544921875,5.43212890625,0.30517578125,29.23583984375,1742308745.0166936
1742308745,32068722,0.02734375,0.08984375,1.0244140625,8.9111328125,-2.62451171875,23.86474609375,1742308745.0320687
1742308745,56708822,-0.04248046875,0.185546875,0.970703125,-9.58251953125,3.11279296875,21.8505859375,1742308745.0567088
1742308745,76811253,0.01953125,0.0546875,1.00830078125,-7.32421875,0.244140625,23.681640625,1742308745.0768113
1742308745,96729549,0.02880859375,0.078125,0.81640625,1.52587890625,2.0751953125,22.3388671875,1742308745.0967295
1742308745,117030259,0.013671875,0.07666015625,0.77587890625,0.30517578125,1.64794921875,21.54541015625,1742308745.1170301
1742308745,136939467,-0.0322265625,0.12890625,0.8896484375,-0.1220703125,1.03759765625,22.76611328125,1742308745.1369395
1742308745,156787200,-0.05126953125,0.15771484375,0.95703125,-1.46484375,3.173828125,25.08544921875,1742308745.1567872
1742308745,176777819,0.02197265625,0.09521484375,1.0146484375,-1.46484375,0.3662109375,25.7568359375,1742308745.1767778
1742308745,197175556,-0.00390625,0.05810546875,0.97314453125,-0.732421875,1.708984375,25.5126953125,1742308745.1971755
1742308745,216750896,-0.0517578125,0.01025390625,1.05810546875,-0.54931640625,-5.859375,28.6865234375,1742308745.2167509
1742308745,236707145,0.09912109375,-0.00927734375,0.93408203125,1.3427734375,3.173828125,25.45166015625,1742308745.2367072
1742308745,256883691,0.0078125,0.0166015625,0.9736328125,1.46484375,3.2958984375,25.32958984375,1742308745.2568836
1742308745,276813443,0.03759765625,0.11572265625,1.06005859375,4.69970703125,7.14111328125,26.06201171875,1742308745.2768135
1742308745,296914658,-0.01513671875,0.10302734375,1.15869140625,4.5166015625,1.3427734375,27.28271484375,1742308745.2969146
1742308745,316818649,-0.048828125,0.1416015625,1.00048828125,4.21142578125,3.662109375,26.85546875,1742308745.3168187
1742308745,336668047,-0.03662109375,0.07861328125,0.8720703125,-1.5869140625,1.0986328125,25.2685546875,1742308745.336668
1742308745,356648809,-0.109375,0.02197265625,1.02294921875,-3.96728515625,-6.04248046875,27.4658203125,1742308745.356649
1742308745,376863628,0.03125,0.00830078125,1.10009765625,3.47900390625,-3.662109375,26.0009765625,1742308745.3768637
1742308745,396755971,0.169921875,0.1435546875,0.89990234375,3.41796875,6.8359375,20.44677734375,1742308745.396756
1742308745,417059625,0.0205078125,0.0712890625,1.0810546875,-7.99560546875,7.50732421875,20.263671875,1742308745.4170597
1742308745,437024067,-0.19384765625,-0.06005859375,1.21337890625,2.5634765625,-1.77001953125,24.5361328125,1742308745.437024
1742308745,456912986,-0.03173828125,0.00634765625,0.822265625,3.2958984375,-4.57763671875,26.611328125,1742308745.456913
1742308745,476670476,-0.02880859375,0.08837890625,0.78564453125,-8.4228515625,1.15966796875,22.4609375,1742308745.4766705
1742308745,496822861,-0.01513671875,0.11962890625,0.95458984375,-10.1318359375,-5.4931640625,20.69091796875,1742308745.4968228
1742308745,516695971,0.01416015625,0.01611328125,1.22412109375,0.6103515625,7.26318359375,20.6298828125,1742308745.516696
1742308745,537350390,-0.02197265625,0.04443359375,1.017578125,3.35693359375,2.99072265625,21.91162109375,1742308745.5373504
1742308745,557180043,0.01416015625,0.033203125,0.96337890625,-4.39453125,3.72314453125,19.59228515625,1742308745.55718
1742308745,571724702,-0.0537109375,0.00439453125,1.02734375,-5.0048828125,2.3193359375,18.00537109375,1742308745.5717247
1742308745,597015483,0.02197265625,0.0556640625,1.03076171875,4.82177734375,-2.44140625,15.93017578125,1742308745.5970154
1742308745,616991989,0.06103515625,0.111328125,0.9560546875,0.9765625,-2.5634765625,16.05224609375,1742308745.616992
1742308745,637363069,0.095703125,0.1748046875,0.90380859375,-1.8310546875,5.55419921875,12.8173828125,1742308745.637363
1742308745,657071342,0.0400390625,0.15087890625,0.876953125,3.7841796875,3.90625,9.82666015625,1742308745.6570714
1742308745,671765575,-0.1171875,0.06787109375,0.857421875,4.57763671875,-0.06103515625,11.3525390625,1742308745.6717656
1742308745,691880166,-0.10107421875,0.0625,0.9951171875,-1.46484375,-0.91552734375,14.46533203125,1742308745.6918802
1742308745,716772116,-0.0390625,0.03369140625,1.11279296875,-1.40380859375,-2.25830078125,18.798828125,1742308745.716772
1742308745,731692053,0.02880859375,0.0302734375,1.01708984375,2.01416015625,-2.74658203125,18.5546875,1742308745.731692
1742308745,756690375,0.09375,0.00341796875,0.88330078125,-1.15966796875,-0.6103515625,16.90673828125,1742308745.7566903
1742308745,776560733,0.08544921875,0.05419921875,1.08740234375,-5.4931640625,9.21630859375,12.8173828125,1742308745.7765608
1742308745,796544823,-0.06982421875,0.08544921875,1.01123046875,-2.0751953125,-1.0986328125,15.869140625,1742308745.7965448
1742308745,816589172,-0.0966796875,0.0244140625,1.111328125,7.62939453125,1.40380859375,20.20263671875,1742308745.816589
1742308745,836774486,-0.0810546875,-0.02783203125,0.9912109375,7.75146484375,-4.94384765625,23.01025390625,1742308745.8367746
1742308745,856631788,0.02099609375,0.0859375,0.97802734375,0.0,2.44140625,21.17919921875,1742308745.8566318
1742308745,876666312,0.0439453125,0.12109375,1.09814453125,-4.21142578125,1.8310546875,21.6064453125,1742308745.8766663
1742308745,896590400,0.01025390625,0.0771484375,1.0146484375,0.244140625,0.42724609375,23.25439453125,1742308745.8965905
1742308745,916647133,0.04736328125,0.0498046875,0.89111328125,2.197265625,-0.732421875,25.87890625,1742308745.9166472
1742308745,936668281,0.0234375,0.142578125,0.84130859375,4.7607421875,5.4931640625,25.20751953125,1742308745.9366684
1742308745,956695125,-0.05029296875,0.13818359375,0.89892578125,-2.01416015625,-4.45556640625,25.634765625,1742308745.956695
1742308745,976696752,0.05322265625,0.0654296875,1.07861328125,-0.3662109375,2.86865234375,24.71923828125,1742308745.9766967
1742308745,996645641,0.0439453125,0.03466796875,0.9814453125,3.0517578125,-2.74658203125,23.193359375,1742308745.9966457
1742308746,16698907,-0.02001953125,0.11865234375,0.85009765625,3.41796875,-7.87353515625,26.7333984375,1742308746.0166988
1742308746,37169463,0.14990234375,0.2353515625,0.82861328125,4.5166015625,-2.3193359375,33.8134765625,1742308746.0371695
1742308746,56581293,0.16650390625,0.111328125,0.8037109375,1.28173828125,-2.5634765625,45.22705078125,1742308746.0565813
1742308746,76672475,0.13134765625,0.08740234375,0.97412109375,-1.15966796875,3.96728515625,53.28369140625,1742308746.0766726
1742308746,96710824,0.0322265625,0.11181640625,1.052734375,3.72314453125,-1.220703125,60.1806640625,1742308746.096711
1742308746,116877561,0.1728515625,0.22900390625,0.89453125,-0.79345703125,11.71875,59.87548828125,1742308746.1168776
1742308746,136679389,0.00634765625,0.1005859375,0.80322265625,-3.5400390625,-0.3662109375,61.4013671875,1742308746.1366794
1742308746,156835501,0.08740234375,0.150390625,0.8486328125,-1.03759765625,5.06591796875,62.43896484375,1742308746.1568356
1742308746,176684051,0.00048828125,0.15771484375,0.9287109375,-2.685546875,0.79345703125,62.80517578125,1742308746.1766841
1742308746,196690686,0.0537109375,0.1181640625,0.97705078125,-2.685546875,3.2958984375,63.65966796875,1742308746.1966908
1742308746,216848175,0.10400390625,0.08154296875,1.037109375,-1.03759765625,4.21142578125,64.208984375,1742308746.2168481
1742308746,236857818,0.07275390625,0.04052734375,1.05078125,4.94384765625,0.91552734375,65.4296875,1742308746.236858
1742308746,256606364,0.01513671875,0.0498046875,0.94970703125,1.46484375,1.28173828125,63.8427734375,1742308746.2566063
1742308746,276556198,0.10986328125,-0.00146484375,0.94287109375,2.38037109375,4.8828125,63.29345703125,1742308746.2765563
1742308746,296595090,0.1015625,0.08837890625,0.8095703125,-0.54931640625,3.173828125,62.744140625,1742308746.296595
1742308746,316721121,0.208984375,0.0888671875,0.9677734375,0.06103515625,2.50244140625,62.43896484375,1742308746.3167212
1742308746,336785583,0.107421875,0.1474609375,0.88818359375,2.50244140625,7.2021484375,61.5234375,1742308746.3367856
1742308746,356627828,0.0869140625,0.23291015625,0.75927734375,0.30517578125,5.06591796875,61.8896484375,1742308746.356628
1742308746,376731299,0.1142578125,0.11376953125,0.853515625,-4.45556640625,4.69970703125,63.65966796875,1742308746.3767314
1742308746,396467781,-0.05126953125,0.0234375,1.03466796875,2.8076171875,-2.44140625,64.5751953125,1742308746.3964677
1742308746,416652630,0.07470703125,0.06396484375,1.1376953125,4.82177734375,2.01416015625,62.80517578125,1742308746.4166527
1742308746,436749381,0.037109375,0.1015625,1.0888671875,-2.25830078125,3.5400390625,61.279296875,1742308746.4367495
1742308746,456657228,0.123046875,-0.02734375,1.115234375,3.662109375,6.65283203125,64.63623046875,1742308746.4566572
1742308746,476719962,0.02099609375,-0.0107421875,0.90234375,6.04248046875,4.7607421875,65.0634765625,1742308746.4767199
1742308746,496676963,0.00146484375,0.04296875,0.96923828125,1.0986328125,2.62451171875,66.40625,1742308746.496677
1742308746,516708431,0.06005859375,0.04736328125,1.2236328125,1.953125,1.46484375,69.76318359375,1742308746.5167084
1742308746,536751612,0.009765625,0.0283203125,1.29931640625,9.70458984375,0.9765625,69.51904296875,1742308746.5367515
1742308746,556576993,0.10302734375,0.08056640625,1.08056640625,5.55419921875,4.21142578125,66.22314453125,1742308746.556577
1742308746,576609549,0.03369140625,0.06201171875,0.84326171875,0.8544921875,-0.9765625,64.51416015625,1742308746.5766096
1742308746,596748285,0.078125,0.1181640625,0.7841796875,0.244140625,2.62451171875,65.73486328125,1742308746.5967484
1742308746,616666021,0.220703125,0.19482421875,0.94970703125,2.8076171875,5.06591796875,63.1103515625,1742308746.616666
1742308746,636846199,0.111328125,0.138671875,1.12890625,5.18798828125,3.173828125,61.4013671875,1742308746.6368463
1742308746,656605273,0.08642578125,0.12158203125,1.0205078125,6.8359375,6.16455078125,59.50927734375,1742308746.6566052
1742308746,676619941,-0.029296875,0.16015625,0.9150390625,5.0048828125,-0.06103515625,60.85205078125,1742308746.67662
1742308746,696567790,0.1044921875,0.2197265625,1.0078125,4.8828125,4.2724609375,60.60791015625,1742308746.6965678
1742308746,716789505,0.0908203125,0.17724609375,1.0087890625,-0.06103515625,4.94384765625,61.46240234375,1742308746.7167895
1742308746,736702249,0.06640625,0.0126953125,0.89404296875,4.39453125,-4.39453125,59.14306640625,1742308746.7367022
1742308746,756585616,0.21484375,0.0947265625,0.841796875,2.8076171875,5.9814453125,55.6640625,1742308746.7565856
1742308746,776709887,0.04541015625,0.05126953125,1.03564453125,0.91552734375,9.21630859375,58.41064453125,1742308746.7767098
1742308746,796633159,0.064453125,0.03564453125,1.14599609375,2.197265625,7.4462890625,62.1337890625,1742308746.7966332
1742308746,816727606,-0.01318359375,0.0009765625,1.1357421875,-1.5869140625,5.4931640625,66.46728515625,1742308746.8167276
1742308746,836961225,0.00732421875,-0.0400390625,1.158203125,-5.4931640625,1.89208984375,67.19970703125,1742308746.8369613
1742308746,856596167,0.00830078125,0.01171875,1.28466796875,2.3193359375,4.39453125,63.65966796875,1742308746.8565962
1742308746,876695062,0.02099609375,0.06494140625,1.0673828125,0.9765625,3.11279296875,63.3544921875,1742308746.8766952
1742308746,896961866,0.14306640625,0.0869140625,0.8720703125,2.01416015625,3.84521484375,61.03515625,1742308746.896962
1742308746,917718416,0.10693359375,0.0830078125,0.880859375,2.197265625,0.6103515625,58.349609375,1742308746.9177184
1742308746,936621876,0.07275390625,0.03125,1.10791015625,-0.732421875,1.15966796875,56.640625,1742308746.936622
1742308746,956641440,-0.01708984375,-0.02001953125,1.27978515625,6.16455078125,4.39453125,62.3779296875,1742308746.9566414
1742308746,976654859,0.044921875,-0.04296875,1.203125,10.3759765625,5.126953125,61.58447265625,1742308746.9766548
1742308746,996666647,-0.01318359375,-0.02978515625,0.9443359375,2.38037109375,2.44140625,61.03515625,1742308746.9966667
1742308747,16673816,0.09228515625,0.0068359375,0.96728515625,-3.7841796875,0.8544921875,62.80517578125,1742308747.0166738
1742308747,36731285,-0.00244140625,0.02001953125,1.025390625,-0.1220703125,2.9296875,63.96484375,1742308747.0367312
1742308747,56738481,0.0849609375,0.08349609375,1.16015625,4.39453125,0.18310546875,59.02099609375,1742308747.0567384
1742308747,76642313,0.08251953125,0.0400390625,1.14599609375,6.65283203125,1.0986328125,53.7109375,1742308747.0766423
1742308747,96658789,0.14892578125,0.0712890625,1.20166015625,2.44140625,9.46044921875,52.91748046875,1742308747.0966587
1742308747,116947819,-0.05078125,0.05517578125,1.15771484375,1.64794921875,7.50732421875,56.396484375,1742308747.116948
1742308747,136613243,-0.02685546875,0.041015625,0.7646484375,-0.48828125,0.30517578125,58.349609375,1742308747.1366131
1742308747,156695193,0.1005859375,0.05419921875,0.6884765625,-4.8828125,0.30517578125,56.57958984375,1742308747.1566951
1742308747,176797689,0.0830078125,0.0673828125,0.724609375,-3.60107421875,1.8310546875,57.9833984375,1742308747.1767976
1742308747,196873719,0.13232421875,0.02978515625,0.890625,-3.173828125,4.82177734375,57.12890625,1742308747.1968737
1742308747,217260096,-0.0244140625,0.0556640625,0.884765625,-3.35693359375,2.9296875,55.6640625,1742308747.2172601
1742308747,236647110,0.115234375,0.1396484375,0.83447265625,-1.64794921875,6.4697265625,50.78125,1742308747.2366471
1742308747,256669634,-0.00146484375,0.0927734375,0.84423828125,3.173828125,0.6103515625,44.25048828125,1742308747.2566695
1742308747,276637949,-0.0009765625,0.11474609375,0.96142578125,0.79345703125,0.9765625,39.61181640625,1742308747.276638
1742308747,296732860,-0.00146484375,0.0224609375,1.19140625,1.46484375,3.5400390625,37.17041015625,1742308747.296733
1742308747,317175911,0.05029296875,0.07666015625,1.1953125,6.77490234375,6.591796875,35.64453125,1742308747.3171759
1742308747,331790950,0.00439453125,-0.05810546875,1.18359375,11.65771484375,6.77490234375,31.06689453125,1742308747.331791
1742308747,351833059,-0.1171875,0.00341796875,1.0771484375,3.173828125,4.57763671875,29.23583984375,1742308747.351833
1742308747,376738186,-0.08935546875,0.017578125,1.09228515625,-7.38525390625,5.2490234375,25.146484375,1742308747.376738
1742308747,396684900,-0.06201171875,0.060546875,1.10791015625,-1.64794921875,1.953125,23.25439453125,1742308747.396685
1742308747,416759874,-0.060546875,0.16015625,1.01953125,9.09423828125,-2.3193359375,14.5263671875,1742308747.41676
1742308747,436905507,0.12939453125,0.2265625,0.87646484375,3.72314453125,3.35693359375,6.77490234375,1742308747.4369056
1742308747,451742570,-0.05615234375,0.09521484375,0.87255859375,-5.2490234375,6.34765625,3.662109375,1742308747.4517426
1742308747,476939867,-0.01953125,0.03466796875,0.91650390625,-1.220703125,-3.35693359375,3.41796875,1742308747.47694
1742308747,491744737,-0.01806640625,0.1005859375,0.9345703125,-2.44140625,2.5634765625,3.23486328125,1742308747.4917448
1742308747,511798239,-0.09228515625,0.03125,0.9658203125,-7.38525390625,-3.11279296875,5.92041015625,1742308747.5117981
1742308747,536624963,-0.0078125,-0.02587890625,1.1328125,-0.42724609375,-1.15966796875,7.14111328125,1742308747.536625
1742308747,556644031,-0.080078125,0.0947265625,0.97998046875,4.150390625,3.2958984375,4.5166015625,1742308747.556644
1742308747,576684892,-0.04638671875,0.09228515625,0.99609375,-4.45556640625,-1.89208984375,3.2958984375,1742308747.576685
1742308747,597132903,0.0546875,0.041015625,0.98193359375,-0.91552734375,8.72802734375,0.91552734375,1742308747.597133
1742308747,616737077,0.005859375,0.076171875,0.83984375,1.953125,-0.54931640625,-1.5869140625,1742308747.6167371
1742308747,636704976,-0.046875,0.181640625,0.9033203125,0.8544921875,3.23486328125,-4.94384765625,1742308747.636705
1742308747,656812815,-0.06005859375,0.173828125,1.0126953125,-0.30517578125,-3.23486328125,-5.92041015625,1742308747.656813
1742308747,676640037,0.03076171875,0.11865234375,0.97216796875,-1.953125,1.708984375,-7.38525390625,1742308747.67664
1742308747,696722179,-0.0263671875,0.0615234375,0.95361328125,0.3662109375,2.62451171875,-8.056640625,1742308747.6967223
1742308747,717024329,-0.09326171875,-0.01416015625,0.892578125,3.7841796875,-3.47900390625,-7.8125,1742308747.7170243
1742308747,736687417,-0.0615234375,0.05419921875,0.779296875,-0.9765625,-2.13623046875,-5.43212890625,1742308747.7366874
1742308747,756665844,0.0078125,0.08251953125,0.923828125,-0.9765625,4.8828125,-7.01904296875,1742308747.756666
1742308747,776708305,-0.11279296875,0.13427734375,1.0390625,1.220703125,-7.14111328125,-6.591796875,1742308747.7767084
1742308747,796698284,-0.046875,0.021484375,1.09912109375,2.50244140625,-3.23486328125,-4.33349609375,1742308747.7966983
1742308747,816759082,0.0654296875,-0.0126953125,0.93212890625,4.21142578125,5.4931640625,-7.26318359375,1742308747.816759
1742308747,836635425,-0.041015625,0.07373046875,0.89892578125,-4.57763671875,1.46484375,-9.8876953125,1742308747.8366354
1742308747,856610012,-0.06005859375,0.02099609375,1.12890625,-6.8359375,-0.48828125,-8.36181640625,1742308747.85661
1742308747,876644344,-0.07470703125,0.03076171875,1.06201171875,5.0048828125,-1.52587890625,-7.14111328125,1742308747.8766444
1742308747,896692374,-0.05419921875,0.13671875,0.896484375,0.91552734375,-3.11279296875,-6.8359375,1742308747.8966923
1742308747,916821174,-0.07275390625,0.185546875,1.04736328125,-0.48828125,0.8544921875,-7.50732421875,1742308747.9168212
1742308747,936692813,-0.091796875,0.12548828125,1.03955078125,2.197265625,-1.953125,-3.96728515625,1742308747.9366927
1742308747,956945137,-0.04541015625,0.05419921875,0.84375,1.40380859375,-1.15966796875,-2.13623046875,1742308747.9569452
1742308747,976597761,-0.03173828125,0.04638671875,0.81787109375,0.48828125,0.79345703125,-2.38037109375,1742308747.9765978
1742308747,997515612,0.01416015625,0.16552734375,0.9189453125,2.13623046875,-1.5869140625,-4.39453125,1742308747.9975157
1742308748,16830358,-0.02587890625,0.1953125,0.91259765625,2.13623046875,-0.18310546875,-4.8828125,1742308748.0168304
1742308748,36819778,0.064453125,0.1181640625,0.94384765625,-0.48828125,1.77001953125,-6.4697265625,1742308748.0368197
1742308748,56764077,-0.01513671875,0.0634765625,1.025390625,4.57763671875,0.8544921875,-7.99560546875,1742308748.0567641
1742308748,76741304,-0.00634765625,0.03662109375,0.986328125,5.7373046875,-4.0283203125,-8.6669921875,1742308748.0767412
1742308748,96739333,-0.0791015625,0.02978515625,0.8916015625,3.47900390625,5.43212890625,-6.77490234375,1742308748.0967393
1742308748,116815028,-0.09765625,-0.009765625,0.93212890625,-2.44140625,-2.0751953125,-6.591796875,1742308748.116815
1742308748,136932133,-0.10205078125,0.0390625,1.20068359375,-0.67138671875,0.18310546875,-6.2255859375,1742308748.1369321
1742308748,156708266,-0.0654296875,0.13671875,1.03564453125,3.662109375,-4.0283203125,-5.06591796875,1742308748.1567082
1742308748,176872412,-0.00927734375,0.1318359375,0.85595703125,-3.90625,1.89208984375,-4.21142578125,1742308748.1768725
1742308748,197098800,0.0009765625,0.0615234375,0.88818359375,-1.220703125,-1.64794921875,-6.40869140625,1742308748.1970987
1742308748,217000377,-0.05224609375,0.03564453125,0.90576171875,-4.7607421875,-0.732421875,-7.6904296875,1742308748.2170005
1742308748,236713660,-0.06103515625,0.01806640625,0.88671875,-9.3994140625,-1.03759765625,-6.9580078125,1742308748.2367136
1742308748,256652263,-0.0673828125,0.12939453125,0.95947265625,-2.0751953125,-2.0751953125,-6.9580078125,1742308748.2566524
1742308748,276674900,-0.08447265625,0.125,1.00537109375,0.67138671875,-5.126953125,-4.0283203125,1742308748.276675
1742308748,296768964,-0.00390625,0.078125,1.07421875,1.64794921875,1.953125,-3.90625,1742308748.296769
1742308748,311826631,-0.02685546875,0.01708984375,1.017578125,-2.74658203125,2.13623046875,-4.08935546875,1742308748.3118267
1742308748,336692058,-0.08544921875,-0.04931640625,0.97216796875,0.8544921875,-2.685546875,-1.89208984375,1742308748.336692
1742308748,356629861,-0.04150390625,0.04833984375,0.9921875,1.708984375,4.94384765625,-1.64794921875,1742308748.3566298
1742308748,376634354,-0.04345703125,0.09814453125,0.99658203125,-2.197265625,1.15966796875,-1.64794921875,1742308748.3766344
1742308748,396713377,-0.04345703125,0.10595703125,0.9716796875,1.64794921875,-0.6103515625,-1.5869140625,1742308748.3967135
1742308748,416718222,0.01416015625,0.19580078125,0.923828125,2.50244140625,0.54931640625,-3.90625,1742308748.4167182
1742308748,436649720,-0.03076171875,0.0947265625,1.03955078125,1.28173828125,0.79345703125,-4.08935546875,1742308748.4366498
1742308748,456672069,-0.03125,-0.0390625,1.01513671875,6.89697265625,2.86865234375,-2.685546875,1742308748.456672
1742308748,476676658,-0.1103515625,0.04638671875,0.80322265625,1.89208984375,0.06103515625,-2.62451171875,1742308748.4766767
1742308748,496693919,0.0361328125,0.056640625,0.97314453125,-3.7841796875,-0.06103515625,-3.96728515625,1742308748.4966938
1742308748,516881970,-0.0302734375,0.0478515625,1.119140625,-0.06103515625,-1.953125,-4.21142578125,1742308748.516882
1742308748,536936417,-0.0244140625,0.0810546875,0.9833984375,-0.54931640625,-1.64794921875,-1.3427734375,1742308748.5369365
1742308748,556922957,-0.09228515625,0.1435546875,0.9423828125,2.685546875,-0.18310546875,-0.48828125,1742308748.556923
1742308748,577033341,0.0234375,0.15576171875,0.8544921875,1.15966796875,-1.52587890625,-4.0283203125,1742308748.5770333
1742308748,597222800,-0.015625,0.10400390625,0.92041015625,-7.99560546875,1.3427734375,-2.99072265625,1742308748.5972228
1742308748,616919251,-0.1103515625,-0.01953125,1.0791015625,-3.41796875,-2.38037109375,-2.685546875,1742308748.6169193
1742308748,636665303,-0.1142578125,0.08935546875,0.98681640625,5.126953125,-6.65283203125,0.6103515625,1742308748.6366653
1742308748,656834377,-0.03662109375,0.130859375,0.9619140625,1.89208984375,-0.732421875,2.50244140625,1742308748.6568344
1742308748,676772723,-0.05126953125,0.1005859375,0.94921875,-2.99072265625,-0.79345703125,2.62451171875,1742308748.6767728
1742308748,696747839,-0.07763671875,0.05224609375,1.0263671875,1.8310546875,2.197265625,4.08935546875,1742308748.6967478
1742308748,716942706,-0.0126953125,0.0498046875,0.98046875,5.7373046875,1.0986328125,4.150390625,1742308748.7169428
1742308748,731792975,-0.0166015625,0.0673828125,0.94189453125,-1.5869140625,4.94384765625,3.60107421875,1742308748.731793
1742308748,756658114,-0.029296875,0.04345703125,1.04150390625,-1.46484375,2.86865234375,2.62451171875,1742308748.756658
1742308748,776697840,-0.04638671875,0.08154296875,1.00634765625,3.47900390625,1.40380859375,2.01416015625,1742308748.7766979
1742308748,797012039,0.0166015625,0.1044921875,0.9140625,-4.94384765625,1.220703125,0.8544921875,1742308748.797012
1742308748,817095735,0.00732421875,0.1181640625,0.94384765625,-3.60107421875,-0.732421875,0.3662109375,1742308748.8170958
1742308748,836720662,0.0185546875,0.0732421875,0.8759765625,2.01416015625,1.03759765625,-0.732421875,1742308748.8367207
1742308748,856638400,-0.10888671875,0.087890625,0.81982421875,-0.91552734375,-0.06103515625,1.03759765625,1742308748.8566384
1742308748,876823635,-0.1103515625,0.0126953125,1.15966796875,-3.7841796875,0.3662109375,2.8076171875,1742308748.8768237
1742308748,896752285,-0.05859375,0.08935546875,1.0625,0.18310546875,-2.9296875,6.77490234375,1742308748.8967524
1742308748,916680679,0.0234375,0.11669921875,0.96923828125,-1.0986328125,0.30517578125,7.26318359375,1742308748.9166806
1742308748,936705269,-0.001953125,0.068359375,0.88720703125,4.39453125,-2.9296875,6.9580078125,1742308748.9367054
1742308748,956847686,0.033203125,0.1201171875,0.8515625,-6.591796875,4.39453125,8.48388671875,1742308748.9568477
1742308748,976584554,-0.05908203125,0.06494140625,0.99755859375,-9.1552734375,-2.0751953125,13.00048828125,1742308748.9765847
1742308748,991700175,-0.0849609375,0.02392578125,1.04296875,-3.11279296875,-5.0048828125,15.625,1742308748.9917002
1742308749,16909316,-0.1142578125,0.119140625,1.0107421875,3.84521484375,-2.50244140625,19.04296875,1742308749.0169094
1742308749,36644185,0.03857421875,0.13427734375,0.97802734375,-0.48828125,-3.47900390625,18.06640625,1742308749.0366442
1742308749,56724218,-0.0078125,0.06884765625,0.9296875,-3.2958984375,2.99072265625,18.6767578125,1742308749.0567243
1742308749,76762618,0.04345703125,0.04931640625,0.95166015625,0.79345703125,-1.28173828125,18.73779296875,1742308749.0767627
1742308749,97164997,0.04296875,0.06103515625,0.99072265625,1.64794921875,6.591796875,18.24951171875,1742308749.097165
1742308749,116837208,-0.03564453125,0.0615234375,0.94091796875,1.5869140625,2.0751953125,20.20263671875,1742308749.1168373
1742308749,136739059,0.04150390625,0.08837890625,0.94384765625,-0.9765625,4.5166015625,19.83642578125,1742308749.136739
1742308749,156674671,-0.00830078125,0.1435546875,1.0419921875,4.0283203125,1.28173828125,19.8974609375,1742308749.1566746
1742308749,176701006,0.01611328125,0.0947265625,0.931640625,2.50244140625,0.18310546875,19.47021484375,1742308749.176701
1742308749,196878770,-0.060546875,0.02783203125,0.91357421875,-0.42724609375,-3.47900390625,20.20263671875,1742308749.1968787
1742308749,217093495,0.037109375,0.01611328125,0.95361328125,1.0986328125,-1.28173828125,19.287109375,1742308749.2170935
1742308749,231901415,0.02099609375,0.11572265625,1.01220703125,4.150390625,4.8828125,20.08056640625,1742308749.2319014
1742308749,251846276,0.0302734375,0.1083984375,0.9873046875,-3.41796875,-0.732421875,22.94921875,1742308749.2518463
1742308749,276848329,-0.01708984375,0.0546875,1.1689453125,4.08935546875,4.7607421875,26.91650390625,1742308749.2768483
1742308749,296905417,-0.0302734375,0.14453125,0.99072265625,13.0615234375,-3.90625,27.03857421875,1742308749.2969055
1742308749,317033164,0.005859375,0.1484375,0.826171875,-2.197265625,3.662109375,28.4423828125,1742308749.317033
1742308749,336571738,-0.04150390625,0.00927734375,0.95654296875,-6.9580078125,0.0,33.75244140625,1742308749.3365717
1742308749,356703613,0.03466796875,0.029296875,1.06787109375,0.244140625,7.26318359375,34.60693359375,1742308749.3567035
1742308749,376721211,0.02001953125,0.1181640625,1.06298828125,5.43212890625,-0.79345703125,33.69140625,1742308749.3767211
1742308749,397388048,0.03125,0.1064453125,1.03076171875,3.5400390625,3.0517578125,32.958984375,1742308749.397388
1742308749,416986113,-0.0419921875,0.04736328125,1.0205078125,2.25830078125,-2.62451171875,35.94970703125,1742308749.4169862
1742308749,436558448,0.08935546875,0.056640625,0.876953125,3.35693359375,-0.79345703125,36.07177734375,1742308749.4365585
1742308749,456883481,0.0478515625,0.03759765625,0.880859375,2.74658203125,2.197265625,34.1796875,1742308749.4568834
1742308749,476516555,0.0673828125,0.01953125,0.9453125,2.8076171875,-0.67138671875,33.99658203125,1742308749.4765165
1742308749,496735280,0.080078125,0.06396484375,0.986328125,0.91552734375,7.32421875,32.5927734375,1742308749.4967353
1742308749,516727246,0.10009765625,0.12353515625,0.9228515625,0.79345703125,2.8076171875,31.8603515625,1742308749.5167272
1742308749,537014838,-0.01171875,0.10986328125,0.90380859375,-4.57763671875,4.57763671875,32.2265625,1742308749.5370147
1742308749,556811405,-0.13623046875,0.03125,0.970703125,1.77001953125,-2.50244140625,34.48486328125,1742308749.5568113
1742308749,576703496,0.04150390625,0.078125,1.00244140625,3.60107421875,-4.8828125,34.11865234375,1742308749.5767035
1742308749,596789001,0.02685546875,0.11083984375,0.8994140625,-1.77001953125,-1.953125,31.79931640625,1742308749.596789
1742308749,616859177,0.12060546875,0.13134765625,1.06982421875,0.0,7.6904296875,33.26416015625,1742308749.6168592
1742308749,636678209,-0.0498046875,0.10888671875,0.912109375,8.85009765625,1.52587890625,34.48486328125,1742308749.6366782
1742308749,656595324,0.10107421875,0.15185546875,0.751953125,-4.638671875,6.04248046875,33.3251953125,1742308749.6565952
1742308749,676714175,-0.03857421875,0.07861328125,1.0078125,-7.26318359375,3.11279296875,39.12353515625,1742308749.6767142
1742308749,696741726,-0.029296875,0.07861328125,1.0205078125,3.5400390625,-1.0986328125,42.54150390625,1742308749.6967418
1742308749,716763260,0.0380859375,0.1552734375,0.83740234375,2.685546875,-3.60107421875,44.86083984375,1742308749.7167633
1742308749,736592405,0.0576171875,0.09130859375,0.8564453125,-3.60107421875,1.3427734375,44.25048828125,1742308749.7365923
1742308749,756847707,0.076171875,0.02685546875,1.060546875,-1.708984375,5.9814453125,42.29736328125,1742308749.7568476
1742308749,776906235,0.04931640625,0.0439453125,1.05615234375,-0.244140625,1.15966796875,42.3583984375,1742308749.7769063
1742308749,796932666,0.02490234375,0.01123046875,1.0986328125,2.8076171875,4.150390625,41.9921875,1742308749.7969327
1742308749,816746354,-0.0068359375,-0.01025390625,0.99609375,4.82177734375,-4.08935546875,40.58837890625,1742308749.8167462
1742308749,836708527,0.0498046875,0.0400390625,1.04248046875,0.9765625,1.03759765625,38.75732421875,1742308749.8367085
1742308749,856625610,0.017578125,-0.00341796875,0.9921875,2.44140625,3.11279296875,40.95458984375,1742308749.8566256
1742308749,876581703,0.0478515625,-0.02001953125,0.841796875,1.708984375,-3.41796875,42.66357421875,1742308749.8765817
1742308749,896969650,0.076171875,0.0712890625,0.89697265625,-2.86865234375,0.0,42.66357421875,1742308749.8969696
1742308749,916645573,0.04443359375,0.10791015625,1.1298828125,0.8544921875,0.48828125,43.3349609375,1742308749.9166455
1742308749,936677828,0.02099609375,0.08251953125,1.08837890625,1.64794921875,4.5166015625,43.5791015625,1742308749.936678
1742308749,956731460,0.00537109375,0.06591796875,0.95849609375,-2.44140625,4.0283203125,45.59326171875,1742308749.9567316
1742308749,976955146,-0.03173828125,-0.0615234375,1.1298828125,6.28662109375,-0.06103515625,43.45703125,1742308749.9769552
1742308749,997105965,0.10986328125,0.06103515625,0.98046875,-0.1220703125,4.8828125,40.22216796875,1742308749.997106
1742308750,16789463,-0.06689453125,0.0234375,1.00537109375,-4.7607421875,1.15966796875,42.17529296875,1742308750.0167894
1742308750,36721893,0.0029296875,-0.06689453125,0.966796875,3.0517578125,2.74658203125,44.7998046875,1742308750.036722
1742308750,56682867,-0.02880859375,0.07763671875,0.98095703125,-0.3662109375,1.5869140625,45.10498046875,1742308750.0566828
1742308750,76642914,0.02001953125,0.1005859375,1.11181640625,-5.18798828125,6.04248046875,44.5556640625,1742308750.076643
1742308750,96809528,0.02685546875,0.05419921875,1.0849609375,-0.732421875,-1.40380859375,44.0673828125,1742308750.0968096
1742308750,116856361,0.0400390625,0.0693359375,0.93896484375,1.28173828125,6.16455078125,43.5791015625,1742308750.1168563
1742308750,136642482,0.0234375,0.138671875,0.94140625,6.7138671875,-1.953125,42.96875,1742308750.1366425
1742308750,156713413,0.0234375,0.10546875,0.9951171875,3.72314453125,1.03759765625,40.52734375,1742308750.1567135
1742308750,176736469,0.076171875,0.0546875,1.0009765625,-0.244140625,5.55419921875,38.63525390625,1742308750.1767364
1742308750,196826120,0.10546875,0.0419921875,0.94091796875,1.3427734375,5.9814453125,37.53662109375,1742308750.1968262
1742308750,217000254,-0.04052734375,0.1435546875,0.8740234375,2.50244140625,1.89208984375,38.51318359375,1742308750.2170002
1742308750,236642434,-0.00439453125,0.130859375,0.91162109375,0.8544921875,-6.65283203125,40.4052734375,1742308750.2366424
1742308750,256740438,0.08154296875,0.0927734375,0.94091796875,3.0517578125,-1.708984375,41.259765625,1742308750.2567403
1742308750,276991534,0.07958984375,0.08935546875,0.88671875,0.732421875,-0.18310546875,42.41943359375,1742308750.2769916
1742308750,296756854,0.09423828125,0.01416015625,0.88623046875,-1.8310546875,0.9765625,42.96875,1742308750.2967567
1742308750,316755174,0.06103515625,0.060546875,0.92041015625,7.38525390625,1.89208984375,42.17529296875,1742308750.316755
1742308750,336624306,0.11181640625,0.251953125,0.79296875,-0.91552734375,10.31494140625,41.07666015625,1742308750.3366244
1742308750,356597761,-0.0068359375,0.14697265625,0.89404296875,-10.7421875,1.03759765625,43.8232421875,1742308750.3565977
1742308750,376556240,0.01513671875,0.00927734375,0.92626953125,-3.90625,2.13623046875,45.0439453125,1742308750.3765562
1742308750,396819560,-0.0166015625,0.0625,0.8623046875,0.48828125,4.33349609375,41.9921875,1742308750.3968196
1742308750,416853914,0.02294921875,0.1328125,0.86865234375,-3.173828125,-3.173828125,38.87939453125,1742308750.416854
1742308750,436714309,0.1240234375,0.05712890625,1.05419921875,0.79345703125,9.6435546875,32.5927734375,1742308750.4367144
1742308750,456758647,-0.033203125,0.0517578125,1.02685546875,6.16455078125,0.67138671875,33.0810546875,1742308750.4567587
1742308750,476863338,0.0146484375,0.06005859375,1.0078125,-0.67138671875,-0.30517578125,37.04833984375,1742308750.4768634
1742308750,496877114,0.07080078125,0.0234375,1.130859375,6.34765625,2.685546875,41.68701171875,1742308750.4968772
1742308750,516690020,0.0810546875,0.03955078125,1.1884765625,14.34326171875,6.40869140625,39.85595703125,1742308750.51669
1742308750,536742582,-0.0224609375,0.076171875,1.06884765625,1.77001953125,3.11279296875,43.64013671875,1742308750.5367427
1742308750,556728550,0.00537109375,0.0283203125,0.9296875,-3.23486328125,3.96728515625,46.56982421875,1742308750.5567286
1742308750,576980606,0.0234375,-0.00390625,0.79736328125,0.1220703125,-2.01416015625,46.875,1742308750.5769806
1742308750,596879723,0.18505859375,0.07421875,0.85107421875,-3.47900390625,2.38037109375,43.51806640625,1742308750.5968797
1742308750,616768695,0.03173828125,0.009765625,1.16162109375,-2.5634765625,0.0,40.4052734375,1742308750.6167686
1742308750,636747558,0.02880859375,0.02392578125,1.0478515625,2.38037109375,2.8076171875,43.0908203125,1742308750.6367476
1742308750,656729366,-0.03564453125,0.029296875,1.0126953125,6.103515625,-0.48828125,44.49462890625,1742308750.6567295
1742308750,677028496,0.07080078125,0.11669921875,0.91552734375,1.708984375,5.0048828125,42.78564453125,1742308750.6770284
1742308750,696806872,0.01953125,0.07666015625,0.970703125,-3.60107421875,1.64794921875,45.47119140625,1742308750.696807
1742308750,717380987,-0.0458984375,0.02685546875,1.04345703125,-0.67138671875,-0.48828125,48.64501953125,1742308750.717381
1742308750,737044704,0.0107421875,0.0009765625,1.1201171875,5.06591796875,2.74658203125,49.560546875,1742308750.7370448
1742308750,756796168,0.0517578125,0.02099609375,1.1513671875,-0.244140625,4.39453125,49.01123046875,1742308750.7567961
1742308750,776949021,0.00634765625,0.0263671875,1.0810546875,-2.86865234375,5.9814453125,51.45263671875,1742308750.776949
1742308750,797147860,0.09765625,0.04736328125,0.978515625,2.8076171875,5.31005859375,50.23193359375,1742308750.7971478
1742308750,816812793,0.05078125,0.1533203125,0.87158203125,0.1220703125,-1.15966796875,46.875,1742308750.8168128
1742308750,837027728,0.07666015625,0.14111328125,0.97216796875,1.28173828125,1.40380859375,44.189453125,1742308750.8370278
1742308750,856934653,0.08349609375,0.0078125,1.15576171875,10.498046875,10.6201171875,41.19873046875,1742308750.8569345
1742308750,876789960,0.00341796875,0.095703125,0.89208984375,3.72314453125,5.06591796875,38.818359375,1742308750.87679
1742308750,896867003,0.009765625,0.10302734375,0.8896484375,0.54931640625,0.9765625,38.75732421875,1742308750.896867
1742308750,916770472,-0.0302734375,0.08056640625,0.9716796875,5.2490234375,3.35693359375,36.56005859375,1742308750.9167705
1742308750,936799865,-0.00634765625,0.103515625,0.9794921875,0.54931640625,0.67138671875,33.69140625,1742308750.9367998
1742308750,956767336,-0.00048828125,0.1015625,1.0283203125,-3.96728515625,1.953125,33.02001953125,1742308750.9567673
1742308750,976887996,0.04052734375,0.13623046875,0.93115234375,-1.0986328125,1.0986328125,32.470703125,1742308750.976888
1742308750,996886156,0.0205078125,0.17431640625,0.83984375,6.591796875,0.6103515625,27.16064453125,1742308750.9968863
1742308751,16873746,0.01953125,0.13134765625,0.7490234375,-3.173828125,3.5400390625,22.216796875,1742308751.0168738
1742308751,36703535,0.005859375,0.0546875,0.89208984375,-8.11767578125,4.94384765625,22.94921875,1742308751.0367036
1742308751,56634511,-0.0712890625,0.046875,1.12841796875,-1.46484375,0.06103515625,22.0947265625,1742308751.0566344
1742308751,76635921,-0.06787109375,0.07421875,1.16748046875,4.82177734375,-1.220703125,23.49853515625,1742308751.0766358
1742308751,96753143,-0.06005859375,0.1181640625,0.9970703125,3.23486328125,0.48828125,23.62060546875,1742308751.0967531
1742308751,116710328,0.0048828125,0.00244140625,1.0185546875,-3.47900390625,5.43212890625,24.23095703125,1742308751.1167104
1742308751,137839039,-0.060546875,-0.0419921875,1.07421875,-0.91552734375,-1.28173828125,25.20751953125,1742308751.137839
1742308751,156694237,0.0048828125,0.03515625,1.0673828125,3.7841796875,4.57763671875,24.5361328125,1742308751.1566942
1742308751,176839460,-0.02294921875,0.056640625,0.8994140625,-0.91552734375,-0.8544921875,24.169921875,1742308751.1768394
1742308751,196649184,0.1396484375,0.1787109375,0.9833984375,-1.8310546875,2.0751953125,20.6298828125,1742308751.196649
1742308751,216868330,0.0126953125,0.1376953125,1.02880859375,1.15966796875,3.96728515625,18.1884765625,1742308751.2168684
1742308751,236663013,-0.01416015625,0.09228515625,0.80517578125,-2.74658203125,1.64794921875,19.4091796875,1742308751.236663
1742308751,256707945,-0.02392578125,0.0068359375,0.89306640625,0.8544921875,2.44140625,21.240234375,1742308751.256708
1742308751,277174491,0.00244140625,0.0048828125,0.93359375,3.662109375,-0.244140625,21.8505859375,1742308751.2771745
1742308751,296915765,0.0517578125,0.0712890625,0.93603515625,-3.5400390625,4.69970703125,21.728515625,1742308751.2969158
1742308751,316868470,0.0478515625,0.14501953125,0.89990234375,-4.45556640625,3.0517578125,22.52197265625,1742308751.3168685
1742308751,336904729,0.00390625,0.1328125,1.07568359375,-0.9765625,0.244140625,23.193359375,1742308751.3369048
1742308751,356780728,-0.01220703125,0.0517578125,0.865234375,1.708984375,-5.55419921875,21.42333984375,1742308751.3567808
1742308751,376991265,0.06005859375,0.103515625,0.765625,-11.5966796875,2.197265625,21.97265625,1742308751.3769913
1742308751,396785469,-0.0673828125,0.0341796875,0.98046875,-5.615234375,-4.21142578125,22.216796875,1742308751.3967855
1742308751,416782431,0.0068359375,0.10107421875,0.89453125,2.86865234375,-1.28173828125,25.2685546875,1742308751.4167824
1742308751,436815842,-0.02490234375,0.087890625,1.03125,-1.77001953125,-0.67138671875,27.7099609375,1742308751.4368157
1742308751,456832997,0.04150390625,0.0439453125,1.16162109375,3.90625,-2.197265625,28.38134765625,1742308751.456833
1742308751,477006221,-0.0625,0.138671875,1.0283203125,7.01904296875,2.74658203125,26.85546875,1742308751.4770062
1742308751,498363995,-0.01953125,0.0498046875,0.98095703125,4.8828125,-1.708984375,27.03857421875,1742308751.498364
1742308751,516781323,0.0068359375,-0.03369140625,0.998046875,8.056640625,1.953125,28.01513671875,1742308751.5167813
1742308751,537197019,0.10693359375,0.0439453125,1.01318359375,12.87841796875,7.6904296875,27.099609375,1742308751.537197
1742308751,556825361,-0.00537109375,0.1123046875,0.94140625,3.60107421875,3.0517578125,26.30615234375,1742308751.5568254
1742308751,576913142,0.0400390625,0.13623046875,0.95068359375,-0.18310546875,5.0048828125,27.7099609375,1742308751.576913
1742308751,596876120,-0.04638671875,0.1630859375,0.845703125,2.86865234375,1.77001953125,29.6630859375,1742308751.5968761
1742308751,616712501,-0.037109375,0.12109375,0.7529296875,1.8310546875,-4.638671875,32.8369140625,1742308751.6167126
1742308751,636723992,0.11376953125,0.03466796875,0.98876953125,0.244140625,0.06103515625,30.6396484375,1742308751.636724
1742308751,656729306,0.08984375,-0.00439453125,1.060546875,5.4931640625,1.64794921875,29.60205078125,1742308751.6567292
1742308751,676818656,0.08203125,0.06494140625,0.84716796875,0.30517578125,6.34765625,32.28759765625,1742308751.6768186
1742308751,696750528,0.09228515625,0.0712890625,0.93310546875,1.52587890625,7.4462890625,31.79931640625,1742308751.6967506
1742308751,716810724,0.001953125,0.14111328125,0.8505859375,5.2490234375,4.21142578125,28.80859375,1742308751.7168107
1742308751,736854472,-0.17724609375,0.0673828125,1.0078125,-0.9765625,-9.3994140625,32.53173828125,1742308751.7368546
1742308751,756737447,-0.0166015625,0.0830078125,0.93505859375,-2.38037109375,1.0986328125,35.5224609375,1742308751.7567375
1742308751,776884654,0.01123046875,0.13134765625,0.9375,0.6103515625,-2.01416015625,36.9873046875,1742308751.7768846
1742308751,797095799,0.0615234375,0.13232421875,0.82275390625,-1.8310546875,0.06103515625,36.68212890625,1742308751.7970958
1742308751,816871314,0.04931640625,0.07470703125,1.06103515625,-3.23486328125,-0.30517578125,36.0107421875,1742308751.8168714
1742308751,837294498,0.0390625,0.11669921875,1.10400390625,0.9765625,3.2958984375,35.888671875,1742308751.8372946
1742308751,856847766,-0.060546875,0.11767578125,1.05029296875,3.84521484375,-1.953125,37.109375,1742308751.8568478
1742308751,876902362,-0.02001953125,0.08056640625,1.109375,2.50244140625,-1.03759765625,38.63525390625,1742308751.8769023
1742308751,896862139,0.0849609375,0.06005859375,1.04541015625,5.06591796875,2.62451171875,38.26904296875,1742308751.896862
1742308751,916959873,0.1123046875,0.0771484375,0.8642578125,3.662109375,2.01416015625,42.236328125,1742308751.9169598
1742308751,936821791,0.1171875,0.05126953125,0.845703125,-1.77001953125,5.31005859375,40.58837890625,1742308751.9368217
1742308751,956985479,0.037109375,0.03076171875,0.90771484375,-1.52587890625,2.9296875,41.3818359375,1742308751.9569855
1742308751,977021546,0.044921875,0.0869140625,0.88623046875,-4.8828125,-0.3662109375,41.9921875,1742308751.9770215
1742308751,997054446,0.0087890625,0.1337890625,0.98681640625,-5.37109375,-1.15966796875,44.61669921875,1742308751.9970543
1742308752,16746301,0.08935546875,0.12548828125,0.943359375,-5.615234375,2.8076171875,44.5556640625,1742308752.0167463
1742308752,36745586,0.06201171875,0.06591796875,1.05126953125,4.0283203125,3.96728515625,42.78564453125,1742308752.0367455
1742308752,56783817,0.109375,0.16259765625,0.8544921875,3.11279296875,3.96728515625,41.748046875,1742308752.056784
1742308752,76894561,-0.06201171875,0.14208984375,0.98193359375,-2.44140625,2.50244140625,43.88427734375,1742308752.0768945
1742308752,96862454,-0.02587890625,0.09130859375,1.0908203125,-1.3427734375,-0.6103515625,48.52294921875,1742308752.0968626
1742308752,116842410,0.06640625,0.052734375,1.0771484375,1.46484375,8.1787109375,52.6123046875,1742308752.1168425
1742308752,136783038,0.03076171875,0.0458984375,1.02099609375,3.60107421875,2.3193359375,51.3916015625,1742308752.1367831
1742308752,156932471,0.00244140625,0.0869140625,0.8955078125,0.0,-0.91552734375,55.23681640625,1742308752.1569324
1742308752,176959086,0.046875,0.1416015625,0.8671875,1.03759765625,-0.48828125,60.6689453125,1742308752.176959
1742308752,197224075,0.125,0.17724609375,0.8583984375,0.244140625,1.77001953125,59.87548828125,1742308752.1972241
1742308752,216895094,0.15283203125,0.126953125,0.93115234375,-1.5869140625,2.685546875,55.908203125,1742308752.216895
1742308752,236843946,0.11279296875,0.06103515625,1.0244140625,3.47900390625,7.568359375,54.01611328125,1742308752.236844
1742308752,256787901,0.01904296875,0.0537109375,0.91064453125,0.6103515625,4.150390625,53.28369140625,1742308752.256788
1742308752,276967768,0.03564453125,0.00732421875,0.85693359375,-6.591796875,0.91552734375,57.06787109375,1742308752.2769678
1742308752,296982606,0.01708984375,0.02490234375,1.08349609375,-0.9765625,-0.8544921875,58.349609375,1742308752.2969825
1742308752,316851839,0.146484375,0.11474609375,1.048828125,3.60107421875,2.0751953125,55.96923828125,1742308752.3168519
1742308752,336871573,0.08447265625,0.1005859375,0.98486328125,-0.42724609375,0.8544921875,53.466796875,1742308752.3368716
1742308752,356825032,0.02392578125,0.0859375,1.060546875,-1.77001953125,3.72314453125,56.7626953125,1742308752.356825
1742308752,376897728,0.13623046875,0.11962890625,1.1357421875,9.8876953125,4.33349609375,60.546875,1742308752.3768978
1742308752,397099323,-0.068359375,0.0908203125,1.07275390625,-1.5869140625,3.23486328125,60.85205078125,1742308752.3970993
1742308752,416822760,0.0224609375,0.013671875,1.1015625,-4.39453125,0.06103515625,63.8427734375,1742308752.4168227
1742308752,436931073,0.041015625,0.080078125,1.017578125,-2.8076171875,6.591796875,64.39208984375,1742308752.4369311
1742308752,456778097,0.0888671875,0.15966796875,0.978515625,1.708984375,1.89208984375,62.31689453125,1742308752.456778
1742308752,476887722,0.06103515625,0.09130859375,1.0400390625,2.25830078125,8.9111328125,61.03515625,1742308752.4768877
1742308752,497011523,0.0380859375,0.0390625,0.99609375,3.11279296875,-1.5869140625,62.31689453125,1742308752.4970114
1742308752,516983831,0.09912109375,0.083984375,1.02099609375,-2.685546875,7.26318359375,62.07275390625,1742308752.5169837
1742308752,538278709,0.05859375,0.083984375,0.78564453125,-2.44140625,-0.67138671875,62.56103515625,1742308752.5382788
1742308752,556866782,0.1455078125,0.17138671875,0.845703125,4.45556640625,2.62451171875,60.4248046875,1742308752.556867
1742308752,576971862,0.1240234375,0.23486328125,0.91259765625,-0.30517578125,4.45556640625,60.05859375,1742308752.5769718
1742308752,596893193,0.04541015625,0.10595703125,0.96435546875,2.3193359375,4.08935546875,61.279296875,1742308752.5968933
1742308752,616841597,0.03125,0.12939453125,0.85791015625,-0.06103515625,0.244140625,62.31689453125,1742308752.6168416
1742308752,636768560,0.14599609375,0.16650390625,0.91455078125,-0.8544921875,2.38037109375,60.546875,1742308752.6367686
1742308752,656751332,0.0947265625,0.15673828125,0.90283203125,-2.3193359375,2.197265625,58.2275390625,1742308752.6567514
1742308752,676891966,0.103515625,0.080078125,0.990234375,3.72314453125,2.197265625,57.12890625,1742308752.676892
1742308752,696862514,0.10205078125,0.0673828125,0.98876953125,8.11767578125,4.7607421875,55.6640625,1742308752.6968625
1742308752,717055822,0.021484375,0.12060546875,0.93408203125,-2.25830078125,4.8828125,55.84716796875,1742308752.7170558
1742308752,736824475,-0.029296875,0.00048828125,1.18505859375,-3.23486328125,0.67138671875,65.24658203125,1742308752.7368245
1742308752,756996694,-0.0625,-0.091796875,1.134765625,5.37109375,0.54931640625,68.17626953125,1742308752.7569966
1742308752,777024492,0.09765625,-0.02392578125,1.03564453125,1.28173828125,1.52587890625,66.162109375,1742308752.7770245
1742308752,796879069,0.11865234375,0.0361328125,1.02685546875,0.67138671875,0.8544921875,65.7958984375,1742308752.796879
1742308752,817005558,0.1083984375,0.005859375,1.171875,0.9765625,4.08935546875,64.697265625,1742308752.8170056
1742308752,833198259,0.08349609375,0.00341796875,1.1787109375,6.28662109375,5.18798828125,61.8896484375,1742308752.8331983
1742308752,857412845,0.06884765625,0.10546875,1.11865234375,7.38525390625,0.67138671875,58.28857421875,1742308752.8574128
1742308752,877077528,0.08154296875,0.1328125,0.9580078125,-3.662109375,5.06591796875,55.7861328125,1742308752.8770776
1742308752,897158832,0.02197265625,0.04638671875,1.03173828125,-2.197265625,8.60595703125,54.19921875,1742308752.8971589
1742308752,916839771,0.05908203125,0.02099609375,0.86083984375,4.21142578125,7.6904296875,52.3681640625,1742308752.9168398
1742308752,937087256,-0.06689453125,0.01318359375,0.84912109375,0.8544921875,-3.7841796875,52.30712890625,1742308752.9370873
1742308752,956925768,0.01318359375,-0.05078125,0.98681640625,-0.1220703125,-0.79345703125,51.26953125,1742308752.9569259
1742308752,977193638,-0.0146484375,0.01171875,1.08154296875,0.3662109375,6.53076171875,49.86572265625,1742308752.9771936
1742308752,997034902,0.150390625,0.048828125,0.94482421875,-2.25830078125,2.38037109375,47.4853515625,1742308752.9970348
1742308753,16811515,0.0703125,0.05126953125,1.01806640625,-1.5869140625,5.9814453125,43.8232421875,1742308753.0168116
1742308753,37010922,0.015625,0.064453125,1.06103515625,7.38525390625,0.30517578125,39.73388671875,1742308753.037011
1742308753,56827789,-0.1015625,0.06640625,0.9580078125,-4.0283203125,0.9765625,38.4521484375,1742308753.0568278
1742308753,76927864,0.0400390625,0.0380859375,0.91552734375,-11.04736328125,-0.91552734375,39.1845703125,1742308753.076928
1742308753,96860159,-0.0517578125,-0.02734375,1.14501953125,0.18310546875,3.96728515625,40.34423828125,1742308753.0968602
1742308753,117037676,0.03271484375,0.0732421875,1.03173828125,2.0751953125,2.0751953125,38.87939453125,1742308753.1170378
1742308753,137159417,0.05517578125,0.1083984375,0.99267578125,-6.34765625,5.18798828125,37.2314453125,1742308753.1371593
1742308753,156816374,0.05224609375,0.08544921875,1.0068359375,-5.67626953125,4.0283203125,33.38623046875,1742308753.1568165
1742308753,176967108,0.05029296875,0.07861328125,0.86376953125,5.79833984375,0.732421875,30.517578125,1742308753.1769671
1742308753,196809991,0.0244140625,0.189453125,0.61083984375,4.69970703125,0.1220703125,28.25927734375,1742308753.19681
1742308753,217082072,0.1435546875,0.20849609375,0.7490234375,1.03759765625,1.46484375,26.79443359375,1742308753.217082
1742308753,236768951,0.07470703125,0.138671875,0.927734375,2.62451171875,4.69970703125,23.193359375,1742308753.236769
1742308753,256870050,-0.01611328125,0.048828125,1.001953125,5.67626953125,-0.06103515625,21.91162109375,1742308753.25687
1742308753,277236950,-0.03173828125,0.01220703125,0.93310546875,-1.46484375,-3.5400390625,20.44677734375,1742308753.277237
1742308753,297225086,0.0087890625,-0.03173828125,0.8525390625,-6.4697265625,1.89208984375,18.98193359375,1742308753.297225
1742308753,316854235,0.0126953125,-0.01904296875,1.05517578125,1.15966796875,1.77001953125,16.78466796875,1742308753.3168542
1742308753,336863684,-0.013671875,0.1279296875,0.978515625,5.67626953125,1.28173828125,13.5498046875,1742308753.3368638
1742308753,356923982,-0.052734375,0.1201171875,1.08984375,-1.220703125,1.5869140625,16.6015625,1742308753.356924
1742308753,377034842,-0.04541015625,0.09033203125,1.09423828125,1.220703125,1.03759765625,16.29638671875,1742308753.377035
1742308753,397231113,0.08935546875,0.06591796875,1.04833984375,4.45556640625,2.25830078125,12.939453125,1742308753.397231
1742308753,417075084,-0.08251953125,0.060546875,1.068359375,0.3662109375,2.685546875,12.14599609375,1742308753.4170752
1742308753,436970257,-0.11669921875,0.083984375,1.09716796875,-0.67138671875,-1.953125,15.07568359375,1742308753.4369702
1742308753,457004411,-0.07275390625,0.115234375,0.89697265625,-2.9296875,0.18310546875,16.05224609375,1742308753.4570043
1742308753,477211722,0.009765625,0.1552734375,0.84716796875,-3.72314453125,-3.2958984375,15.2587890625,1742308753.4772117
1742308753,496801766,0.04443359375,0.13818359375,0.9931640625,1.15966796875,5.7373046875,10.009765625,1742308753.4968019
1742308753,516950067,0.01416015625,0.08837890625,0.87451171875,3.47900390625,0.30517578125,6.89697265625,1742308753.5169501
1742308753,536929818,0.0009765625,0.05126953125,0.95166015625,-3.5400390625,5.126953125,6.65283203125,1742308753.5369298
1742308753,556792511,-0.05712890625,-0.0087890625,1.17626953125,2.74658203125,-2.5634765625,8.7890625,1742308753.5567925
1742308753,577042927,0.0166015625,-0.00634765625,0.9794921875,6.28662109375,5.0048828125,10.1318359375,1742308753.5770428
1742308753,596885330,-0.03662109375,0.119140625,0.82763671875,3.35693359375,-1.3427734375,7.32421875,1742308753.5968854
1742308753,616865370,0.037109375,0.107421875,0.89111328125,-4.08935546875,2.3193359375,3.60107421875,1742308753.6168654
1742308753,636824545,-0.0712890625,0.01025390625,1.07177734375,0.67138671875,1.40380859375,5.4931640625,1742308753.6368246
1742308753,657246359,-0.0380859375,0.0205078125,1.0205078125,1.40380859375,-3.0517578125,7.2021484375,1742308753.6572464
1742308753,676975959,-0.00341796875,0.05908203125,0.97998046875,-2.3193359375,0.30517578125,6.591796875,1742308753.676976
1742308753,696914973,0.0380859375,0.02783203125,1.01025390625,-4.2724609375,-0.244140625,4.57763671875,1742308753.696915
1742308753,717106572,0.0263671875,0.05712890625,1.01513671875,-1.3427734375,8.97216796875,3.11279296875,1742308753.7171066
1742308753,736829548,-0.1591796875,0.1376953125,1.15771484375,9.09423828125,-1.3427734375,3.7841796875,1742308753.7368295
1742308753,757261697,-0.087890625,0.06201171875,0.9541015625,3.0517578125,-5.37109375,4.8828125,1742308753.7572618
1742308753,778414477,-0.01025390625,0.1005859375,0.9677734375,-5.126953125,9.765625,2.01416015625,1742308753.7784145
1742308753,796901095,-0.16650390625,0.0576171875,1.15234375,-2.197265625,-5.31005859375,3.5400390625,1742308753.796901
1742308753,816831757,-0.10595703125,-0.00048828125,1.19384765625,5.0048828125,-3.11279296875,6.2255859375,1742308753.8168318
1742308753,836838102,-0.04052734375,0.06689453125,1.0244140625,3.0517578125,-0.30517578125,6.34765625,1742308753.836838
1742308753,856934658,0.06494140625,0.0498046875,0.95166015625,-7.568359375,2.5634765625,6.4697265625,1742308753.8569345
1742308753,877027597,0.03515625,0.04052734375,0.96630859375,-3.662109375,3.662109375,4.8828125,1742308753.8770275
1742308753,896844944,0.02685546875,0.06494140625,0.90576171875,-5.2490234375,5.06591796875,1.89208984375,1742308753.8968449
1742308753,916991549,-0.02783203125,0.0947265625,0.943359375,-2.99072265625,1.64794921875,2.13623046875,1742308753.9169915
1742308753,936944484,-0.02734375,0.1767578125,0.9599609375,2.62451171875,-2.99072265625,4.21142578125,1742308753.9369445
1742308753,957078256,-0.01953125,0.1142578125,0.8955078125,3.90625,-3.662109375,2.50244140625,1742308753.9570782
1742308753,977108858,-0.0048828125,0.05615234375,0.88623046875,4.21142578125,1.15966796875,0.8544921875,1742308753.977109
1742308753,996979582,-0.02001953125,0.00390625,0.99462890625,-1.03759765625,0.48828125,1.03759765625,1742308753.9969795
1742308754,16969949,-0.12353515625,0.01904296875,0.9921875,-0.9765625,0.732421875,5.43212890625,1742308754.01697
1742308754,36862166,-0.0078125,0.08935546875,0.9267578125,-3.173828125,-3.41796875,6.28662109375,1742308754.0368621
1742308754,57152923,-0.01123046875,0.04833984375,0.923828125,-4.82177734375,-5.7373046875,3.5400390625,1742308754.057153
1742308754,77071253,0.1220703125,0.04443359375,0.8408203125,-4.45556640625,5.06591796875,2.3193359375,1742308754.0770712
1742308754,96921356,-0.01806640625,0.11669921875,0.806640625,0.06103515625,2.86865234375,0.48828125,1742308754.0969214
1742308754,116912072,-0.0478515625,0.1181640625,1.0517578125,3.35693359375,-0.91552734375,5.2490234375,1742308754.1169121
1742308754,136883459,-0.0576171875,0.1318359375,0.94873046875,0.30517578125,3.90625,7.32421875,1742308754.1368835
1742308754,157027492,-0.16162109375,0.0771484375,1.02001953125,-3.47900390625,1.15966796875,7.4462890625,1742308754.1570275
1742308754,177008031,-0.1123046875,0.0400390625,1.16455078125,3.96728515625,-6.34765625,7.9345703125,1742308754.177008
1742308754,197077597,-0.01708984375,0.00439453125,1.07666015625,10.009765625,-1.953125,9.58251953125,1742308754.1970775
1742308754,216805681,0.01025390625,0.05615234375,0.92041015625,-0.1220703125,2.685546875,10.009765625,1742308754.2168057
1742308754,236895088,0.07568359375,0.04052734375,0.92822265625,-7.01904296875,1.3427734375,8.60595703125,1742308754.236895
1742308754,256902956,-0.05078125,0.0322265625,1.04443359375,-1.5869140625,1.40380859375,8.48388671875,1742308754.256903
1742308754,276838790,-0.02392578125,0.0244140625,0.95751953125,0.0,-0.54931640625,8.544921875,1742308754.2768388
1742308754,296906404,-0.10546875,0.07568359375,0.919921875,1.3427734375,-0.91552734375,8.7890625,1742308754.2969065
1742308754,316864575,-0.046875,0.07568359375,0.98974609375,1.89208984375,-3.173828125,7.2021484375,1742308754.3168645
1742308754,336866939,0.05810546875,0.07080078125,0.82666015625,-1.0986328125,-0.6103515625,6.65283203125,1742308754.3368669
1742308754,357013500,0.03466796875,0.15380859375,0.7802734375,-2.86865234375,4.08935546875,7.01904296875,1742308754.3570135
1742308754,377124859,-0.083984375,0.1015625,0.978515625,-0.06103515625,0.244140625,9.3994140625,1742308754.3771248
1742308754,396984499,-0.03369140625,0.00048828125,1.09619140625,6.2255859375,-1.953125,9.6435546875,1742308754.3969846
1742308754,416924237,-0.01513671875,0.056640625,0.97265625,2.685546875,-4.33349609375,7.9345703125,1742308754.4169242
1742308754,437119887,0.078125,0.0791015625,0.9453125,-5.7373046875,-0.30517578125,5.31005859375,1742308754.43712
1742308754,457264304,-0.01513671875,0.06494140625,0.96875,1.15966796875,4.0283203125,6.77490234375,1742308754.4572642
1742308754,476968003,-0.01220703125,0.11962890625,0.86767578125,3.47900390625,3.41796875,5.4931640625,1742308754.476968
1742308754,496887324,-0.185546875,0.10791015625,0.97314453125,1.89208984375,-3.35693359375,7.2021484375,1742308754.4968872
1742308754,516864600,0.00146484375,0.15576171875,0.93359375,-2.13623046875,5.9814453125,6.77490234375,1742308754.5168645
1742308754,536906933,-0.064453125,0.0947265625,1.0556640625,-1.5869140625,-2.3193359375,6.591796875,1742308754.536907
1742308754,557251164,-0.0048828125,0.00390625,1.1611328125,2.197265625,3.35693359375,6.34765625,1742308754.5572512
1742308754,576932782,-0.0947265625,0.080078125,0.96728515625,2.5634765625,-3.47900390625,8.544921875,1742308754.5769327
1742308754,597108015,0.052734375,0.10107421875,0.9560546875,-0.3662109375,0.48828125,7.9345703125,1742308754.5971081
1742308754,616924934,0.06298828125,0.078125,0.90869140625,-2.38037109375,1.708984375,5.06591796875,1742308754.616925
1742308754,636948707,-0.01171875,0.1328125,0.802734375,-1.77001953125,1.89208984375,3.11279296875,1742308754.6369488
1742308754,657038881,-0.03076171875,0.14599609375,0.98291015625,-2.01416015625,1.953125,3.662109375,1742308754.657039
1742308754,677131936,-0.0537109375,0.07421875,1.18212890625,1.8310546875,2.86865234375,4.21142578125,1742308754.677132
1742308754,696778866,-0.06005859375,0.09619140625,1.13330078125,12.3291015625,-3.662109375,2.13623046875,1742308754.6967788
1742308754,717054710,-0.0390625,0.07958984375,0.84814453125,6.103515625,3.2958984375,0.8544921875,1742308754.7170546
1742308754,736925166,-0.03173828125,0.0439453125,0.779296875,-1.15966796875,0.91552734375,1.03759765625,1742308754.7369251
1742308754,757065838,-0.041015625,0.03173828125,0.94580078125,-5.55419921875,-1.40380859375,3.7841796875,1742308754.7570658
1742308754,777189742,-0.06005859375,0.0185546875,1.1591796875,2.01416015625,-4.5166015625,3.173828125,1742308754.7771897
1742308754,796839200,0.037109375,0.08544921875,0.958984375,-1.28173828125,-1.0986328125,-0.1220703125,1742308754.7968392
1742308754,816979424,0.02783203125,0.107421875,0.97998046875,-9.1552734375,4.08935546875,-1.15966796875,1742308754.8169794
1742308754,836886649,-0.0048828125,0.1025390625,0.90673828125,-1.0986328125,2.38037109375,-0.18310546875,1742308754.8368866
1742308754,856994393,-0.1201171875,0.1064453125,0.8564453125,-0.06103515625,-0.54931640625,0.42724609375,1742308754.8569944
1742308754,877024182,-0.01220703125,0.109375,1.0322265625,0.732421875,-0.6103515625,0.9765625,1742308754.8770242
1742308754,897019313,-0.13818359375,0.0947265625,1.03173828125,-3.90625,1.953125,3.7841796875,1742308754.8970194
1742308754,916874057,0.0048828125,0.0048828125,1.10546875,-0.67138671875,0.8544921875,2.685546875,1742308754.9168742
1742308754,936987945,-0.08203125,0.091796875,0.96728515625,5.0048828125,-6.591796875,1.708984375,1742308754.9369879
1742308754,956965636,-0.04443359375,0.09912109375,0.9658203125,-1.0986328125,-1.52587890625,4.21142578125,1742308754.9569657
1742308754,977112293,-0.0595703125,0.05419921875,0.9853515625,-1.52587890625,0.0,6.77490234375,1742308754.9771123
1742308754,997017406,-0.0146484375,0.05419921875,0.93212890625,-4.150390625,-0.244140625,5.06591796875,1742308754.9970174
1742308755,16933743,-0.00927734375,0.009765625,1.05029296875,0.8544921875,4.8828125,4.7607421875,1742308755.0169337
1742308755,36918014,-0.0400390625,0.0361328125,1.13134765625,5.9814453125,3.35693359375,5.2490234375,1742308755.036918
1742308755,56999857,-0.01220703125,0.03466796875,1.04931640625,3.90625,-0.30517578125,2.5634765625,1742308755.057
1742308755,77120165,-0.08056640625,0.0771484375,0.90576171875,0.48828125,-1.28173828125,5.126953125,1742308755.07712
1742308755,96892142,-0.02587890625,0.09228515625,0.84423828125,-1.89208984375,-2.13623046875,8.11767578125,1742308755.096892
1742308755,116901694,-0.04638671875,0.03271484375,0.96923828125,2.197265625,-6.28662109375,9.82666015625,1742308755.1169016
1742308755,137035858,0.09375,0.064453125,0.9794921875,3.23486328125,-2.0751953125,16.7236328125,1742308755.1370358
1742308755,157165990,-0.021484375,0.08447265625,1.03076171875,0.79345703125,-1.46484375,21.05712890625,1742308755.157166
1742308755,177120469,0.0908203125,0.07568359375,1.04345703125,-4.2724609375,2.0751953125,21.66748046875,1742308755.1771204
1742308755,196891486,0.05419921875,0.0595703125,0.94189453125,-2.197265625,1.953125,20.6298828125,1742308755.1968915
1742308755,216980753,-0.00341796875,0.10009765625,0.89501953125,-0.18310546875,1.28173828125,25.634765625,1742308755.2169807
1742308755,236846333,0.029296875,0.09228515625,0.884765625,3.60107421875,-1.40380859375,29.1748046875,1742308755.2368464
1742308755,256990801,-0.07373046875,0.1689453125,0.93896484375,-2.86865234375,-0.18310546875,35.21728515625,1742308755.256991
1742308755,277005634,0.01953125,0.0654296875,0.9990234375,-6.34765625,-0.42724609375,41.93115234375,1742308755.2770057
1742308755,296897039,0.13134765625,0.10009765625,1.03662109375,3.90625,6.65283203125,44.73876953125,1742308755.296897
1742308755,312182291,0.03759765625,0.134765625,0.96142578125,3.11279296875,2.8076171875,43.0908203125,1742308755.3121822
1742308755,336948592,-0.01318359375,0.0546875,0.9853515625,0.6103515625,-1.03759765625,45.5322265625,1742308755.3369486
1742308755,357077348,0.0048828125,0.04248046875,0.9814453125,-0.79345703125,2.685546875,46.93603515625,1742308755.3570774
1742308755,376802124,0.12646484375,0.060546875,0.9248046875,2.13623046875,3.96728515625,45.2880859375,1742308755.3768022
1742308755,397020067,0.0478515625,0.0830078125,0.9482421875,0.732421875,1.15966796875,42.6025390625,1742308755.39702
1742308755,416838061,0.10205078125,0.154296875,0.857421875,1.64794921875,7.6904296875,40.34423828125,1742308755.4168382
1742308755,436915616,0.0703125,0.11767578125,0.8701171875,-2.74658203125,-2.38037109375,40.4052734375,1742308755.4369156
1742308755,456888975,-0.0517578125,0.0478515625,1.03466796875,-0.244140625,-0.732421875,42.29736328125,1742308755.456889
1742308755,476925952,0.01953125,-0.02978515625,1.1494140625,7.50732421875,-0.732421875,43.0908203125,1742308755.4769258
1742308755,497049652,-0.01611328125,-0.0361328125,0.90380859375,2.685546875,-5.2490234375,43.76220703125,1742308755.4970496
1742308755,516820989,0.17578125,0.05224609375,0.89208984375,-3.2958984375,5.31005859375,42.29736328125,1742308755.516821
1742308755,536981810,0.060546875,0.08056640625,1.05322265625,-1.220703125,7.9345703125,40.83251953125,1742308755.5369818
1742308755,557099910,-0.0166015625,0.09326171875,0.98828125,-0.06103515625,-0.54931640625,38.330078125,1742308755.5570998
1742308755,577015763,-0.01513671875,0.11767578125,0.98974609375,5.31005859375,1.40380859375,40.4052734375,1742308755.5770159
1742308755,596897536,-0.0751953125,0.0712890625,0.95263671875,-2.74658203125,-2.99072265625,41.3818359375,1742308755.5968976
1742308755,616911696,0.07568359375,0.0146484375,1.22119140625,-2.5634765625,5.92041015625,40.95458984375,1742308755.6169116
1742308755,637137223,0.025390625,0.0673828125,0.97900390625,3.5400390625,9.82666015625,40.34423828125,1742308755.6371372
1742308755,657099318,-0.04541015625,0.12109375,0.82763671875,-1.64794921875,-2.38037109375,39.73388671875,1742308755.6570992
1742308755,676845406,0.10009765625,0.13671875,1.0712890625,1.708984375,6.28662109375,39.1845703125,1742308755.6768453
1742308755,696948209,-0.044921875,0.1103515625,0.99951171875,5.92041015625,4.45556640625,37.53662109375,1742308755.6969483
1742308755,716894240,0.0625,0.0966796875,0.849609375,2.5634765625,2.0751953125,34.24072265625,1742308755.7168941
1742308755,737035412,0.04736328125,0.076171875,0.98193359375,-1.15966796875,4.33349609375,30.57861328125,1742308755.7370355
1742308755,756969154,0.0322265625,0.05078125,0.98388671875,3.72314453125,-0.6103515625,30.45654296875,1742308755.7569692
1742308755,777559172,-0.05224609375,0.09521484375,0.83251953125,1.03759765625,-3.84521484375,32.28759765625,1742308755.7775593
1742308755,797162504,0.10595703125,0.10205078125,0.83154296875,-3.7841796875,-0.6103515625,31.6162109375,1742308755.7971625
1742308755,817001235,0.078125,0.0830078125,0.9462890625,1.77001953125,-0.244140625,28.6865234375,1742308755.8170013
1742308755,836960610,0.07763671875,0.115234375,1.0009765625,-0.30517578125,1.46484375,28.80859375,1742308755.8369606
1742308755,856916977,0.03466796875,0.09619140625,1.16064453125,-2.62451171875,5.2490234375,29.1748046875,1742308755.856917
1742308755,876862624,-0.10498046875,0.0556640625,1.15185546875,4.8828125,1.953125,29.6630859375,1742308755.8768625
1742308755,896934418,-0.06689453125,0.12841796875,0.9052734375,7.87353515625,-2.38037109375,30.2734375,1742308755.8969345
1742308755,916858400,0.017578125,0.0615234375,0.92333984375,3.2958984375,-3.173828125,30.3955078125,1742308755.9168584
1742308755,936983859,0.05615234375,0.041015625,1.0302734375,-2.197265625,8.056640625,28.99169921875,1742308755.9369838
1742308755,957204586,-0.05224609375,0.05810546875,1.14453125,1.953125,3.35693359375,30.76171875,1742308755.9572046
1742308755,977033493,0.00830078125,0.0693359375,1.17236328125,1.0986328125,2.01416015625,32.3486328125,1742308755.9770334
1742308755,997150952,-0.02392578125,0.0185546875,1.044921875,0.0,1.8310546875,32.1044921875,1742308755.997151
1742308756,16983275,-0.0126953125,0.05322265625,0.828125,-2.50244140625,-1.77001953125,30.2734375,1742308756.0169833
1742308756,36923502,0.072265625,0.04052734375,0.92626953125,-3.41796875,0.18310546875,29.052734375,1742308756.0369234
1742308756,57216699,0.07470703125,0.0400390625,0.986328125,5.615234375,4.5166015625,27.83203125,1742308756.0572166
1742308756,77018874,0.029296875,0.0263671875,1.05224609375,2.0751953125,3.47900390625,28.4423828125,1742308756.077019
1742308756,97005150,0.01611328125,0.0244140625,0.828125,-1.15966796875,3.47900390625,27.28271484375,1742308756.0970051
1742308756,117005410,0.04541015625,0.0791015625,0.93115234375,1.5869140625,1.52587890625,23.62060546875,1742308756.1170053
1742308756,136942437,0.0400390625,0.12353515625,0.93896484375,-1.03759765625,-1.52587890625,21.97265625,1742308756.1369424
1742308756,157438200,-0.13525390625,0.01708984375,1.1083984375,0.8544921875,-5.06591796875,24.5361328125,1742308756.1574383
1742308756,177139924,-0.0517578125,0.013671875,1.056640625,5.0048828125,-3.0517578125,27.2216796875,1742308756.17714
1742308756,197087222,0.10498046875,0.05517578125,1.0478515625,-1.77001953125,-2.50244140625,22.3388671875,1742308756.1970873
1742308756,217103451,0.1201171875,0.068359375,1.0751953125,-3.173828125,7.14111328125,20.81298828125,1742308756.2171035
1742308756,237497291,-0.03125,0.13330078125,0.9111328125,-2.685546875,5.18798828125,22.27783203125,1742308756.2374973
1742308756,257420781,-0.0087890625,0.0859375,0.89208984375,-4.45556640625,0.79345703125,22.216796875,1742308756.2574208
1742308756,276945636,-0.11376953125,0.11962890625,1.0673828125,6.53076171875,-2.685546875,22.3388671875,1742308756.2769456
1742308756,296957417,-0.060546875,0.17333984375,1.08056640625,2.74658203125,-1.64794921875,22.5830078125,1742308756.2969575
1742308756,316968302,0.03955078125,0.05078125,0.982421875,-0.54931640625,0.91552734375,23.74267578125,1742308756.3169682
1742308756,337186840,0.03515625,0.041015625,0.810546875,-0.79345703125,3.90625,25.146484375,1742308756.3371868
1742308756,357021624,0.0419921875,0.04345703125,0.97509765625,2.0751953125,4.5166015625,24.23095703125,1742308756.3570216
1742308756,376906105,-0.02587890625,0.0908203125,1.1162109375,1.220703125,1.77001953125,24.2919921875,1742308756.3769062
1742308756,396940223,-0.03662109375,0.0517578125,1.1806640625,-2.13623046875,2.50244140625,24.35302734375,1742308756.3969402
1742308756,416851232,-0.01513671875,-0.05859375,1.0791015625,0.0,0.3662109375,25.2685546875,1742308756.4168513
1742308756,436956104,0.08544921875,0.005859375,0.9091796875,5.43212890625,3.5400390625,24.47509765625,1742308756.4369562
1742308756,456997966,0.015625,0.09228515625,0.87109375,-0.9765625,3.662109375,24.0478515625,1742308756.4569979
1742308756,476977969,0.02294921875,0.0751953125,0.947265625,-2.685546875,-3.84521484375,26.67236328125,1742308756.476978
1742308756,496884691,-0.041015625,0.1435546875,0.9375,2.0751953125,-0.79345703125,29.9072265625,1742308756.4968846
1742308756,516909048,0.025390625,0.13427734375,1.0400390625,3.60107421875,-3.60107421875,32.89794921875,1742308756.5169091
1742308756,537123139,0.0576171875,0.11376953125,0.92822265625,2.86865234375,-0.6103515625,42.3583984375,1742308756.5371232
1742308756,557237515,0.0234375,0.08935546875,1.04833984375,-1.28173828125,2.01416015625,51.1474609375,1742308756.5572376
1742308756,576889061,0.0732421875,0.14306640625,1.08251953125,5.92041015625,2.38037109375,55.6640625,1742308756.576889
1742308756,596902890,0.07568359375,0.09375,0.8955078125,2.197265625,0.18310546875,57.55615234375,1742308756.5969028
1742308756,617081588,0.1044921875,-0.00244140625,0.9140625,0.06103515625,-0.3662109375,60.1806640625,1742308756.6170816
1742308756,636970389,0.076171875,0.08837890625,0.95654296875,-0.18310546875,11.77978515625,61.58447265625,1742308756.6369703
1742308756,656899575,0.07080078125,0.19091796875,0.99072265625,-3.96728515625,6.4697265625,63.720703125,1742308756.6568997
1742308756,676953341,0.0185546875,0.115234375,1.095703125,-2.25830078125,2.50244140625,67.19970703125,1742308756.6769533
1742308756,696854815,0.10302734375,0.01806640625,0.998046875,8.7890625,1.8310546875,68.54248046875,1742308756.6968548
1742308756,716893892,0.1630859375,0.1142578125,0.76416015625,4.57763671875,-0.30517578125,64.453125,1742308756.716894
1742308756,736965323,0.138671875,0.02880859375,0.87890625,-0.54931640625,5.615234375,61.6455078125,1742308756.7369654
1742308756,756916526,0.09765625,0.13037109375,0.818359375,2.3193359375,4.33349609375,62.255859375,1742308756.7569165
1742308756,776839536,0.0703125,0.1513671875,1.0244140625,2.99072265625,7.38525390625,59.6923828125,1742308756.7768395
1742308756,796892406,-0.05908203125,0.09912109375,0.97216796875,5.2490234375,0.79345703125,61.1572265625,1742308756.7968924
1742308756,816902043,0.0595703125,0.1591796875,0.91064453125,8.11767578125,-7.01904296875,61.95068359375,1742308756.8169022
1742308756,837015203,0.15380859375,0.22802734375,0.83935546875,-1.77001953125,5.859375,59.26513671875,1742308756.8370152
1742308756,856921380,0.125,0.04736328125,0.951171875,0.67138671875,9.27734375,61.767578125,1742308756.8569214
1742308756,876942793,0.09228515625,0.0380859375,0.8642578125,7.50732421875,3.47900390625,58.89892578125,1742308756.8769429
1742308756,896937486,0.1669921875,0.02099609375,1.11962890625,3.96728515625,8.1787109375,55.7861328125,1742308756.8969374
1742308756,916813422,0.01806640625,0.0947265625,0.91796875,2.86865234375,9.6435546875,55.11474609375,1742308756.9168134
1742308756,937017177,0.04541015625,0.10595703125,0.77880859375,-1.03759765625,2.99072265625,52.42919921875,1742308756.9370172
1742308756,956956380,0.021484375,0.1484375,0.7919921875,-4.08935546875,4.7607421875,48.4619140625,1742308756.9569564
1742308756,977026434,0.03515625,0.173828125,0.953125,-0.48828125,2.01416015625,47.119140625,1742308756.9770265
1742308756,997133962,-0.0224609375,0.1640625,1.12744140625,7.568359375,2.44140625,44.61669921875,1742308756.997134
1742308757,17105861,0.02294921875,0.134765625,0.892578125,1.40380859375,5.79833984375,42.66357421875,1742308757.0171058
1742308757,37024476,0.07958984375,0.07275390625,0.90625,-3.2958984375,-0.30517578125,42.05322265625,1742308757.0370245
1742308757,56948211,0.0595703125,0.03466796875,1.03466796875,-1.52587890625,7.080078125,40.1611328125,1742308757.0569482
1742308757,77186803,-0.00341796875,0.064453125,1.0263671875,3.11279296875,5.4931640625,40.95458984375,1742308757.0771868
1742308757,96968166,0.0244140625,0.13232421875,1.10498046875,3.5400390625,6.591796875,32.71484375,1742308757.0969682
1742308757,117024513,-0.13232421875,0.03076171875,1.1640625,3.2958984375,-3.47900390625,27.16064453125,1742308757.1170244
1742308757,137290498,-0.06640625,-0.029296875,1.11669921875,6.40869140625,-1.64794921875,27.9541015625,1742308757.1372905
1742308757,157030867,0.01953125,0.07958984375,0.91455078125,4.94384765625,1.40380859375,27.7099609375,1742308757.1570308
1742308757,176878440,0.04638671875,0.0732421875,0.900390625,0.244140625,1.46484375,24.23095703125,1742308757.1768785
1742308757,196837984,0.00732421875,0.07373046875,1.0224609375,-4.94384765625,-3.0517578125,22.52197265625,1742308757.196838
1742308757,216987294,0.02734375,0.0224609375,1.12109375,-1.40380859375,-2.25830078125,20.751953125,1742308757.2169874
1742308757,236992631,0.0126953125,-0.01513671875,1.0703125,4.69970703125,5.06591796875,21.484375,1742308757.2369926
1742308757,257102355,0.02001953125,0.05322265625,0.89794921875,1.40380859375,4.638671875,20.69091796875,1742308757.2571023
1742308757,276944008,-0.12841796875,0.0498046875,0.947265625,2.99072265625,-0.42724609375,23.01025390625,1742308757.276944
1742308757,296957250,0.0439453125,0.12255859375,0.95703125,-3.47900390625,3.41796875,25.45166015625,1742308757.2969573
1742308757,317014268,0.01171875,0.08544921875,1.060546875,-4.2724609375,3.41796875,26.2451171875,1742308757.3170142
1742308757,337021846,0.00634765625,0.18701171875,1.01025390625,-0.244140625,0.0,25.87890625,1742308757.3370218
1742308757,357066928,0.005859375,0.15234375,0.9462890625,-0.6103515625,-2.50244140625,24.7802734375,1742308757.3570669
1742308757,376816482,-0.0146484375,0.0830078125,0.8779296875,-3.7841796875,2.25830078125,26.123046875,1742308757.3768165
1742308757,396859485,0.07421875,0.0634765625,1.05078125,4.39453125,2.13623046875,28.9306640625,1742308757.3968594
1742308757,416865750,-0.05029296875,0.072265625,0.97802734375,1.0986328125,2.0751953125,29.11376953125,1742308757.4168658
1742308757,437081141,0.14990234375,0.07177734375,0.91650390625,-1.77001953125,6.16455078125,30.1513671875,1742308757.437081
1742308757,457128336,0.0029296875,0.10498046875,0.80810546875,-1.64794921875,2.13623046875,26.0009765625,1742308757.4571283
1742308757,477101576,-0.0361328125,0.1435546875,0.87060546875,-1.953125,-1.5869140625,24.71923828125,1742308757.4771016
1742308757,496871643,0.0,0.09765625,1.1142578125,-1.52587890625,-2.62451171875,26.06201171875,1742308757.4968717
1742308757,516889589,-0.001953125,0.0341796875,1.18994140625,6.7138671875,0.79345703125,25.08544921875,1742308757.5168896
1742308757,537019250,0.0166015625,0.115234375,1.03125,7.4462890625,-1.3427734375,24.658203125,1742308757.5370193
1742308757,557088813,0.02294921875,0.01904296875,0.97412109375,-0.8544921875,1.64794921875,23.62060546875,1742308757.5570889
1742308757,576852287,0.0078125,-0.04248046875,1.19287109375,3.173828125,3.662109375,23.193359375,1742308757.5768523
1742308757,596869081,-0.05712890625,0.08642578125,1.1015625,4.0283203125,2.74658203125,21.30126953125,1742308757.596869
1742308757,616900563,-0.1162109375,0.0380859375,0.97607421875,-3.72314453125,-3.11279296875,21.42333984375,1742308757.6169004
1742308757,637800198,0.00732421875,-0.02099609375,1.05322265625,-3.2958984375,-2.197265625,20.5078125,1742308757.6378002
1742308757,656941863,0.01025390625,0.0546875,1.00048828125,-2.44140625,9.27734375,16.78466796875,1742308757.656942
1742308757,676872446,-0.05126953125,0.103515625,1.00927734375,-3.2958984375,1.40380859375,18.00537109375,1742308757.6768725
1742308757,697007899,0.0341796875,0.0419921875,0.93603515625,-4.8828125,2.9296875,19.04296875,1742308757.697008
1742308757,717017972,-0.04150390625,0.13330078125,0.921875,-1.15966796875,-0.18310546875,20.1416015625,1742308757.717018
1742308757,737030830,0.0029296875,0.216796875,0.853515625,0.42724609375,-4.21142578125,21.1181640625,1742308757.7370307
1742308757,757114921,0.0986328125,0.14208984375,0.845703125,-4.638671875,5.126953125,18.12744140625,1742308757.757115
1742308757,776930365,-0.07958984375,0.07568359375,0.9990234375,-3.5400390625,-0.1220703125,15.380859375,1742308757.7769303
1742308757,796959415,-0.0322265625,0.083984375,1.158203125,6.591796875,3.41796875,16.41845703125,1742308757.7969594
1742308757,816961489,-0.025390625,0.11474609375,0.97998046875,3.60107421875,-1.64794921875,17.578125,1742308757.8169615
1742308757,836959914,0.00048828125,0.00244140625,0.8916015625,-4.638671875,-1.5869140625,16.66259765625,1742308757.8369598
1742308757,857146440,-0.0166015625,-0.04150390625,1.01806640625,-1.220703125,-2.13623046875,16.29638671875,1742308757.8571465
1742308757,876894522,-0.02099609375,0.06689453125,1.0224609375,-0.6103515625,0.54931640625,19.775390625,1742308757.8768945
1742308757,896900564,0.0302734375,0.06884765625,1.1298828125,-0.6103515625,-4.5166015625,18.6767578125,1742308757.8969007
1742308757,917066642,-0.01171875,0.01904296875,1.091796875,5.2490234375,0.3662109375,16.66259765625,1742308757.9170666
1742308757,937053898,0.052734375,0.0078125,1.1162109375,9.033203125,2.0751953125,16.17431640625,1742308757.937054
1742308757,957069124,-0.10107421875,0.041015625,0.98681640625,7.9345703125,0.732421875,17.7001953125,1742308757.9570692
1742308757,976969690,-0.046875,0.0380859375,1.02001953125,2.3193359375,0.0,18.5546875,1742308757.9769697
1742308757,992042695,-0.14306640625,-0.0048828125,1.1123046875,5.4931640625,-5.18798828125,19.53125,1742308757.9920428
1742308758,17175979,0.04443359375,0.10888671875,1.0439453125,-1.64794921875,4.39453125,20.20263671875,1742308758.017176
1742308758,37067542,-0.01611328125,0.09130859375,0.9951171875,-4.638671875,-2.25830078125,21.728515625,1742308758.0370677
1742308758,57046212,0.03466796875,0.10205078125,1.017578125,7.01904296875,4.08935546875,21.42333984375,1742308758.0570462
1742308758,76915246,-0.09130859375,0.08984375,0.89794921875,8.056640625,3.173828125,22.5830078125,1742308758.0769153
1742308758,96979231,-0.01953125,0.0458984375,1.03466796875,-3.662109375,1.64794921875,25.45166015625,1742308758.0969791
1742308758,116911691,0.01953125,0.06787109375,1.13134765625,-0.91552734375,1.5869140625,25.2685546875,1742308758.1169116
1742308758,136883960,-0.00244140625,0.07666015625,0.91796875,1.220703125,-3.7841796875,27.03857421875,1742308758.136884
1742308758,156985450,0.1337890625,0.11328125,0.97314453125,7.75146484375,-0.8544921875,35.15625,1742308758.1569855
1742308758,177122524,0.1337890625,0.08349609375,0.98193359375,5.126953125,-1.46484375,44.0673828125,1742308758.1771226
1742308758,196960613,0.0771484375,0.06201171875,0.88818359375,1.15966796875,-3.35693359375,51.8798828125,1742308758.1969607
1742308758,217165721,0.05615234375,0.07666015625,0.85693359375,-3.47900390625,-0.30517578125,57.80029296875,1742308758.2171657
1742308758,237085221,0.1005859375,0.1396484375,0.859375,-2.44140625,2.86865234375,60.11962890625,1742308758.237085
1742308758,256988305,0.095703125,0.19580078125,0.865234375,-0.732421875,-0.3662109375,58.10546875,1742308758.2569883
1742308758,277016384,0.11376953125,0.0830078125,0.85107421875,-0.6103515625,1.46484375,57.861328125,1742308758.2770164
1742308758,296964269,0.0625,0.056640625,0.96875,1.64794921875,7.6904296875,57.9833984375,1742308758.2969642
1742308758,317003420,0.04541015625,0.0185546875,0.93798828125,-0.6103515625,1.953125,60.05859375,1742308758.3170035
1742308758,337086509,-0.009765625,0.04443359375,0.85302734375,1.40380859375,-3.84521484375,64.02587890625,1742308758.3370864
1742308758,357002777,0.06591796875,0.18603515625,0.79248046875,-2.44140625,4.638671875,63.53759765625,1742308758.3570027
1742308758,377075913,0.22265625,0.16259765625,0.89697265625,-3.35693359375,4.82177734375,64.0869140625,1742308758.377076
1742308758,392147022,0.09375,0.19384765625,0.86865234375,-3.23486328125,5.615234375,66.22314453125,1742308758.392147
1742308758,417281516,0.10107421875,0.1962890625,0.82958984375,0.18310546875,7.6904296875,66.34521484375,1742308758.4172816
1742308758,437199832,0.0625,0.0732421875,0.87255859375,0.3662109375,2.0751953125,64.697265625,1742308758.4371998
1742308758,457014721,0.19482421875,0.0615234375,0.9677734375,-1.52587890625,4.150390625,60.791015625,1742308758.4570148
1742308758,476983278,0.06591796875,0.06201171875,1.07568359375,6.65283203125,9.27734375,60.11962890625,1742308758.4769833
1742308758,496963100,-0.02734375,0.078125,1.02685546875,3.47900390625,5.859375,62.68310546875,1742308758.496963
1742308758,516945738,0.07177734375,-0.0654296875,0.990234375,0.48828125,5.31005859375,64.88037109375,1742308758.5169458
1742308758,536996249,0.1015625,0.0302734375,0.982421875,2.01416015625,0.48828125,65.00244140625,1742308758.5369964
1742308758,557007336,-0.03515625,0.029296875,1.11962890625,0.6103515625,1.5869140625,65.3076171875,1742308758.5570073
1742308758,577016662,0.04736328125,0.00537109375,1.11083984375,2.86865234375,-4.45556640625,63.65966796875,1742308758.5770166
1742308758,596966307,0.14599609375,-0.02001953125,1.046875,2.86865234375,11.23046875,61.8896484375,1742308758.5969663
1742308758,617332892,0.0380859375,0.0771484375,1.06787109375,3.60107421875,-1.40380859375,63.17138671875,1742308758.617333
1742308758,637226439,0.02685546875,0.14599609375,1.04443359375,4.82177734375,-1.3427734375,62.1337890625,1742308758.6372263
1742308758,657069617,0.05419921875,0.1171875,0.92626953125,4.638671875,-0.9765625,64.39208984375,1742308758.6570697
1742308758,677195939,0.14111328125,0.15576171875,0.8193359375,-5.4931640625,1.77001953125,64.14794921875,1742308758.677196
1742308758,697295700,0.11328125,0.16455078125,0.93115234375,-3.35693359375,4.7607421875,64.3310546875,1742308758.6972957
1742308758,717060220,0.1064453125,0.1943359375,0.818359375,1.220703125,3.90625,65.00244140625,1742308758.7170603
1742308758,737017257,0.0546875,0.1357421875,0.8056640625,-1.52587890625,2.9296875,65.4296875,1742308758.7370172
1742308758,757151355,0.13623046875,0.09228515625,1.01416015625,2.01416015625,6.2255859375,63.41552734375,1742308758.7571514
1742308758,777007461,0.0185546875,0.064453125,1.01220703125,7.32421875,1.77001953125,62.8662109375,1742308758.7770076
1742308758,797070901,-0.00048828125,0.0703125,1.01611328125,3.35693359375,2.38037109375,64.51416015625,1742308758.797071
1742308758,817268841,0.16259765625,0.0146484375,0.96484375,-0.18310546875,4.08935546875,61.95068359375,1742308758.8172688
1742308758,837367034,0.078125,0.1044921875,0.94580078125,1.28173828125,4.94384765625,58.2275390625,1742308758.837367
1742308758,856932828,0.06787109375,0.1806640625,0.9970703125,-4.94384765625,3.84521484375,57.6171875,1742308758.8569329
1742308758,877048654,-0.046875,0.1015625,0.99609375,-2.25830078125,0.18310546875,62.5,1742308758.8770487
1742308758,896964377,0.11376953125,0.08203125,0.97119140625,8.36181640625,4.638671875,62.31689453125,1742308758.8969643
1742308758,917072907,0.0478515625,0.13427734375,1.00732421875,7.50732421875,2.74658203125,59.4482421875,1742308758.917073
1742308758,937087609,0.107421875,0.09228515625,1.30224609375,3.173828125,10.31494140625,60.48583984375,1742308758.9370875
1742308758,957121545,0.02734375,0.06884765625,1.04443359375,0.30517578125,8.30078125,61.58447265625,1742308758.9571216
1742308758,977056533,-0.00830078125,0.05517578125,0.77001953125,-4.7607421875,-3.47900390625,60.546875,1742308758.9770565
1742308758,997231944,0.02978515625,0.13037109375,0.7216796875,-3.72314453125,2.86865234375,60.24169921875,1742308758.997232
1742308759,17090891,0.06201171875,0.14453125,0.783203125,-5.18798828125,-0.3662109375,62.98828125,1742308759.0170908
1742308759,37054510,0.09912109375,0.18798828125,0.78759765625,-8.9111328125,0.1220703125,64.208984375,1742308759.0370545
1742308759,56839692,0.08349609375,0.1533203125,0.796875,-7.6904296875,-0.9765625,63.41552734375,1742308759.0568397
1742308759,76920178,0.05712890625,0.1396484375,1.0048828125,2.13623046875,-5.2490234375,61.21826171875,1742308759.0769203
1742308759,96861012,0.01953125,0.1298828125,1.03857421875,5.126953125,7.38525390625,61.03515625,1742308759.0968611
1742308759,117111870,0.09033203125,0.10986328125,0.82275390625,-0.9765625,5.79833984375,63.5986328125,1742308759.117112
1742308759,136970142,0.1591796875,0.0693359375,0.85595703125,-1.8310546875,1.03759765625,58.41064453125,1742308759.13697
1742308759,156884288,0.0439453125,0.01171875,0.919921875,3.173828125,2.86865234375,56.33544921875,1742308759.1568842
1742308759,176902756,0.08251953125,0.05419921875,0.73388671875,0.9765625,-0.54931640625,56.94580078125,1742308759.1769028
1742308759,197212496,0.10546875,0.07763671875,0.74755859375,-5.126953125,3.90625,59.4482421875,1742308759.1972125
1742308759,217220308,0.06005859375,0.12060546875,0.75146484375,-4.39453125,-2.38037109375,63.04931640625,1742308759.2172203
1742308759,237067572,0.0595703125,0.126953125,0.84716796875,1.52587890625,-7.50732421875,61.82861328125,1742308759.2370675
1742308759,257107352,0.146484375,0.11474609375,0.89111328125,4.33349609375,1.77001953125,57.861328125,1742308759.2571073
1742308759,276998297,0.1328125,0.0791015625,1.01513671875,-1.953125,10.7421875,57.55615234375,1742308759.2769983
1742308759,296968284,-0.01123046875,0.01171875,0.9404296875,-2.99072265625,5.126953125,53.77197265625,1742308759.2969682
1742308759,317046338,-0.033203125,0.00537109375,0.99853515625,2.9296875,0.18310546875,47.30224609375,1742308759.3170464
1742308759,336986116,0.025390625,0.1767578125,1.04736328125,-1.52587890625,11.53564453125,46.0205078125,1742308759.336986
1742308759,356961607,-0.12939453125,0.11181640625,1.04931640625,-7.32421875,2.9296875,47.66845703125,1742308759.3569615
1742308759,377044365,0.015625,0.01953125,0.966796875,-1.03759765625,7.32421875,47.36328125,1742308759.3770444
1742308759,397011248,0.078125,0.06689453125,0.78515625,2.01416015625,1.03759765625,40.58837890625,1742308759.3970113
1742308759,417024372,-0.0146484375,0.06396484375,0.79736328125,-2.3193359375,-0.48828125,39.4287109375,1742308759.4170244
1742308759,437063257,0.1201171875,0.05859375,0.92236328125,-6.40869140625,2.685546875,38.0859375,1742308759.4370632
1742308759,457054108,0.0556640625,-0.0244140625,0.92138671875,-7.01904296875,4.5166015625,35.21728515625,1742308759.4570541
1742308759,477044640,0.052734375,0.0615234375,0.9140625,-0.244140625,7.26318359375,30.3955078125,1742308759.4770446
1742308759,496993602,-0.087890625,0.12841796875,1.04150390625,-1.46484375,-0.48828125,24.47509765625,1742308759.4969935
1742308759,516990821,-0.0478515625,0.041015625,1.08349609375,1.3427734375,-0.54931640625,22.4609375,1742308759.516991
1742308759,537102220,-0.10498046875,-0.0205078125,1.09326171875,1.03759765625,1.64794921875,20.1416015625,1742308759.5371022
1742308759,557311958,-0.06591796875,-0.03564453125,1.07080078125,-0.42724609375,-2.9296875,16.78466796875,1742308759.557312
1742308759,576990161,0.07177734375,0.005859375,1.126953125,-1.03759765625,4.39453125,8.85009765625,1742308759.5769901
1742308759,597259516,-0.03125,0.0576171875,0.986328125,-2.25830078125,3.11279296875,5.31005859375,1742308759.5972595
1742308759,617250431,-0.056640625,0.08349609375,1.08154296875,4.33349609375,4.45556640625,5.126953125,1742308759.6172504
1742308759,637273188,-0.0986328125,0.224609375,0.94287109375,2.99072265625,-3.662109375,6.2255859375,1742308759.637273
1742308759,657233318,-0.05908203125,0.171875,0.92919921875,-2.685546875,-1.3427734375,5.79833984375,1742308759.6572332
1742308759,672107581,-0.03125,0.02001953125,0.8701171875,2.13623046875,-2.86865234375,6.28662109375,1742308759.6721077
1742308759,697298127,0.056640625,0.12109375,0.88916015625,0.0,-1.708984375,1.40380859375,1742308759.697298
1742308759,717243634,0.02734375,0.00927734375,1.09521484375,-3.60107421875,4.57763671875,-0.244140625,1742308759.7172437
1742308759,737154899,-0.00341796875,0.0927734375,0.88671875,0.42724609375,5.126953125,-0.48828125,1742308759.737155
1742308759,756980306,0.009765625,0.17138671875,0.73974609375,-3.90625,1.5869140625,-2.01416015625,1742308759.7569804
1742308759,776969909,-0.05859375,0.10888671875,0.9267578125,-1.64794921875,3.0517578125,-3.60107421875,1742308759.77697
1742308759,796942584,-0.0517578125,0.0751953125,0.978515625,-0.30517578125,-1.0986328125,-3.84521484375,1742308759.7969425
1742308759,817207875,-0.01171875,0.01123046875,1.03466796875,-3.173828125,5.18798828125,-2.5634765625,1742308759.8172078
1742308759,837389452,-0.06201171875,0.056640625,0.99560546875,-2.0751953125,2.8076171875,-3.0517578125,1742308759.8373895
1742308759,856944547,-0.08447265625,0.08984375,0.9833984375,0.06103515625,-1.220703125,-4.57763671875,1742308759.8569446
1742308759,876986664,-0.083984375,0.072265625,1.00927734375,2.5634765625,-0.42724609375,-4.69970703125,1742308759.8769867
1742308759,897007277,-0.07958984375,0.1279296875,0.82763671875,2.25830078125,-1.46484375,-5.2490234375,1742308759.8970072
1742308759,917365722,-0.06640625,0.1904296875,0.9365234375,-3.41796875,-4.0283203125,-5.7373046875,1742308759.9173658
1742308759,937303068,0.05322265625,0.08251953125,1.10595703125,-0.9765625,-0.54931640625,-6.40869140625,1742308759.937303
1742308759,957036025,0.0224609375,0.03369140625,0.8857421875,1.89208984375,-0.54931640625,-8.48388671875,1742308759.957036
1742308759,977298627,-0.00439453125,0.05908203125,0.93212890625,0.244140625,2.74658203125,-9.82666015625,1742308759.9772987
1742308759,996928957,-0.10693359375,0.03173828125,1.15185546875,8.7890625,-3.662109375,-9.1552734375,1742308759.996929
1742308760,12063511,-0.12890625,0.0517578125,0.97119140625,3.7841796875,-1.220703125,-6.103515625,1742308760.0120635
1742308760,32160979,-0.08447265625,0.00439453125,0.822265625,-5.9814453125,-0.30517578125,-5.2490234375,1742308760.032161
1742308760,57025647,-0.142578125,0.017578125,1.03955078125,-1.64794921875,-5.43212890625,-5.43212890625,1742308760.0570257
1742308760,77048521,-0.0283203125,0.12158203125,1.05322265625,3.0517578125,-1.64794921875,-4.8828125,1742308760.0770485
1742308760,97221543,-0.0361328125,0.13427734375,1.01171875,-1.46484375,4.5166015625,-6.103515625,1742308760.0972216
1742308760,117033884,-0.06787109375,0.080078125,0.93701171875,-2.86865234375,1.40380859375,-3.72314453125,1742308760.117034
1742308760,137177657,0.01611328125,0.1044921875,1.0791015625,4.150390625,2.5634765625,-3.0517578125,1742308760.1371777
1742308760,157125873,-0.0986328125,0.17578125,0.912109375,1.46484375,1.52587890625,-2.8076171875,1742308760.157126
1742308760,172126116,0.0556640625,0.052734375,1.0322265625,0.8544921875,2.01416015625,-4.94384765625,1742308760.172126
1742308760,197274440,-0.03466796875,0.0791015625,0.904296875,3.2958984375,-1.5869140625,-5.79833984375,1742308760.1972744
1742308760,217060220,0.05419921875,0.1708984375,0.83251953125,-0.91552734375,3.72314453125,-7.62939453125,1742308760.2170603
1742308760,237088758,-0.02685546875,0.19921875,0.8037109375,-2.62451171875,0.244140625,-8.23974609375,1742308760.2370887
1742308760,256967340,-0.13818359375,0.13427734375,0.8955078125,2.8076171875,-4.638671875,-4.8828125,1742308760.2569673
1742308760,276923621,-0.07666015625,0.13720703125,0.9462890625,1.28173828125,-3.7841796875,-4.33349609375,1742308760.2769237
1742308760,296996864,-0.04150390625,0.07177734375,0.9931640625,-1.953125,-1.64794921875,-5.126953125,1742308760.2969968
1742308760,317226624,0.01416015625,0.0537109375,1.0947265625,-1.52587890625,0.0,-5.615234375,1742308760.3172266
1742308760,337231130,-0.02197265625,0.0947265625,1.0869140625,0.67138671875,-1.77001953125,-6.65283203125,1742308760.3372312
1742308760,357076239,-0.07763671875,-0.0107421875,1.12841796875,8.30078125,1.03759765625,-7.99560546875,1742308760.3570762
1742308760,377110857,-0.083984375,0.03076171875,1.10009765625,6.7138671875,-2.50244140625,-6.40869140625,1742308760.377111
1742308760,397107427,-0.08984375,0.06103515625,1.02197265625,-0.79345703125,-0.06103515625,-3.35693359375,1742308760.3971074
1742308760,417124573,-0.04345703125,0.01611328125,1.05810546875,-1.3427734375,0.244140625,-3.47900390625,1742308760.4171245
1742308760,437155383,-0.10791015625,0.04541015625,1.07568359375,0.54931640625,-0.91552734375,-5.31005859375,1742308760.4371555
1742308760,457085327,-0.076171875,0.08203125,0.94580078125,-2.13623046875,-1.40380859375,-4.45556640625,1742308760.4570854
1742308760,477083880,-0.01708984375,0.09912109375,0.9091796875,-3.7841796875,2.197265625,-3.173828125,1742308760.477084
1742308760,497052001,-0.02001953125,0.05859375,0.9404296875,-2.5634765625,-0.18310546875,-2.5634765625,1742308760.497052
1742308760,517101403,0.01513671875,0.0830078125,0.9091796875,2.50244140625,7.26318359375,-3.5400390625,1742308760.5171013
1742308760,537077524,-0.068359375,0.1767578125,0.83642578125,1.15966796875,-4.0283203125,-2.13623046875,1742308760.5370774
1742308760,557035213,-0.0498046875,0.1103515625,0.92578125,-2.50244140625,-0.1220703125,-1.708984375,1742308760.5570352
1742308760,576953540,0.00048828125,0.0478515625,1.08349609375,-1.0986328125,5.67626953125,-2.8076171875,1742308760.5769536
1742308760,597056160,0.00146484375,0.05224609375,1.01806640625,4.82177734375,4.2724609375,-4.33349609375,1742308760.5970562
1742308760,617065466,-0.1298828125,0.07177734375,1.05810546875,2.62451171875,-2.197265625,-1.953125,1742308760.6170654
1742308760,637123157,-0.0654296875,0.01123046875,0.96337890625,0.91552734375,-0.1220703125,-2.0751953125,1742308760.637123
1742308760,657044044,-0.064453125,0.07666015625,0.92578125,-2.5634765625,-4.21142578125,-2.74658203125,1742308760.657044
1742308760,676988900,0.0546875,0.0751953125,1.078125,2.38037109375,-0.244140625,-3.2958984375,1742308760.6769888
1742308760,697138690,-0.013671875,0.1328125,1.01123046875,3.5400390625,-1.3427734375,-2.685546875,1742308760.6971388
1742308760,716993975,-0.0361328125,-0.00341796875,1.0595703125,5.06591796875,-0.79345703125,-1.89208984375,1742308760.716994
1742308760,737217271,-0.03759765625,0.0322265625,1.03564453125,9.70458984375,0.732421875,-1.46484375,1742308760.7372172
1742308760,757296370,-0.06005859375,0.08154296875,0.90234375,3.90625,-4.69970703125,-0.48828125,1742308760.7572963
1742308760,776986884,0.0048828125,0.1171875,0.845703125,-4.150390625,-2.74658203125,1.15966796875,1742308760.7769868
1742308760,797345863,0.00927734375,0.1298828125,1.01806640625,-1.5869140625,2.8076171875,1.15966796875,1742308760.7973459
1742308760,812186966,-0.0712890625,0.06494140625,1.05419921875,5.06591796875,-6.2255859375,1.52587890625,1742308760.812187
1742308760,837087507,0.0439453125,0.1103515625,0.96044921875,-0.06103515625,4.150390625,0.91552734375,1742308760.8370874
1742308760,857035243,-0.0458984375,0.08642578125,0.9345703125,-5.859375,3.662109375,1.64794921875,1742308760.8570352
1742308760,877084358,0.02978515625,0.0986328125,1.01123046875,-1.5869140625,3.7841796875,1.03759765625,1742308760.8770843
1742308760,897051870,-0.05224609375,0.09521484375,0.94775390625,1.5869140625,2.86865234375,1.5869140625,1742308760.8970518
1742308760,917130970,-0.0732421875,0.12744140625,0.9462890625,-2.13623046875,2.25830078125,2.685546875,1742308760.917131
1742308760,937013168,-0.0380859375,0.06982421875,0.9873046875,-6.16455078125,1.3427734375,2.13623046875,1742308760.9370131
1742308760,957041034,0.037109375,0.095703125,0.9482421875,-1.708984375,4.8828125,1.3427734375,1742308760.957041
1742308760,977016067,-0.06298828125,0.13134765625,0.8779296875,-0.79345703125,-0.244140625,1.64794921875,1742308760.977016
1742308760,997217506,-0.05810546875,0.10009765625,0.9755859375,-1.03759765625,-0.8544921875,1.64794921875,1742308760.9972174
1742308761,17081649,-0.068359375,0.0693359375,0.9482421875,1.708984375,-5.67626953125,5.43212890625,1742308761.0170817
1742308761,37107777,0.0234375,0.05419921875,0.92529296875,-2.685546875,-1.46484375,5.9814453125,1742308761.0371077
1742308761,57020047,0.01318359375,0.01611328125,1.044921875,-1.5869140625,-2.38037109375,5.92041015625,1742308761.05702
1742308761,77034911,0.0048828125,0.0908203125,0.97802734375,1.5869140625,-0.30517578125,5.7373046875,1742308761.077035
1742308761,97064047,-0.03857421875,0.04638671875,1.1240234375,4.57763671875,3.72314453125,7.080078125,1742308761.097064
1742308761,117062590,-0.126953125,0.05712890625,0.962890625,4.5166015625,-6.7138671875,11.71875,1742308761.1170626
1742308761,137196274,0.0400390625,0.072265625,0.85498046875,-3.35693359375,-1.64794921875,13.00048828125,1742308761.1371963
1742308761,157045757,-0.0263671875,0.07666015625,0.94482421875,-5.18798828125,0.3662109375,13.18359375,1742308761.1570458
1742308761,177077390,-0.0546875,0.09375,0.994140625,1.03759765625,-3.7841796875,14.58740234375,1742308761.1770773
1742308761,197105054,0.07568359375,0.158203125,0.97802734375,1.15966796875,-2.3193359375,14.2822265625,1742308761.1971052
1742308761,217132494,-0.00439453125,0.09912109375,0.978515625,-5.859375,2.38037109375,17.2119140625,1742308761.2171326
1742308761,237044379,0.07470703125,0.04296875,1.0146484375,-2.44140625,8.056640625,18.798828125,1742308761.2370443
1742308761,257032747,-0.0341796875,0.09326171875,0.93017578125,2.685546875,2.01416015625,20.93505859375,1742308761.2570326
1742308761,277067291,0.01953125,0.07275390625,0.92529296875,-0.91552734375,6.40869140625,21.240234375,1742308761.2770672
1742308761,297206414,-0.01806640625,0.10205078125,1.17041015625,4.2724609375,1.40380859375,21.42333984375,1742308761.2972064
1742308761,317162941,-0.001953125,0.05126953125,1.02294921875,7.32421875,7.14111328125,21.728515625,1742308761.317163
1742308761,336994152,0.083984375,0.03515625,0.9072265625,1.64794921875,-0.732421875,21.54541015625,1742308761.3369942
1742308761,357046905,0.015625,0.0146484375,0.97802734375,-0.91552734375,0.54931640625,22.52197265625,1742308761.3570468
1742308761,377138059,-0.048828125,0.03564453125,0.99755859375,0.48828125,-3.7841796875,25.87890625,1742308761.3771381
1742308761,397273790,0.00390625,0.138671875,0.99560546875,3.60107421875,-3.60107421875,28.13720703125,1742308761.3972738
1742308761,417257677,0.02197265625,0.1328125,0.9228515625,-1.0986328125,-1.52587890625,29.47998046875,1742308761.4172578
1742308761,437046871,0.03759765625,0.01416015625,0.97021484375,1.52587890625,-1.89208984375,30.6396484375,1742308761.4370468
1742308761,457095496,0.06396484375,0.0,0.90478515625,1.8310546875,5.43212890625,28.62548828125,1742308761.4570954
1742308761,477044982,-0.01953125,0.111328125,0.91650390625,-2.74658203125,2.685546875,28.564453125,1742308761.477045
1742308761,497219594,-0.10302734375,0.0966796875,1.037109375,-0.3662109375,2.685546875,32.1044921875,1742308761.4972196
1742308761,517136600,-0.06396484375,0.099609375,0.90185546875,4.57763671875,-6.8359375,33.50830078125,1742308761.5171366
1742308761,537060837,-0.04931640625,0.0927734375,0.94189453125,5.9814453125,-1.5869140625,34.11865234375,1742308761.5370607
1742308761,557030580,-0.00927734375,0.0869140625,0.9853515625,-0.67138671875,-0.54931640625,34.36279296875,1742308761.5570307
1742308761,577059652,0.09228515625,-0.00048828125,1.0146484375,-2.197265625,2.99072265625,34.423828125,1742308761.5770597
1742308761,597154487,-0.0185546875,0.07421875,1.00830078125,5.4931640625,0.06103515625,36.1328125,1742308761.5971544
1742308761,617214984,0.08984375,0.0849609375,0.94140625,1.0986328125,6.103515625,35.70556640625,1742308761.617215
1742308761,637146133,-0.001953125,0.03076171875,1.013671875,-0.732421875,8.48388671875,36.865234375,1742308761.6371462
1742308761,657103300,0.05615234375,0.02685546875,1.05712890625,-1.8310546875,2.197265625,36.7431640625,1742308761.6571033
1742308761,677059282,0.046875,0.04052734375,1.01708984375,2.197265625,5.2490234375,33.87451171875,1742308761.6770592
1742308761,697156516,-0.07861328125,0.0625,0.94384765625,5.18798828125,-0.06103515625,32.958984375,1742308761.6971564
1742308761,717149652,-0.00439453125,0.03955078125,0.96533203125,4.638671875,-1.03759765625,34.11865234375,1742308761.7171497
1742308761,737126467,0.0185546875,0.09228515625,1.0458984375,-0.06103515625,-3.72314453125,33.38623046875,1742308761.7371264
1742308761,757134643,0.0986328125,-0.0068359375,1.17724609375,1.15966796875,0.30517578125,34.60693359375,1742308761.7571347
1742308761,777596462,0.0087890625,0.048828125,0.99853515625,1.40380859375,-3.11279296875,34.97314453125,1742308761.7775965
1742308761,797125618,-0.03173828125,0.05419921875,1.0625,3.41796875,2.74658203125,39.6728515625,1742308761.7971256
1742308761,817129601,0.0244140625,0.123046875,0.85546875,-1.3427734375,-1.89208984375,38.75732421875,1742308761.8171296
1742308761,837126545,0.03564453125,0.017578125,0.83154296875,-3.35693359375,2.74658203125,36.92626953125,1742308761.8371265
1742308761,857240867,0.009765625,0.029296875,0.8623046875,-4.21142578125,-1.220703125,38.75732421875,1742308761.857241
1742308761,872228719,0.14013671875,0.08056640625,0.94873046875,-2.74658203125,1.77001953125,38.51318359375,1742308761.8722286
1742308761,897325445,0.01708984375,0.1328125,0.97802734375,-2.38037109375,3.5400390625,38.14697265625,1742308761.8973255
1742308761,917421719,0.025390625,0.12451171875,1.1318359375,-0.8544921875,2.50244140625,40.771484375,1742308761.9174218
1742308761,937174496,-0.056640625,0.06298828125,0.9873046875,6.34765625,-2.38037109375,43.0908203125,1742308761.9371746
1742308761,957030092,0.0263671875,0.08544921875,0.96337890625,4.57763671875,1.5869140625,41.9921875,1742308761.95703
1742308761,977114941,0.037109375,-0.03125,0.9931640625,-3.23486328125,2.8076171875,41.1376953125,1742308761.977115
1742308761,997443382,0.0361328125,0.033203125,1.1279296875,-1.15966796875,6.103515625,41.3818359375,1742308761.9974434
1742308762,17090101,0.0,0.08251953125,1.0322265625,2.74658203125,0.8544921875,41.8701171875,1742308762.01709
1742308762,36999033,0.037109375,0.0986328125,0.8203125,-0.06103515625,2.8076171875,40.83251953125,1742308762.036999
1742308762,56987678,-0.0107421875,0.05615234375,0.86865234375,-3.11279296875,0.244140625,39.55078125,1742308762.0569878
1742308762,77073127,0.041015625,0.08154296875,0.86669921875,-0.9765625,4.82177734375,41.56494140625,1742308762.077073
1742308762,97153071,0.0751953125,0.1220703125,0.99609375,-0.54931640625,0.67138671875,41.44287109375,1742308762.0971532
1742308762,117166581,0.13134765625,0.07421875,1.01220703125,0.244140625,-4.39453125,40.58837890625,1742308762.1171665
1742308762,137012055,0.0576171875,0.056640625,0.865234375,2.74658203125,5.06591796875,39.794921875,1742308762.137012
1742308762,157168801,-0.0244140625,0.10888671875,0.748046875,-1.0986328125,-2.3193359375,40.8935546875,1742308762.1571689
1742308762,176901792,0.046875,0.14990234375,0.8583984375,-4.7607421875,3.47900390625,41.32080078125,1742308762.1769018
1742308762,197050186,-0.001953125,0.12890625,1.04052734375,-3.47900390625,-1.52587890625,42.6025390625,1742308762.19705
1742308762,217249589,-0.068359375,0.02783203125,1.03955078125,2.50244140625,-7.2021484375,43.51806640625,1742308762.2172496
1742308762,237519106,0.15380859375,0.10009765625,0.82861328125,-3.23486328125,5.859375,42.17529296875,1742308762.237519
1742308762,257314403,0.04150390625,0.09130859375,0.86376953125,-5.615234375,-2.38037109375,42.8466796875,1742308762.2573144
1742308762,277124260,0.12890625,0.0732421875,0.98681640625,2.8076171875,2.8076171875,39.55078125,1742308762.2771242
1742308762,297335247,0.10888671875,0.109375,1.00537109375,0.244140625,7.8125,37.353515625,1742308762.2973351
1742308762,317071022,-0.05908203125,0.03466796875,1.0859375,0.79345703125,8.056640625,40.1611328125,1742308762.317071
1742308762,337118677,-0.07568359375,0.0576171875,1.21875,5.79833984375,6.8359375,43.88427734375,1742308762.3371186
1742308762,357152700,-0.0087890625,0.005859375,1.10888671875,6.40869140625,-2.01416015625,45.47119140625,1742308762.3571527
1742308762,377151362,0.08056640625,0.02001953125,0.93310546875,4.5166015625,-2.38037109375,49.13330078125,1742308762.3771513
1742308762,397388910,-0.009765625,0.0673828125,0.8837890625,-1.46484375,0.3662109375,48.03466796875,1742308762.397389
1742308762,417231216,0.0546875,0.08642578125,1.14111328125,2.74658203125,1.03759765625,46.56982421875,1742308762.4172313
1742308762,432186067,0.07470703125,0.0107421875,1.162109375,8.4228515625,0.30517578125,45.22705078125,1742308762.4321861
1742308762,452166905,0.0615234375,0.021484375,0.98681640625,4.638671875,2.62451171875,45.8984375,1742308762.4521668
1742308762,477257763,0.0625,0.07080078125,1.04052734375,0.30517578125,11.90185546875,45.83740234375,1742308762.4772577
1742308762,497217512,0.01220703125,0.08447265625,0.95263671875,2.0751953125,3.173828125,43.9453125,1742308762.4972174
1742308762,517166348,-0.0107421875,0.0185546875,0.9521484375,3.2958984375,6.40869140625,40.8935546875,1742308762.5171664
1742308762,537050831,-0.1533203125,-0.0205078125,1.0546875,0.9765625,-1.708984375,38.87939453125,1742308762.5370507
1742308762,557043509,-0.00146484375,-0.0478515625,1.14208984375,4.2724609375,-4.150390625,35.70556640625,1742308762.5570436
1742308762,577260961,0.0859375,0.05126953125,1.0283203125,-0.18310546875,7.87353515625,29.11376953125,1742308762.577261
1742308762,597249030,0.00927734375,0.07421875,1.0400390625,-5.4931640625,-3.35693359375,31.92138671875,1742308762.597249
1742308762,612287916,0.0107421875,0.02685546875,1.115234375,1.5869140625,-1.15966796875,38.51318359375,1742308762.612288
1742308762,637072558,0.0107421875,0.0712890625,0.89111328125,7.01904296875,1.15966796875,41.93115234375,1742308762.6370726
1742308762,657049363,0.1708984375,0.12646484375,0.779296875,-5.06591796875,7.38525390625,38.75732421875,1742308762.6570494
1742308762,676917526,0.09521484375,0.03955078125,0.98681640625,-8.4228515625,7.568359375,37.2314453125,1742308762.6769176
1742308762,697121729,0.00244140625,0.12841796875,0.87109375,2.13623046875,5.126953125,39.00146484375,1742308762.6971216
1742308762,717214537,0.05029296875,0.19873046875,0.6240234375,-0.06103515625,2.50244140625,37.90283203125,1742308762.7172146
1742308762,737042635,0.00439453125,0.12939453125,0.9384765625,-4.0283203125,2.9296875,36.7431640625,1742308762.7370427
1742308762,757234230,-0.13671875,-0.00830078125,1.3046875,8.9111328125,-6.28662109375,40.95458984375,1742308762.7572343
1742308762,777180922,0.03662109375,0.0546875,1.109375,6.04248046875,-0.30517578125,42.41943359375,1742308762.777181
1742308762,797157920,0.05224609375,-0.06787109375,1.01806640625,-0.48828125,-1.46484375,44.12841796875,1742308762.797158
1742308762,817100772,0.0869140625,-0.03564453125,1.16259765625,5.55419921875,3.96728515625,42.54150390625,1742308762.8171008
1742308762,837089770,-0.0556640625,0.09765625,0.98681640625,-0.244140625,4.45556640625,41.8701171875,1742308762.8370898
1742308762,857148657,-0.04833984375,0.09423828125,0.9013671875,-0.9765625,-1.3427734375,44.677734375,1742308762.8571486
1742308762,877069653,-0.0205078125,0.14599609375,1.00390625,-1.15966796875,2.44140625,46.142578125,1742308762.8770697
1742308762,897320290,0.0234375,-0.02880859375,1.1767578125,3.47900390625,-0.42724609375,46.38671875,1742308762.8973203
1742308762,917128867,0.03662109375,0.0234375,1.1318359375,4.21142578125,6.2255859375,47.05810546875,1742308762.9171288
1742308762,937100808,0.0478515625,0.095703125,1.01171875,-3.7841796875,5.615234375,46.875,1742308762.937101
1742308762,957302035,-0.04541015625,0.107421875,1.0146484375,3.2958984375,-1.5869140625,46.56982421875,1742308762.957302
1742308762,977216855,0.09130859375,0.11474609375,0.96728515625,5.4931640625,4.150390625,45.22705078125,1742308762.977217
1742308762,997179292,0.07470703125,0.1064453125,0.97412109375,-1.3427734375,7.14111328125,45.47119140625,1742308762.9971793
1742308763,17819403,0.080078125,0.0224609375,1.05078125,-2.0751953125,7.9345703125,43.27392578125,1742308763.0178194
1742308763,37073749,-0.00732421875,-0.0126953125,1.046875,8.6669921875,2.3193359375,41.259765625,1742308763.0370739
1742308763,57124883,0.02685546875,0.12890625,0.72509765625,1.8310546875,0.732421875,37.59765625,1742308763.0571249
1742308763,77203570,0.07958984375,0.12060546875,0.72509765625,-8.85009765625,-2.13623046875,37.2314453125,1742308763.0772035
1742308763,97221487,0.0234375,0.0849609375,0.86767578125,-3.96728515625,1.03759765625,38.26904296875,1742308763.0972214
1742308763,117133097,0.060546875,0.11083984375,1.04296875,6.34765625,2.50244140625,34.423828125,1742308763.1171331
1742308763,137163719,0.0439453125,0.09326171875,1.0,-0.8544921875,3.5400390625,28.62548828125,1742308763.1371636
1742308763,157102562,-0.02880859375,0.046875,1.1240234375,2.5634765625,2.9296875,25.69580078125,1742308763.1571026
1742308763,177110783,0.0205078125,0.1328125,0.84033203125,0.54931640625,3.7841796875,23.8037109375,1742308763.1771107
1742308763,197158333,-0.03662109375,0.20947265625,0.8701171875,-0.79345703125,-3.60107421875,23.5595703125,1742308763.1971583
1742308763,217158041,-0.05078125,0.17626953125,0.90673828125,-2.74658203125,-1.8310546875,25.0244140625,1742308763.217158
1742308763,237229624,-0.0087890625,0.013671875,0.9765625,-0.54931640625,-2.197265625,25.32958984375,1742308763.2372296
1742308763,257056592,0.0732421875,0.04296875,0.97607421875,1.40380859375,9.27734375,25.93994140625,1742308763.2570565
1742308763,277071853,0.00390625,0.16748046875,0.93994140625,-2.62451171875,-2.197265625,27.03857421875,1742308763.277072
1742308763,297161324,0.01318359375,0.16650390625,0.97705078125,-4.33349609375,1.708984375,26.611328125,1742308763.2971613
1742308763,317133224,0.08740234375,0.12353515625,0.83837890625,0.18310546875,2.86865234375,25.87890625,1742308763.3171332
1742308763,337094564,0.0439453125,0.1298828125,0.9443359375,-0.79345703125,5.06591796875,24.59716796875,1742308763.3370945
1742308763,357235364,0.02001953125,0.09033203125,1.0986328125,-0.79345703125,4.150390625,24.35302734375,1742308763.3572354
1742308763,377113981,-0.02197265625,0.0361328125,1.099609375,-0.42724609375,6.89697265625,25.20751953125,1742308763.377114
1742308763,397190908,-0.03125,-0.06640625,0.98388671875,-0.732421875,1.77001953125,24.10888671875,1742308763.3971908
1742308763,417165880,-0.005859375,-0.00146484375,0.9970703125,-0.9765625,5.0048828125,23.5595703125,1742308763.417166
1742308763,437111827,-0.0791015625,0.0498046875,1.1220703125,2.5634765625,-5.9814453125,23.37646484375,1742308763.4371119
1742308763,457097776,-0.056640625,0.1015625,1.09375,2.99072265625,-0.79345703125,24.71923828125,1742308763.4570978
1742308763,477170030,0.00146484375,0.03125,1.01025390625,-3.47900390625,-1.77001953125,24.658203125,1742308763.47717
1742308763,497144042,0.021484375,-0.041015625,1.09619140625,-2.9296875,-0.3662109375,23.193359375,1742308763.497144
1742308763,517164807,0.0546875,-0.02587890625,1.14697265625,4.5166015625,5.2490234375,21.240234375,1742308763.5171647
1742308763,537117347,-0.04541015625,0.05029296875,0.89111328125,4.33349609375,0.54931640625,20.56884765625,1742308763.5371172
1742308763,557039038,-0.06494140625,0.10009765625,0.8515625,-4.7607421875,-1.77001953125,22.15576171875,1742308763.557039
1742308763,577182526,-0.0263671875,0.1123046875,1.037109375,0.732421875,-8.48388671875,23.92578125,1742308763.5771825
1742308763,597129977,0.0380859375,0.19189453125,0.8505859375,10.25390625,-3.90625,22.4609375,1742308763.59713
1742308763,617082613,0.0419921875,0.14697265625,0.720703125,2.197265625,-1.03759765625,21.484375,1742308763.6170826
1742308763,637098354,-0.03125,-0.0048828125,1.02294921875,-3.662109375,2.44140625,23.37646484375,1742308763.6370983
1742308763,657380182,0.05224609375,-0.0146484375,1.19482421875,13.0615234375,1.64794921875,24.0478515625,1742308763.65738
1742308763,672612633,-0.02685546875,0.16943359375,0.91455078125,11.71875,8.544921875,25.08544921875,1742308763.6726127
1742308763,697367407,0.02392578125,0.15185546875,1.00732421875,-6.591796875,3.96728515625,27.4658203125,1742308763.6973674
1742308763,717079300,-0.025390625,-0.02001953125,1.19970703125,3.41796875,9.1552734375,28.86962890625,1742308763.7170794
1742308763,737090433,-0.07421875,0.01806640625,0.98046875,10.80322265625,6.16455078125,29.84619140625,1742308763.7370903
1742308763,757114174,0.0087890625,0.099609375,0.85205078125,0.732421875,-1.52587890625,28.9306640625,1742308763.7571142
1742308763,777127451,-0.02392578125,0.03564453125,0.85693359375,-2.74658203125,1.64794921875,28.9306640625,1742308763.7771275
1742308763,797254875,0.064453125,0.119140625,0.9755859375,4.82177734375,-1.40380859375,28.564453125,1742308763.7972548
1742308763,817080435,0.0185546875,0.09814453125,1.0205078125,4.150390625,-1.15966796875,30.76171875,1742308763.8170805
1742308763,837115601,0.00439453125,0.0888671875,1.09130859375,5.55419921875,0.91552734375,32.65380859375,1742308763.8371155
1742308763,857084653,-0.0234375,0.1513671875,1.10009765625,11.04736328125,-0.3662109375,32.8369140625,1742308763.8570848
1742308763,877384145,0.021484375,0.10400390625,0.951171875,6.9580078125,-4.150390625,30.94482421875,1742308763.8773842
1742308763,897443887,0.005859375,0.0244140625,0.93115234375,-0.1220703125,1.8310546875,30.2734375,1742308763.8974438
1742308763,917011649,0.00048828125,0.05615234375,0.900390625,-1.3427734375,0.6103515625,32.71484375,1742308763.9170117
1742308763,937364006,-0.001953125,0.1279296875,1.03564453125,-0.91552734375,3.47900390625,33.935546875,1742308763.937364
1742308763,957277921,-0.02294921875,0.15625,1.0693359375,7.50732421875,-8.23974609375,37.04833984375,1742308763.957278
1742308763,977203196,0.01318359375,0.16748046875,0.9296875,-0.18310546875,-2.50244140625,39.9169921875,1742308763.9772031
1742308763,997208216,0.0556640625,0.08203125,0.85595703125,-2.8076171875,-3.2958984375,42.05322265625,1742308763.997208
1742308764,17122957,0.16357421875,0.0283203125,0.99072265625,-0.54931640625,4.82177734375,42.3583984375,1742308764.017123
1742308764,37124992,0.0986328125,0.033203125,0.96826171875,0.48828125,5.06591796875,43.0908203125,1742308764.037125
1742308764,57176181,0.1904296875,0.05517578125,0.951171875,-3.0517578125,11.41357421875,41.1376953125,1742308764.057176
1742308764,77304780,0.048828125,0.0908203125,1.0009765625,1.89208984375,8.30078125,39.85595703125,1742308764.0773048
1742308764,97224414,-0.03955078125,0.197265625,0.91943359375,-3.5400390625,3.35693359375,41.1376953125,1742308764.0972245
1742308764,117158416,-0.0341796875,0.0927734375,0.95751953125,-7.01904296875,2.197265625,45.47119140625,1742308764.1171584
1742308764,137189412,0.0712890625,0.0244140625,0.92431640625,-0.1220703125,0.79345703125,46.630859375,1742308764.1371894
1742308764,157148567,0.0888671875,0.03369140625,0.96875,2.197265625,0.48828125,44.921875,1742308764.1571486
1742308764,177167595,0.06396484375,0.14453125,0.9716796875,1.46484375,0.91552734375,44.73876953125,1742308764.1771677
1742308764,197364964,0.14208984375,0.212890625,0.98193359375,-2.74658203125,3.60107421875,44.12841796875,1742308764.197365
1742308764,217100049,0.11767578125,0.14404296875,0.78955078125,-2.38037109375,0.732421875,42.54150390625,1742308764.2171001
1742308764,237157158,0.04296875,0.09130859375,0.84765625,-4.82177734375,-0.732421875,43.15185546875,1742308764.237157
1742308764,257105016,-0.00244140625,0.10400390625,1.05908203125,1.220703125,2.3193359375,47.54638671875,1742308764.257105
1742308764,277174925,0.0224609375,0.12890625,0.90478515625,3.23486328125,-4.33349609375,49.31640625,1742308764.277175
1742308764,297452776,0.14453125,0.15185546875,0.8115234375,-3.7841796875,-0.6103515625,46.2646484375,1742308764.2974527
1742308764,317211510,0.01904296875,0.1005859375,1.046875,-2.8076171875,5.37109375,47.91259765625,1742308764.3172116
1742308764,337249098,0.1103515625,0.080078125,1.04443359375,3.11279296875,2.62451171875,52.490234375,1742308764.337249
1742308764,357065273,0.00390625,0.06494140625,1.09130859375,3.47900390625,9.82666015625,55.48095703125,1742308764.3570652
1742308764,377229745,-0.033203125,0.0419921875,1.06201171875,3.2958984375,3.7841796875,55.84716796875,1742308764.3772297
1742308764,397255109,-0.0205078125,0.03271484375,1.11962890625,0.79345703125,4.150390625,56.5185546875,1742308764.3972552
1742308764,417202616,0.05078125,0.0908203125,1.02197265625,-2.25830078125,3.47900390625,57.4951171875,1742308764.4172027
1742308764,437461874,0.0546875,0.10107421875,1.0,1.8310546875,1.220703125,53.5888671875,1742308764.4374619
1742308764,457131997,-0.03515625,0.0234375,1.01123046875,3.11279296875,-2.99072265625,53.8330078125,1742308764.457132
1742308764,477132657,-0.0205078125,0.0654296875,1.0751953125,4.0283203125,3.2958984375,59.4482421875,1742308764.4771326
1742308764,497144517,0.078125,0.09814453125,0.98779296875,-1.3427734375,0.732421875,63.65966796875,1742308764.4971445
1742308764,517108664,0.13671875,0.1044921875,1.12158203125,0.1220703125,7.4462890625,62.19482421875,1742308764.5171087
1742308764,537082667,0.03564453125,0.00146484375,1.05908203125,8.056640625,0.9765625,60.302734375,1742308764.5370827
1742308764,557055069,0.03955078125,0.08544921875,0.93017578125,2.44140625,2.50244140625,59.63134765625,1742308764.557055
1742308764,577140243,0.01025390625,0.06982421875,1.09912109375,-4.69970703125,4.82177734375,61.4013671875,1742308764.5771403
1742308764,597203048,-0.0478515625,0.01611328125,1.24072265625,5.0048828125,1.40380859375,63.90380859375,1742308764.597203
1742308764,617113370,0.0087890625,0.033203125,1.08544921875,5.9814453125,1.0986328125,63.720703125,1742308764.6171134
1742308764,637121262,0.07861328125,0.0615234375,1.09521484375,-7.26318359375,3.5400390625,63.29345703125,1742308764.6371212
1742308764,657085184,0.01806640625,0.025390625,1.0712890625,-3.11279296875,6.4697265625,64.5751953125,1742308764.6570852
1742308764,677122485,0.064453125,0.03466796875,0.8974609375,2.13623046875,-4.08935546875,63.90380859375,1742308764.6771226
1742308764,697186570,0.11767578125,0.21630859375,0.80810546875,1.89208984375,3.11279296875,62.56103515625,1742308764.6971865
1742308764,717100924,0.134765625,0.2001953125,0.98681640625,-4.94384765625,5.126953125,62.80517578125,1742308764.7171009
1742308764,737087631,0.14404296875,0.05859375,0.98291015625,0.91552734375,8.6669921875,61.46240234375,1742308764.7370877
1742308764,757108067,0.1044921875,0.064453125,0.76123046875,1.708984375,4.8828125,58.04443359375,1742308764.757108
1742308764,777241274,-0.00634765625,0.1376953125,0.80029296875,0.54931640625,4.638671875,58.837890625,1742308764.7772412
1742308764,797172364,0.029296875,0.18212890625,1.0,-2.62451171875,2.13623046875,60.9130859375,1742308764.7971723
1742308764,817158912,0.0361328125,0.0791015625,0.9931640625,0.9765625,-2.5634765625,62.3779296875,1742308764.817159
1742308764,837175028,0.07861328125,0.05029296875,0.90185546875,4.57763671875,0.42724609375,62.56103515625,1742308764.8371751
1742308764,857116934,0.05517578125,0.068359375,0.8583984375,-2.01416015625,-2.5634765625,61.5234375,1742308764.857117
1742308764,877187195,0.140625,0.0859375,0.76708984375,-2.9296875,4.39453125,62.68310546875,1742308764.8771873
1742308764,897310194,0.1123046875,0.18115234375,0.787109375,-1.5869140625,2.9296875,62.3779296875,1742308764.8973103
1742308764,916986525,0.0361328125,0.14111328125,0.86279296875,-1.03759765625,-1.953125,61.1572265625,1742308764.9169865
1742308764,937042483,0.09228515625,0.0654296875,1.09521484375,2.8076171875,-0.42724609375,58.77685546875,1742308764.9370425
1742308764,957050342,0.060546875,0.068359375,1.0947265625,-0.6103515625,5.4931640625,60.24169921875,1742308764.9570503
1742308764,977091067,-0.009765625,-0.07421875,1.03759765625,-2.01416015625,2.5634765625,64.8193359375,1742308764.977091
1742308764,997393462,0.1123046875,-0.0771484375,1.18115234375,2.99072265625,7.62939453125,63.5986328125,1742308764.9973934
1742308765,17420132,-0.01025390625,0.05029296875,1.09228515625,-1.64794921875,4.57763671875,62.80517578125,1742308765.01742
1742308765,37350573,0.06103515625,0.091796875,1.16748046875,1.953125,6.7138671875,64.3310546875,1742308765.0373507
1742308765,57348024,-0.0078125,0.15185546875,0.99755859375,3.60107421875,5.126953125,59.6923828125,1742308765.057348
1742308765,77495239,0.12841796875,0.23681640625,0.70947265625,3.0517578125,-0.67138671875,52.91748046875,1742308765.0774953
1742308765,97163210,0.0732421875,0.205078125,0.86328125,4.0283203125,7.75146484375,52.3681640625,1742308765.0971632
1742308765,117121844,-0.03662109375,0.08544921875,0.9052734375,-0.91552734375,-0.3662109375,49.8046875,1742308765.117122
1742308765,137184416,0.06689453125,0.044921875,0.9873046875,3.35693359375,1.52587890625,46.20361328125,1742308765.1371844
1742308765,157216076,0.095703125,0.025390625,0.9541015625,2.3193359375,-4.39453125,41.07666015625,1742308765.157216
1742308765,177532030,0.080078125,0.00927734375,1.12255859375,4.82177734375,8.36181640625,39.12353515625,1742308765.177532
1742308765,197328900,-0.1123046875,-0.02294921875,1.060546875,6.9580078125,3.41796875,40.83251953125,1742308765.1973288
1742308765,217233389,0.03564453125,0.06591796875,0.9951171875,-3.84521484375,4.8828125,42.29736328125,1742308765.2172334
1742308765,237055987,0.0166015625,0.06884765625,0.99609375,-0.54931640625,3.0517578125,43.45703125,1742308765.237056
1742308765,257646893,-0.0546875,0.1943359375,0.91162109375,2.38037109375,-3.662109375,42.1142578125,1742308765.2576468
1742308765,277353265,-0.04345703125,0.10009765625,1.142578125,7.4462890625,-2.9296875,37.65869140625,1742308765.2773533
1742308765,297481919,0.068359375,0.08056640625,0.9931640625,1.77001953125,3.72314453125,34.97314453125,1742308765.297482
1742308765,317508298,0.11279296875,0.056640625,0.7724609375,-0.9765625,7.568359375,34.36279296875,1742308765.3175082
1742308765,337366898,0.08154296875,0.11572265625,0.74755859375,-0.6103515625,4.82177734375,30.09033203125,1742308765.3373668
1742308765,357030228,0.0361328125,0.22119140625,0.783203125,0.91552734375,1.40380859375,29.1748046875,1742308765.3570302
1742308765,377181411,0.03271484375,0.21435546875,0.84423828125,-1.0986328125,4.21142578125,25.20751953125,1742308765.3771815
1742308765,397266736,-0.04931640625,0.15478515625,0.86474609375,1.03759765625,3.173828125,22.0947265625,1742308765.3972666
1742308765,417191001,-0.00634765625,0.0859375,0.98193359375,0.30517578125,3.72314453125,19.1650390625,1742308765.417191
1742308765,436988063,-0.05615234375,0.02587890625,1.0556640625,-0.8544921875,4.21142578125,18.1884765625,1742308765.436988
1742308765,457330226,-0.08349609375,-0.10498046875,1.16650390625,5.0048828125,-1.64794921875,18.310546875,1742308765.4573302
1742308765,477268060,-0.02978515625,0.0498046875,0.96728515625,3.35693359375,-1.46484375,17.76123046875,1742308765.477268
1742308765,497212581,0.025390625,0.14013671875,0.984375,-3.84521484375,-3.84521484375,13.7939453125,1742308765.4972126
1742308765,517070637,-0.03662109375,0.08154296875,1.03466796875,-8.97216796875,-1.708984375,13.36669921875,1742308765.5170705
1742308765,537184666,0.033203125,0.04248046875,1.1494140625,8.6669921875,0.1220703125,12.20703125,1742308765.5371847
1742308765,557239943,-0.0087890625,0.22802734375,0.82470703125,9.46044921875,-1.5869140625,10.25390625,1742308765.55724
1742308765,577364437,0.02783203125,0.21923828125,0.744140625,-3.90625,2.99072265625,10.68115234375,1742308765.5773644
1742308765,598016656,-0.0615234375,0.07080078125,0.83203125,-5.126953125,2.01416015625,11.77978515625,1742308765.5980167
1742308765,617269128,0.0380859375,0.06298828125,1.01806640625,-1.77001953125,-0.54931640625,11.77978515625,1742308765.617269
1742308765,637132688,-0.05517578125,0.029296875,1.20703125,9.21630859375,0.732421875,8.30078125,1742308765.6371326
1742308765,657171228,-0.0029296875,0.16796875,0.99951171875,4.150390625,-0.8544921875,6.65283203125,1742308765.6571712
1742308765,677262921,-0.13818359375,0.10205078125,1.05908203125,-4.21142578125,-0.3662109375,7.568359375,1742308765.677263
1742308765,697098640,-0.009765625,-0.02587890625,1.09619140625,1.708984375,-0.79345703125,6.77490234375,1742308765.6970987
1742308765,717136283,0.01025390625,0.01953125,0.96484375,5.2490234375,6.8359375,6.103515625,1742308765.7171364
1742308765,737189256,-0.12060546875,0.1142578125,0.953125,-0.3662109375,-0.54931640625,8.23974609375,1742308765.7371893
1742308765,757129201,0.0859375,0.1396484375,1.12255859375,1.28173828125,8.9111328125,6.28662109375,1742308765.7571292
1742308765,777195070,-0.03955078125,0.1630859375,1.041015625,3.173828125,5.859375,5.615234375,1742308765.777195
1742308765,797104038,-0.03466796875,0.07763671875,0.8828125,-0.9765625,1.77001953125,6.7138671875,1742308765.7971041
1742308765,817114162,-0.04345703125,0.037109375,0.80712890625,-4.39453125,-0.79345703125,7.9345703125,1742308765.817114
1742308765,837341250,-0.01708984375,0.01025390625,0.95849609375,-0.6103515625,-5.79833984375,7.080078125,1742308765.8373413
1742308765,857645620,0.0693359375,0.0888671875,0.92578125,0.67138671875,1.40380859375,4.82177734375,1742308765.8576455
1742308765,877165364,-0.07080078125,0.1953125,0.92578125,-2.8076171875,-3.7841796875,5.7373046875,1742308765.8771653
1742308765,897132478,0.09033203125,0.142578125,1.05029296875,-1.77001953125,-0.18310546875,3.90625,1742308765.8971324
1742308765,917063815,-0.08447265625,0.1953125,0.9052734375,6.4697265625,-0.8544921875,3.90625,1742308765.9170637
1742308765,937182901,-0.01708984375,0.21826171875,0.77880859375,-1.52587890625,-5.92041015625,5.859375,1742308765.937183
1742308765,957228609,0.00537109375,0.0751953125,0.88037109375,-5.4931640625,-1.3427734375,4.57763671875,1742308765.9572287
1742308765,977363567,0.03564453125,0.03271484375,1.02880859375,0.91552734375,4.7607421875,4.2724609375,1742308765.9773636
1742308765,997256599,-0.05517578125,0.02783203125,1.017578125,0.244140625,0.732421875,5.79833984375,1742308765.9972565
1742308766,17301469,-0.00439453125,0.0419921875,0.95703125,0.1220703125,0.6103515625,7.50732421875,1742308766.0173016
1742308766,37359361,-0.0615234375,0.16259765625,0.9794921875,-3.90625,-0.8544921875,5.55419921875,1742308766.0373595
1742308766,57282178,0.01025390625,0.11279296875,1.001953125,-1.15966796875,-0.91552734375,4.0283203125,1742308766.0572822
1742308766,77181442,-0.0615234375,0.02685546875,0.8974609375,-0.54931640625,0.06103515625,3.84521484375,1742308766.0771813
1742308766,97177796,-0.0791015625,-0.05810546875,0.99951171875,2.197265625,0.1220703125,5.0048828125,1742308766.0971777
1742308766,117082628,-0.005859375,0.05126953125,1.0380859375,5.18798828125,3.173828125,5.126953125,1742308766.1170826
1742308766,137048390,0.0751953125,0.09326171875,1.107421875,-1.40380859375,6.53076171875,2.62451171875,1742308766.1370485
1742308766,157328623,-0.10009765625,0.09130859375,0.93798828125,-6.16455078125,2.99072265625,2.62451171875,1742308766.1573286
1742308766,177179438,-0.11279296875,0.0654296875,0.8251953125,-4.57763671875,0.67138671875,5.43212890625,1742308766.1771793
1742308766,197151056,-0.04345703125,0.1669921875,0.9111328125,1.03759765625,-3.662109375,6.4697265625,1742308766.197151
1742308766,217210580,0.02734375,0.138671875,1.01806640625,3.0517578125,-0.9765625,4.94384765625,1742308766.2172105
1742308766,237201910,-0.064453125,0.07177734375,0.89697265625,-2.9296875,-2.197265625,3.5400390625,1742308766.237202
1742308766,257298427,0.10107421875,0.01318359375,1.08984375,2.44140625,5.615234375,5.31005859375,1742308766.2572985
1742308766,277204315,-0.044921875,0.03857421875,0.935546875,1.28173828125,-0.48828125,5.0048828125,1742308766.2772043
1742308766,297498980,-0.06884765625,0.0595703125,0.87646484375,3.11279296875,-9.21630859375,6.40869140625,1742308766.297499
1742308766,317060572,-0.0859375,0.15234375,0.75634765625,-0.244140625,-6.7138671875,6.65283203125,1742308766.3170605
1742308766,337302661,0.0634765625,0.1259765625,0.88427734375,-4.0283203125,-1.3427734375,5.37109375,1742308766.3373027
1742308766,357485100,0.017578125,0.0029296875,1.04931640625,-3.0517578125,6.65283203125,3.23486328125,1742308766.357485
1742308766,377199431,-0.00341796875,0.04833984375,0.95703125,-1.40380859375,-1.40380859375,3.35693359375,1742308766.3771994
1742308766,397183145,-0.03564453125,0.13330078125,0.9736328125,0.91552734375,0.67138671875,4.21142578125,1742308766.3971832
1742308766,417047848,-0.13818359375,0.10546875,0.99755859375,3.662109375,-2.13623046875,7.01904296875,1742308766.4170477
1742308766,437165390,-0.013671875,0.1171875,0.93994140625,3.11279296875,-1.46484375,7.6904296875,1742308766.4371655
1742308766,457049613,0.00244140625,0.07666015625,0.94921875,0.42724609375,-2.3193359375,7.4462890625,1742308766.4570496
1742308766,477234804,0.11181640625,0.0712890625,1.07080078125,4.69970703125,6.8359375,5.859375,1742308766.4772348
1742308766,497490717,-0.01220703125,0.041015625,1.08154296875,6.7138671875,7.99560546875,5.2490234375,1742308766.4974906
1742308766,517320571,-0.103515625,0.013671875,1.0302734375,0.67138671875,4.5166015625,8.30078125,1742308766.5173206
1742308766,537242108,-0.0888671875,0.033203125,0.92724609375,1.8310546875,-0.54931640625,9.521484375,1742308766.5372422
1742308766,557263487,-0.0576171875,0.0341796875,0.88720703125,-0.48828125,-4.638671875,7.9345703125,1742308766.5572634
1742308766,577263585,-0.02001953125,0.119140625,1.0322265625,5.06591796875,1.220703125,6.2255859375,1742308766.5772636
1742308766,597224611,-0.0966796875,0.1865234375,0.92578125,2.01416015625,-5.9814453125,6.34765625,1742308766.5972247
1742308766,617140675,0.06640625,0.09765625,1.05859375,-0.06103515625,2.8076171875,6.591796875,1742308766.6171408
1742308766,637038211,0.017578125,0.02587890625,0.9052734375,2.685546875,-0.48828125,3.35693359375,1742308766.6370382
1742308766,657575059,-0.0244140625,0.12548828125,0.81689453125,0.79345703125,2.01416015625,2.74658203125,1742308766.6575751
1742308766,677615446,-0.13623046875,0.1298828125,0.9560546875,1.03759765625,-8.97216796875,5.859375,1742308766.6776154
1742308766,697526070,0.05517578125,0.11767578125,1.017578125,-2.01416015625,1.708984375,4.57763671875,1742308766.697526
1742308766,717523129,-0.046875,0.0654296875,1.056640625,-0.6103515625,2.74658203125,3.5400390625,1742308766.717523
1742308766,737676191,-0.0009765625,0.060546875,1.00146484375,3.11279296875,1.40380859375,4.2724609375,1742308766.7376761
1742308766,758354354,-0.0537109375,0.04736328125,0.9228515625,6.28662109375,-0.54931640625,3.72314453125,1742308766.7583544
1742308766,772335939,-0.0234375,0.140625,0.96435546875,-0.1220703125,2.50244140625,2.5634765625,1742308766.772336
1742308766,797401120,-0.13330078125,0.072265625,1.20556640625,0.54931640625,-1.77001953125,3.7841796875,1742308766.7974012
1742308766,817366497,-0.080078125,0.06396484375,1.009765625,2.197265625,-1.64794921875,4.82177734375,1742308766.8173666
1742308766,837550088,0.0439453125,0.07470703125,0.94970703125,-0.732421875,2.685546875,4.33349609375,1742308766.8375502
1742308766,857203810,0.07275390625,-0.0166015625,0.98779296875,2.13623046875,6.53076171875,-1.64794921875,1742308766.8572037
1742308766,877204037,-0.10888671875,0.13671875,0.83642578125,1.40380859375,2.01416015625,-0.9765625,1742308766.877204
1742308766,897155398,-0.076171875,0.146484375,0.89208984375,-9.94873046875,1.953125,2.197265625,1742308766.8971553
1742308766,917223018,-0.05322265625,0.04248046875,1.0634765625,-1.77001953125,-1.77001953125,3.60107421875,1742308766.917223
1742308766,937214604,-0.02197265625,0.10498046875,0.91650390625,-2.3193359375,-1.64794921875,2.38037109375,1742308766.9372146
1742308766,957263888,-0.07373046875,0.14794921875,0.84130859375,-2.685546875,-3.84521484375,1.0986328125,1742308766.957264
1742308766,977272051,-0.0634765625,0.16162109375,0.953125,-2.99072265625,-2.685546875,2.86865234375,1742308766.977272
1742308766,997237332,-0.015625,0.1484375,1.01806640625,-2.50244140625,2.50244140625,2.74658203125,1742308766.9972374
1742308767,17239409,-0.06396484375,0.08984375,0.927734375,-1.0986328125,-1.15966796875,-1.40380859375,1742308767.0172393
1742308767,37155081,-0.10791015625,0.03173828125,1.06005859375,1.77001953125,-6.591796875,0.30517578125,1742308767.0371552
1742308767,57320231,-0.04443359375,0.09130859375,0.98486328125,3.90625,-2.197265625,0.54931640625,1742308767.05732
1742308767,77319874,-0.0166015625,0.1298828125,0.9375,-0.8544921875,-2.197265625,2.5634765625,1742308767.0773199
1742308767,97181881,-0.021484375,0.0029296875,1.1357421875,-2.50244140625,4.39453125,3.2958984375,1742308767.0971818
1742308767,117206387,-0.07763671875,-0.03369140625,0.982421875,4.21142578125,-1.708984375,3.41796875,1742308767.1172063
1742308767,137136268,0.06396484375,0.12109375,0.93115234375,0.48828125,1.8310546875,2.50244140625,1742308767.1371362
1742308767,157413005,-0.04931640625,0.09912109375,1.0810546875,-3.47900390625,2.38037109375,3.662109375,1742308767.157413
1742308767,177250627,-0.05615234375,0.1259765625,0.98291015625,1.8310546875,-3.90625,7.14111328125,1742308767.1772506
1742308767,197165564,-0.025390625,0.16357421875,0.87646484375,-1.0986328125,0.06103515625,7.38525390625,1742308767.1971655
1742308767,217165654,0.0751953125,0.06298828125,0.8974609375,-3.11279296875,4.08935546875,5.06591796875,1742308767.2171657
1742308767,237159536,-0.0107421875,0.0458984375,0.96923828125,3.662109375,5.06591796875,4.08935546875,1742308767.2371595
1742308767,257259245,-0.07666015625,0.0302734375,1.0126953125,5.43212890625,0.732421875,9.21630859375,1742308767.2572591
1742308767,277422315,0.0341796875,0.01123046875,0.9306640625,-3.11279296875,3.23486328125,12.63427734375,1742308767.2774224
1742308767,297280482,-0.03955078125,0.0458984375,1.08740234375,1.15966796875,-3.5400390625,16.54052734375,1742308767.2972806
1742308767,317241051,0.0849609375,0.05712890625,0.99853515625,3.173828125,-4.150390625,16.6015625,1742308767.317241
1742308767,337429338,-0.02099609375,0.10791015625,0.88134765625,-1.220703125,-3.2958984375,22.15576171875,1742308767.3374293
1742308767,357566487,0.03759765625,0.06396484375,1.08154296875,1.15966796875,0.3662109375,28.13720703125,1742308767.3575666
1742308767,377546769,0.03759765625,0.12939453125,0.916015625,7.26318359375,-4.150390625,31.43310546875,1742308767.3775468
1742308767,397371111,0.06689453125,0.0869140625,0.88623046875,0.30517578125,-1.40380859375,34.5458984375,1742308767.397371
1742308767,417177693,-0.13330078125,0.013671875,1.0107421875,-3.47900390625,-2.62451171875,40.4052734375,1742308767.4171777
1742308767,437210936,0.05078125,0.06640625,1.1533203125,4.33349609375,4.7607421875,46.56982421875,1742308767.437211
1742308767,457302036,0.0615234375,0.15087890625,0.96728515625,3.47900390625,-2.9296875,47.36328125,1742308767.457302
1742308767,477221997,0.10302734375,0.134765625,0.79931640625,-0.9765625,2.9296875,45.10498046875,1742308767.477222
1742308767,497098500,0.06494140625,0.04931640625,0.904296875,-3.5400390625,6.7138671875,43.76220703125,1742308767.4970984
1742308767,517110431,0.1142578125,-0.0009765625,1.0693359375,3.7841796875,9.1552734375,43.88427734375,1742308767.5171103
1742308767,537093688,0.00146484375,0.02783203125,1.1533203125,6.16455078125,4.39453125,45.654296875,1742308767.5370936
1742308767,557345785,0.03125,0.07373046875,1.09375,0.732421875,4.82177734375,45.8984375,1742308767.5573459
1742308767,577239888,0.02001953125,0.01708984375,1.0146484375,3.23486328125,0.0,46.630859375,1742308767.57724
1742308767,597222122,-0.037109375,0.05859375,0.88671875,1.3427734375,-2.01416015625,45.7763671875,1742308767.597222
1742308767,617204964,0.06103515625,0.04931640625,0.947265625,-0.18310546875,2.3193359375,43.9453125,1742308767.617205
1742308767,637166013,0.0205078125,0.0146484375,1.09326171875,1.953125,1.220703125,46.38671875,1742308767.637166
1742308767,657366524,0.033203125,0.00830078125,1.068359375,4.638671875,2.8076171875,44.7998046875,1742308767.6573665
1742308767,677198579,0.07568359375,0.0537109375,1.0380859375,-4.21142578125,2.9296875,43.5791015625,1742308767.6771986
1742308767,697197933,0.0107421875,0.044921875,1.14453125,3.23486328125,4.94384765625,41.80908203125,1742308767.697198
1742308767,717233256,0.00146484375,0.0107421875,0.9365234375,7.87353515625,1.220703125,39.55078125,1742308767.7172332
1742308767,737187777,0.017578125,-0.01611328125,0.83447265625,0.0,-3.84521484375,38.9404296875,1742308767.7371879
1742308767,757461922,0.06396484375,0.0615234375,1.13720703125,-2.197265625,3.90625,38.330078125,1742308767.757462
1742308767,777370714,0.009765625,0.091796875,1.1611328125,0.06103515625,4.7607421875,41.07666015625,1742308767.7773707
1742308767,797148623,0.0126953125,0.08203125,1.05908203125,-0.42724609375,0.79345703125,41.748046875,1742308767.7971487
1742308767,817136713,0.08251953125,-0.02734375,1.04833984375,6.53076171875,3.96728515625,37.78076171875,1742308767.8171368
1742308767,833724819,-0.0009765625,0.04052734375,0.94580078125,2.38037109375,2.3193359375,35.0341796875,1742308767.8337247
1742308767,857306594,0.04345703125,0.08740234375,1.0615234375,-1.28173828125,0.54931640625,33.69140625,1742308767.8573065
1742308767,877245275,-0.02099609375,0.080078125,1.03125,0.91552734375,2.86865234375,34.5458984375,1742308767.8772452
1742308767,897144370,0.0517578125,0.115234375,1.02099609375,3.47900390625,6.16455078125,34.48486328125,1742308767.8971443
1742308767,917140429,0.0498046875,0.10888671875,1.025390625,4.94384765625,6.16455078125,33.14208984375,1742308767.9171405
1742308767,937168712,0.0634765625,0.052734375,0.9169921875,0.732421875,5.2490234375,31.79931640625,1742308767.9371686
1742308767,957233891,-0.03173828125,0.01611328125,0.9208984375,-1.0986328125,-0.3662109375,31.8603515625,1742308767.957234
1742308767,977246046,-0.06884765625,0.07421875,1.115234375,0.0,0.42724609375,31.982421875,1742308767.977246
1742308767,997266745,-0.0185546875,0.04638671875,1.17138671875,6.2255859375,-4.69970703125,32.65380859375,1742308767.9972668
1742308768,17146378,-0.00634765625,0.03955078125,0.9658203125,3.2958984375,-1.15966796875,32.2265625,1742308768.0171463
1742308768,37174813,0.11181640625,-0.0595703125,0.97265625,2.0751953125,5.0048828125,30.21240234375,1742308768.0371747
1742308768,57229041,0.01806640625,0.0458984375,0.99609375,1.52587890625,1.46484375,28.9306640625,1742308768.057229
1742308768,77294277,0.0185546875,0.0654296875,0.9453125,-0.1220703125,3.35693359375,28.38134765625,1742308768.0772943
1742308768,97279863,-0.07373046875,0.04443359375,0.8798828125,-3.662109375,-1.46484375,28.3203125,1742308768.0972798
1742308768,117173703,0.0556640625,0.11279296875,1.06884765625,-3.90625,3.0517578125,29.47998046875,1742308768.1171737
1742308768,137207322,-0.02490234375,0.0771484375,1.07470703125,2.01416015625,2.62451171875,30.33447265625,1742308768.1372073
1742308768,157611350,-0.048828125,0.09375,0.9150390625,0.30517578125,-6.103515625,31.25,1742308768.1576114
1742308768,177281952,0.1064453125,0.07861328125,0.99853515625,-0.48828125,1.5869140625,28.25927734375,1742308768.1772819
1742308768,197311539,0.07861328125,0.15283203125,0.990234375,-0.18310546875,2.197265625,26.9775390625,1742308768.1973116
1742308768,217216931,0.033203125,0.10205078125,0.90087890625,-0.18310546875,3.5400390625,26.18408203125,1742308768.217217
1742308768,237165364,-0.0126953125,0.08203125,1.01953125,0.67138671875,2.0751953125,25.5126953125,1742308768.2371655
1742308768,257438253,-0.07421875,0.068359375,1.2861328125,8.544921875,0.42724609375,25.08544921875,1742308768.2574382
1742308768,277678181,0.01513671875,0.05859375,1.06591796875,4.5166015625,3.662109375,22.76611328125,1742308768.2776783
1742308768,297151691,-0.080078125,0.0234375,0.92919921875,-0.8544921875,1.708984375,24.96337890625,1742308768.2971518
1742308768,317185470,0.05126953125,0.060546875,0.89404296875,-2.685546875,0.54931640625,25.390625,1742308768.3171854
1742308768,337280819,0.08935546875,0.02880859375,0.984375,-1.3427734375,0.48828125,23.4375,1742308768.3372808
1742308768,357315110,0.0537109375,0.02734375,0.955078125,0.0,0.8544921875,21.1181640625,1742308768.357315
1742308768,377281591,-0.05224609375,0.080078125,0.9541015625,-2.9296875,1.46484375,23.37646484375,1742308768.3772817
1742308768,397221768,0.01806640625,0.1435546875,0.91650390625,1.46484375,-1.28173828125,24.84130859375,1742308768.3972218
1742308768,417236795,0.03955078125,0.10009765625,0.77880859375,2.685546875,-3.5400390625,24.90234375,1742308768.4172368
1742308768,437159500,0.109375,0.11181640625,0.71533203125,-2.50244140625,-1.708984375,22.3388671875,1742308768.4371595
1742308768,457263648,0.04345703125,0.14697265625,0.91064453125,1.0986328125,3.5400390625,22.94921875,1742308768.4572637
1742308768,477343317,-0.00830078125,0.16162109375,0.95654296875,-3.11279296875,0.8544921875,24.71923828125,1742308768.4773433
1742308768,497242213,-0.083984375,0.08447265625,1.00439453125,1.28173828125,4.150390625,24.0478515625,1742308768.4972422
1742308768,517281528,-0.048828125,0.0556640625,1.06591796875,4.69970703125,-1.5869140625,24.5361328125,1742308768.5172815
1742308768,537231913,-0.009765625,0.08544921875,1.046875,0.1220703125,4.0283203125,23.86474609375,1742308768.537232
1742308768,557236859,0.02197265625,-0.0107421875,1.07275390625,0.54931640625,-0.8544921875,24.658203125,1742308768.557237
1742308768,577346160,0.03271484375,0.0283203125,1.0439453125,2.5634765625,3.662109375,23.25439453125,1742308768.577346
1742308768,597398180,-0.03515625,0.0185546875,1.02197265625,-1.953125,1.220703125,23.62060546875,1742308768.5973983
1742308768,617201170,0.02880859375,0.0908203125,1.00732421875,-1.3427734375,-1.03759765625,24.35302734375,1742308768.617201
1742308768,637268069,0.09619140625,0.14501953125,0.935546875,-1.77001953125,3.23486328125,28.076171875,1742308768.637268
1742308768,657317081,-0.0947265625,0.13623046875,1.0048828125,1.40380859375,-2.9296875,28.564453125,1742308768.6573172
1742308768,677311371,-0.08251953125,0.15380859375,0.90087890625,-1.03759765625,-1.64794921875,35.15625,1742308768.6773114
1742308768,697246780,0.05712890625,0.056640625,0.91455078125,-1.28173828125,-4.5166015625,44.921875,1742308768.6972468
1742308768,717284751,0.1298828125,0.05322265625,0.9052734375,2.38037109375,-2.197265625,52.42919921875,1742308768.7172847
1742308768,737268769,0.1767578125,0.04541015625,1.00341796875,0.79345703125,3.90625,59.50927734375,1742308768.7372687
1742308768,757318325,0.10205078125,0.0771484375,0.8720703125,-0.6103515625,4.8828125,64.0869140625,1742308768.7573183
1742308768,777278886,0.0615234375,0.15673828125,0.8115234375,-3.72314453125,7.99560546875,63.04931640625,1742308768.777279
1742308768,797244055,-0.0302734375,0.16064453125,0.86376953125,-5.7373046875,-0.8544921875,65.91796875,1742308768.797244
1742308768,817254154,0.0205078125,0.0244140625,1.03955078125,-0.54931640625,-2.9296875,68.17626953125,1742308768.817254
1742308768,837229404,0.078125,-0.021484375,1.0126953125,7.9345703125,-2.8076171875,68.115234375,1742308768.8372295
1742308768,857287631,0.20703125,0.025390625,0.79150390625,4.39453125,4.638671875,62.744140625,1742308768.8572876
1742308768,877393668,0.14599609375,0.1005859375,0.943359375,-2.62451171875,8.85009765625,58.77685546875,1742308768.8773937
1742308768,897248691,0.1318359375,0.09375,1.01708984375,-0.244140625,8.6669921875,62.19482421875,1742308768.8972487
1742308768,917237829,0.03271484375,0.03515625,1.005859375,4.94384765625,7.14111328125,65.24658203125,1742308768.9172378
1742308768,937145173,0.0322265625,-0.0263671875,1.04638671875,3.23486328125,0.91552734375,66.22314453125,1742308768.9371452
1742308768,957323372,0.19775390625,0.06494140625,1.05029296875,8.9111328125,6.9580078125,63.17138671875,1742308768.9573233
1742308768,977198619,0.03173828125,0.15283203125,0.85498046875,-1.52587890625,8.72802734375,59.02099609375,1742308768.9771986
1742308768,997198414,0.02197265625,0.07275390625,1.02880859375,-3.173828125,4.2724609375,63.3544921875,1742308768.9971983
1742308769,17307581,0.01513671875,0.072265625,1.0283203125,2.197265625,0.18310546875,63.3544921875,1742308769.0173075
1742308769,37244230,0.146484375,0.12890625,1.0927734375,8.60595703125,5.7373046875,56.884765625,1742308769.0372443
1742308769,57377108,0.0537109375,0.119140625,1.11962890625,5.2490234375,7.99560546875,52.30712890625,1742308769.057377
1742308769,77409471,0.01171875,0.00341796875,1.11376953125,6.04248046875,4.57763671875,49.072265625,1742308769.0774095
1742308769,97263527,-0.1005859375,0.025390625,0.8642578125,4.39453125,-1.46484375,50.048828125,1742308769.0972636
1742308769,117161583,0.10595703125,0.04931640625,0.7998046875,-1.15966796875,0.18310546875,47.42431640625,1742308769.1171615
1742308769,137120185,0.14794921875,0.14990234375,0.8798828125,0.6103515625,10.009765625,41.9921875,1742308769.1371202
1742308769,157347560,-0.0439453125,0.216796875,0.87646484375,-1.15966796875,2.9296875,40.4052734375,1742308769.1573477
1742308769,177241713,0.01806640625,0.0751953125,0.91015625,-0.67138671875,-1.15966796875,41.748046875,1742308769.1772418
1742308769,197202682,0.01025390625,0.046875,1.00244140625,0.6103515625,5.859375,38.4521484375,1742308769.1972027
1742308769,217183781,-0.0029296875,-0.0087890625,1.15869140625,-0.18310546875,0.91552734375,38.0859375,1742308769.2171838
1742308769,237324562,0.017578125,0.00439453125,0.93115234375,-1.89208984375,2.0751953125,36.1328125,1742308769.2373245
1742308769,257292924,-0.02587890625,0.056640625,0.92138671875,0.42724609375,-3.41796875,34.7900390625,1742308769.257293
1742308769,277192773,0.11669921875,0.1005859375,0.99853515625,5.18798828125,6.16455078125,28.38134765625,1742308769.2771928
1742308769,297218256,0.00146484375,0.150390625,0.9716796875,1.708984375,7.26318359375,24.47509765625,1742308769.2972183
1742308769,317235291,-0.07763671875,0.12353515625,1.048828125,-0.8544921875,5.92041015625,24.96337890625,1742308769.3172352
1742308769,337218885,-0.1328125,0.01904296875,1.0556640625,-3.35693359375,-1.953125,25.87890625,1742308769.337219
1742308769,357305714,0.00634765625,-0.02587890625,1.15380859375,1.3427734375,-1.64794921875,22.39990234375,1742308769.3573058
1742308769,377379038,-0.0244140625,0.04345703125,0.9482421875,1.953125,0.0,21.17919921875,1742308769.377379
1742308769,397261958,0.06787109375,0.10009765625,0.93408203125,-1.708984375,4.2724609375,21.42333984375,1742308769.3972619
1742308769,417133262,-0.01416015625,0.19140625,0.9560546875,3.72314453125,-1.89208984375,22.0947265625,1742308769.4171333
1742308769,437383070,-0.001953125,0.2197265625,0.81689453125,0.48828125,-1.708984375,25.634765625,1742308769.4373832
1742308769,457383785,0.083984375,0.1376953125,0.80859375,-3.11279296875,-2.99072265625,25.32958984375,1742308769.4573839
1742308769,477311922,0.0322265625,0.111328125,0.95166015625,-4.8828125,-0.48828125,26.4892578125,1742308769.4773118
1742308769,497378686,0.0322265625,0.0537109375,1.09326171875,2.0751953125,-0.8544921875,28.9306640625,1742308769.4973786
1742308769,517354792,-0.0048828125,0.056640625,0.84521484375,0.30517578125,-1.03759765625,32.3486328125,1742308769.5173547
1742308769,537300049,0.2021484375,0.1416015625,0.80517578125,4.08935546875,5.126953125,29.35791015625,1742308769.5373
1742308769,557312252,-0.03515625,0.15673828125,0.94384765625,-2.3193359375,3.173828125,29.052734375,1742308769.5573123
1742308769,577201220,0.087890625,0.0791015625,1.103515625,-4.0283203125,8.48388671875,27.52685546875,1742308769.5772011
1742308769,597289041,-0.08447265625,0.06787109375,0.91943359375,0.54931640625,2.685546875,27.7099609375,1742308769.597289
1742308769,617374878,-0.10009765625,0.11767578125,0.95654296875,0.3662109375,-2.50244140625,28.4423828125,1742308769.617375
1742308769,637532108,0.0703125,0.1591796875,1.06494140625,5.9814453125,-0.8544921875,27.4658203125,1742308769.637532
1742308769,657594200,0.1474609375,0.189453125,0.794921875,3.84521484375,6.89697265625,23.86474609375,1742308769.6575942
1742308769,677267259,0.0185546875,0.1357421875,0.6767578125,-4.7607421875,2.62451171875,22.27783203125,1742308769.6772673
1742308769,697321735,-0.01513671875,0.02294921875,1.01708984375,-6.8359375,-0.8544921875,23.681640625,1742308769.6973217
1742308769,717144302,-0.0458984375,-0.0029296875,1.09619140625,6.28662109375,0.30517578125,24.10888671875,1742308769.7171443
1742308769,737395966,0.02685546875,0.1455078125,0.845703125,-0.54931640625,0.9765625,21.42333984375,1742308769.737396
1742308769,757427881,-0.06494140625,0.162109375,0.84375,-6.28662109375,-1.8310546875,20.263671875,1742308769.757428
1742308769,777185550,0.05126953125,0.078125,0.94580078125,-1.03759765625,0.0,17.333984375,1742308769.7771854
1742308769,797314428,-0.02197265625,0.0830078125,0.91552734375,1.89208984375,1.15966796875,15.5029296875,1742308769.7973144
1742308769,817141411,-0.04443359375,0.0703125,1.07958984375,-4.2724609375,-6.103515625,16.41845703125,1742308769.8171413
1742308769,837259920,0.02392578125,-0.009765625,1.056640625,-5.31005859375,5.55419921875,16.6015625,1742308769.83726
1742308769,857441791,-0.0634765625,0.02490234375,1.0986328125,-1.77001953125,-3.2958984375,17.578125,1742308769.857442
1742308769,877288454,0.00146484375,0.08447265625,0.98681640625,1.0986328125,-2.5634765625,17.63916015625,1742308769.8772883
1742308769,897081836,0.05859375,0.13427734375,0.93505859375,0.79345703125,3.5400390625,14.95361328125,1742308769.8970819
1742308769,917237786,-0.03076171875,0.04638671875,0.9248046875,-2.8076171875,-0.91552734375,12.87841796875,1742308769.9172378
1742308769,937222756,0.044921875,0.00830078125,0.96044921875,-1.220703125,5.06591796875,12.3291015625,1742308769.9372227
1742308769,957596248,-0.0009765625,0.08642578125,0.857421875,-1.40380859375,4.08935546875,13.97705078125,1742308769.9575963
1742308769,977543137,0.04052734375,0.13916015625,0.88232421875,-5.9814453125,1.15966796875,14.892578125,1742308769.977543
1742308769,997471242,-0.02783203125,0.0947265625,0.982421875,0.244140625,-1.953125,14.404296875,1742308769.9974713
1742308770,17140648,-0.1005859375,0.107421875,1.046875,0.48828125,-3.173828125,15.625,1742308770.0171406
1742308770,37317775,-0.05859375,0.037109375,1.0771484375,-0.06103515625,-2.5634765625,17.39501953125,1742308770.0373178
1742308770,57830782,-0.02099609375,-0.09375,1.02490234375,3.11279296875,0.48828125,16.9677734375,1742308770.0578308
1742308770,77328054,0.03857421875,-0.01318359375,0.94287109375,2.3193359375,-2.3193359375,15.5029296875,1742308770.077328
1742308770,92493548,0.00439453125,0.13623046875,1.0537109375,3.0517578125,1.03759765625,16.9677734375,1742308770.0924935
1742308770,117284603,-0.052734375,0.13134765625,1.06982421875,5.67626953125,5.126953125,20.44677734375,1742308770.1172845
1742308770,137296894,-0.126953125,0.177734375,0.95947265625,3.47900390625,-2.8076171875,23.193359375,1742308770.137297
1742308770,158074515,-0.0400390625,0.044921875,0.99365234375,1.46484375,-2.38037109375,22.88818359375,1742308770.1580746
1742308770,177651949,-0.08740234375,0.00048828125,1.0361328125,2.3193359375,-3.11279296875,25.5126953125,1742308770.177652
1742308770,197515757,0.02734375,0.0673828125,1.05615234375,4.39453125,4.21142578125,26.3671875,1742308770.1975157
1742308770,217323884,0.005859375,0.1962890625,0.9130859375,-1.0986328125,-2.8076171875,28.076171875,1742308770.2173238
1742308770,237439122,0.05712890625,0.09130859375,1.03515625,-2.9296875,0.30517578125,26.7333984375,1742308770.2374392
1742308770,257426965,0.0771484375,0.0673828125,1.009765625,6.16455078125,-3.60107421875,29.47998046875,1742308770.257427
1742308770,277272276,0.00634765625,0.103515625,0.97509765625,2.197265625,-4.5166015625,36.376953125,1742308770.2772722
1742308770,297380282,0.22509765625,0.1171875,1.0009765625,4.08935546875,0.30517578125,46.7529296875,1742308770.2973802
1742308770,317343260,0.1552734375,0.078125,0.93212890625,2.9296875,2.99072265625,54.50439453125,1742308770.3173432
1742308770,337415073,0.15869140625,0.068359375,0.77001953125,-1.64794921875,5.0048828125,60.4248046875,1742308770.337415
1742308770,357282305,0.11767578125,0.1298828125,0.79541015625,-3.23486328125,7.50732421875,60.6689453125,1742308770.3572824
1742308770,377262788,0.044921875,0.12939453125,0.92431640625,-3.0517578125,3.5400390625,58.9599609375,1742308770.3772628
1742308770,397325289,-0.03955078125,0.0478515625,1.11083984375,-2.197265625,-0.06103515625,59.6923828125,1742308770.3973253
1742308770,417290827,-0.0439453125,0.0361328125,1.0908203125,5.55419921875,-1.64794921875,61.6455078125,1742308770.417291
1742308770,437286254,0.04443359375,0.02490234375,1.08203125,5.7373046875,-2.0751953125,60.6689453125,1742308770.4372861
1742308770,458010690,0.13232421875,0.01416015625,0.9912109375,1.46484375,2.74658203125,58.4716796875,1742308770.4580107
1742308770,477246868,0.09326171875,0.02734375,0.8173828125,0.06103515625,2.13623046875,60.6689453125,1742308770.4772468
1742308770,497309784,0.02734375,0.06689453125,0.8056640625,-0.244140625,2.8076171875,63.8427734375,1742308770.4973097
1742308770,517311835,0.14794921875,0.19873046875,0.89990234375,-3.2958984375,6.7138671875,64.208984375,1742308770.5173118
1742308770,537355776,0.158203125,0.125,1.1005859375,-0.1220703125,4.69970703125,63.41552734375,1742308770.5373557
1742308770,557437765,0.09130859375,0.12744140625,0.9150390625,1.3427734375,6.16455078125,63.3544921875,1742308770.5574377
1742308770,577376678,0.05322265625,0.0888671875,0.869140625,0.91552734375,1.46484375,62.98828125,1742308770.5773766
1742308770,597537869,0.09130859375,0.1220703125,0.88037109375,-2.74658203125,5.79833984375,62.19482421875,1742308770.5975378
1742308770,617288427,0.1064453125,0.20361328125,0.998046875,0.0,4.5166015625,62.5,1742308770.6172884
1742308770,637393264,0.048828125,0.1142578125,1.12451171875,1.52587890625,7.62939453125,64.208984375,1742308770.6373932
1742308770,657484118,0.07568359375,0.048828125,0.8955078125,5.859375,1.708984375,63.4765625,1742308770.657484
1742308770,677436728,0.13232421875,0.11376953125,0.80517578125,-1.5869140625,7.8125,62.5,1742308770.6774368
1742308770,692451786,0.0556640625,0.19775390625,0.8671875,-3.90625,4.0283203125,60.11962890625,1742308770.6924517
1742308770,717526944,0.07177734375,0.17578125,0.99072265625,0.91552734375,0.54931640625,60.546875,1742308770.717527
1742308770,737358944,-0.0322265625,0.06298828125,0.98828125,9.21630859375,-2.99072265625,63.04931640625,1742308770.737359
1742308770,757802861,0.1455078125,0.07568359375,0.8896484375,3.90625,-3.41796875,62.68310546875,1742308770.757803
1742308770,777445416,0.0771484375,0.00634765625,1.1845703125,4.69970703125,5.9814453125,62.01171875,1742308770.7774453
1742308770,797441739,0.03662109375,0.00439453125,1.04443359375,8.36181640625,-0.30517578125,65.0634765625,1742308770.7974417
1742308770,817373965,0.1552734375,0.08544921875,0.8232421875,-2.38037109375,3.173828125,62.98828125,1742308770.817374
1742308770,837679191,0.02587890625,0.09228515625,0.90673828125,-6.04248046875,-1.64794921875,63.17138671875,1742308770.8376791
1742308770,857397268,0.083984375,0.05419921875,1.02099609375,-1.28173828125,4.94384765625,62.6220703125,1742308770.8573973
1742308770,877330389,0.07763671875,0.08837890625,0.89404296875,2.62451171875,-0.9765625,62.255859375,1742308770.8773303
1742308770,897297048,0.1201171875,0.1484375,0.87451171875,6.591796875,-0.244140625,57.7392578125,1742308770.8972971
1742308770,917329436,0.10595703125,0.208984375,0.89990234375,-2.13623046875,2.197265625,57.12890625,1742308770.9173295
1742308770,937358271,0.0927734375,0.109375,1.080078125,-6.40869140625,7.62939453125,62.3779296875,1742308770.9373584
1742308770,957401860,0.0654296875,0.07275390625,1.02734375,1.708984375,12.8173828125,65.3076171875,1742308770.9574018
1742308770,977268356,0.111328125,0.12646484375,0.8232421875,-1.708984375,6.77490234375,63.17138671875,1742308770.9772685
1742308770,997341257,0.091796875,0.14990234375,0.8623046875,-1.953125,3.72314453125,60.48583984375,1742308770.9973412
1742308771,17118082,0.07275390625,0.12451171875,0.89697265625,3.662109375,2.0751953125,60.97412109375,1742308771.017118
1742308771,37375011,0.041015625,0.13330078125,0.8974609375,1.40380859375,4.33349609375,60.302734375,1742308771.037375
1742308771,57496322,0.0185546875,0.13427734375,0.99755859375,0.48828125,1.8310546875,60.6689453125,1742308771.0574963
1742308771,77355931,0.052734375,0.2275390625,1.03759765625,4.57763671875,2.685546875,56.82373046875,1742308771.0773559
1742308771,97165907,0.15283203125,0.24853515625,0.87646484375,-2.25830078125,3.5400390625,58.65478515625,1742308771.0971658
1742308771,117313330,0.17822265625,0.10205078125,0.68798828125,-4.5166015625,0.79345703125,57.06787109375,1742308771.1173134
1742308771,137479345,0.10595703125,0.03759765625,0.7001953125,1.15966796875,1.46484375,56.33544921875,1742308771.1374793
1742308771,157375083,-0.0205078125,0.0712890625,0.93701171875,-0.8544921875,-3.11279296875,59.4482421875,1742308771.157375
1742308771,177607756,-0.01513671875,0.07373046875,1.26708984375,-0.54931640625,1.52587890625,65.00244140625,1742308771.1776078
1742308771,197608584,-0.0009765625,0.06689453125,1.197265625,4.45556640625,2.86865234375,65.36865234375,1742308771.1976085
1742308771,217597412,0.0263671875,0.03515625,1.0810546875,5.4931640625,0.91552734375,65.4296875,1742308771.2175975
1742308771,237410204,0.2080078125,0.0244140625,1.0673828125,10.1318359375,5.43212890625,58.9599609375,1742308771.2374103
1742308771,257935299,0.05322265625,0.07470703125,1.1025390625,-0.244140625,8.6669921875,56.21337890625,1742308771.2579353
1742308771,277261392,-0.01708984375,0.08740234375,1.02197265625,-10.009765625,2.0751953125,61.21826171875,1742308771.2772615
1742308771,297170058,0.05908203125,-0.01025390625,1.00244140625,-0.06103515625,4.94384765625,62.5,1742308771.2971702
1742308771,317155206,0.1396484375,0.0,1.0146484375,9.8876953125,3.5400390625,60.24169921875,1742308771.3171551
1742308771,337371367,0.02685546875,0.03564453125,0.9765625,5.7373046875,3.35693359375,61.03515625,1742308771.3373713
1742308771,357447652,0.0048828125,-0.03515625,0.978515625,-4.150390625,-0.48828125,65.12451171875,1742308771.3574476
1742308771,377147194,0.11865234375,-0.02294921875,0.8662109375,-5.2490234375,1.0986328125,62.8662109375,1742308771.3771472
1742308771,397207351,0.11279296875,0.0673828125,0.93408203125,4.5166015625,6.28662109375,59.2041015625,1742308771.3972073
1742308771,417857537,0.09619140625,0.12890625,1.0107421875,-1.220703125,5.0048828125,54.6875,1742308771.4178576
1742308771,437398643,-0.02392578125,0.103515625,1.2216796875,1.0986328125,8.1787109375,54.19921875,1742308771.4373987
1742308771,457332302,-0.07421875,0.09619140625,1.0498046875,3.84521484375,5.2490234375,52.734375,1742308771.4573324
1742308771,477537486,-0.0078125,0.08935546875,1.07373046875,7.62939453125,-3.41796875,48.40087890625,1742308771.4775374
1742308771,497187042,0.142578125,0.13818359375,1.1005859375,5.18798828125,7.01904296875,42.90771484375,1742308771.4971871
1742308771,517372099,-0.13525390625,0.08251953125,1.0810546875,1.3427734375,4.638671875,42.1142578125,1742308771.5173721
1742308771,537464481,0.0126953125,0.03759765625,0.970703125,3.11279296875,-3.23486328125,38.26904296875,1742308771.5374644
1742308771,557282328,0.04443359375,0.05908203125,0.8505859375,-4.33349609375,2.197265625,34.72900390625,1742308771.5572822
1742308771,577195859,0.14453125,-0.0009765625,0.876953125,-2.74658203125,1.0986328125,29.296875,1742308771.577196
1742308771,597390995,0.00341796875,-0.01220703125,1.1298828125,-1.953125,8.9111328125,24.90234375,1742308771.597391
1742308771,617450640,-0.056640625,-0.03857421875,1.13525390625,2.685546875,3.90625,24.4140625,1742308771.6174507
1742308771,637284168,-0.06298828125,-0.0224609375,1.11083984375,1.52587890625,4.638671875,24.23095703125,1742308771.6372843
1742308771,657360070,-0.03271484375,0.0537109375,1.0517578125,-4.21142578125,6.40869140625,22.4609375,1742308771.65736
1742308771,677291872,-0.01611328125,0.04150390625,0.95751953125,-4.39453125,1.953125,16.54052734375,1742308771.6772919
1742308771,697448384,0.06787109375,0.060546875,0.8828125,-5.615234375,6.77490234375,9.94873046875,1742308771.6974485
1742308771,717283416,-0.09716796875,0.041015625,0.9189453125,-5.0048828125,-1.28173828125,5.31005859375,1742308771.7172835
1742308771,737366518,-0.1044921875,0.05029296875,0.93310546875,2.99072265625,-1.03759765625,6.89697265625,1742308771.7373664
1742308771,757431443,-0.0771484375,0.263671875,0.75244140625,1.28173828125,-6.40869140625,8.056640625,1742308771.7574315
1742308771,777292332,0.0908203125,0.08203125,0.8935546875,-3.90625,3.47900390625,6.2255859375,1742308771.7772923
1742308771,797258440,0.0849609375,0.00732421875,0.95263671875,4.21142578125,1.5869140625,1.64794921875,1742308771.7972584
1742308771,817342949,-0.01171875,0.08544921875,0.75,-0.42724609375,2.8076171875,2.8076171875,1742308771.817343
1742308771,837370594,-0.00732421875,0.14794921875,0.83740234375,-6.591796875,-4.82177734375,3.84521484375,1742308771.8373706
1742308771,857506657,0.01953125,0.095703125,0.99462890625,-1.953125,-0.42724609375,2.3193359375,1742308771.8575068
1742308771,877423323,-0.04736328125,0.10986328125,0.998046875,-0.48828125,1.64794921875,0.67138671875,1742308771.8774233
1742308771,897330965,-0.05029296875,0.1474609375,0.9599609375,-3.7841796875,0.18310546875,-2.9296875,1742308771.897331
1742308771,917205806,-0.044921875,0.1259765625,1.0361328125,1.52587890625,-3.35693359375,-3.662109375,1742308771.9172058
1742308771,937681365,-0.083984375,0.052734375,1.04150390625,2.3193359375,-0.8544921875,-3.72314453125,1742308771.9376814
1742308771,957377546,0.00439453125,0.05029296875,1.01611328125,-0.30517578125,9.58251953125,-4.57763671875,1742308771.9573774
1742308771,977227491,-0.12548828125,0.04541015625,1.0732421875,-2.13623046875,-4.5166015625,-3.96728515625,1742308771.9772274
1742308771,997321697,0.0576171875,0.06298828125,1.00390625,6.4697265625,4.150390625,-3.0517578125,1742308771.9973216
1742308772,17415578,0.02490234375,0.17333984375,0.7431640625,6.28662109375,3.60107421875,-5.4931640625,1742308772.0174155
1742308772,37464208,0.0224609375,0.201171875,0.734375,-6.103515625,0.06103515625,-6.77490234375,1742308772.0374641
1742308772,57461349,-0.048828125,0.0791015625,0.92919921875,-4.45556640625,1.220703125,-6.9580078125,1742308772.0574613
1742308772,77317750,-0.068359375,0.0810546875,1.00830078125,-1.8310546875,2.38037109375,-6.40869140625,1742308772.0773177
1742308772,97261450,-0.0888671875,0.05859375,1.06689453125,0.30517578125,-3.11279296875,-6.40869140625,1742308772.0972614
1742308772,117350817,-0.1064453125,0.04443359375,1.07373046875,4.94384765625,-1.03759765625,-5.615234375,1742308772.1173508
1742308772,137434552,-0.11865234375,0.1298828125,0.9716796875,7.9345703125,-3.2958984375,-2.9296875,1742308772.1374345
1742308772,157365035,0.02734375,0.03173828125,1.03759765625,6.40869140625,3.47900390625,-5.2490234375,1742308772.157365
1742308772,177299423,-0.04833984375,0.03759765625,1.04931640625,4.2724609375,3.84521484375,-7.75146484375,1742308772.1772995
1742308772,197279860,-0.07666015625,0.0703125,1.18994140625,4.39453125,0.54931640625,-5.615234375,1742308772.19728
1742308772,217297609,-0.08056640625,0.02197265625,1.09423828125,6.53076171875,-4.94384765625,-3.5400390625,1742308772.2172976
1742308772,237397824,-0.10693359375,0.00048828125,0.986328125,-0.06103515625,-2.9296875,-2.9296875,1742308772.237398
1742308772,257950561,-0.00244140625,0.05029296875,0.98828125,-1.46484375,-5.37109375,-4.69970703125,1742308772.2579505
1742308772,277401674,-0.005859375,0.0791015625,1.03759765625,1.220703125,-0.79345703125,-6.53076171875,1742308772.2774017
1742308772,297332478,0.044921875,0.0771484375,0.876953125,-4.638671875,2.13623046875,-5.126953125,1742308772.2973325
1742308772,317496790,-0.00634765625,0.0908203125,0.853515625,-0.3662109375,-0.18310546875,-6.28662109375,1742308772.3174968
1742308772,337365576,0.01611328125,0.21533203125,0.81689453125,2.8076171875,-2.3193359375,-7.50732421875,1742308772.3373656
1742308772,357400830,-0.103515625,0.12451171875,0.93896484375,-1.0986328125,5.2490234375,-7.14111328125,1742308772.357401
1742308772,377332338,-0.0654296875,-0.00927734375,1.03955078125,3.41796875,0.6103515625,-5.9814453125,1742308772.3773324
1742308772,397289350,-0.0703125,0.02490234375,0.927734375,3.23486328125,-0.9765625,-6.77490234375,1742308772.3972893
1742308772,417703364,-0.0400390625,0.08935546875,0.86328125,-1.03759765625,2.8076171875,-7.87353515625,1742308772.4177034
1742308772,437346769,-0.06005859375,0.1044921875,1.03857421875,-6.65283203125,1.64794921875,-5.859375,1742308772.4373467
1742308772,457314085,-0.130859375,0.080078125,1.125,-4.69970703125,-1.64794921875,-4.2724609375,1742308772.457314
1742308772,477630465,-0.0576171875,0.037109375,1.2373046875,9.21630859375,-4.08935546875,-3.23486328125,1742308772.4776304
1742308772,497604629,-0.056640625,-0.00146484375,0.90283203125,4.82177734375,-0.79345703125,-3.0517578125,1742308772.4976046
1742308772,517282147,-0.025390625,0.01904296875,0.970703125,-5.0048828125,1.3427734375,-3.72314453125,1742308772.5172822
1742308772,537430075,-0.00537109375,0.03515625,1.06298828125,2.99072265625,0.9765625,-4.8828125,1742308772.53743
1742308772,557334158,0.0146484375,0.13916015625,0.92919921875,2.50244140625,3.2958984375,-5.7373046875,1742308772.5573342
1742308772,577247297,-0.099609375,0.18212890625,0.9345703125,-3.90625,-1.220703125,-6.04248046875,1742308772.5772474
1742308772,597275927,-0.11181640625,0.09228515625,1.0009765625,0.42724609375,-6.4697265625,-3.2958984375,1742308772.597276
1742308772,617183338,-0.107421875,0.064453125,0.93603515625,0.9765625,-1.0986328125,-2.25830078125,1742308772.6171834
1742308772,637445349,-0.03076171875,0.03662109375,1.013671875,-0.79345703125,-2.99072265625,-3.41796875,1742308772.6374454
1742308772,657632030,-0.00634765625,0.06103515625,0.9296875,-0.67138671875,1.52587890625,-3.11279296875,1742308772.657632
1742308772,677267371,-0.00048828125,0.19677734375,0.791015625,-5.126953125,-1.8310546875,-3.173828125,1742308772.6772673
1742308772,692397109,0.01123046875,0.14111328125,0.84912109375,-3.35693359375,-0.67138671875,-3.7841796875,1742308772.692397
1742308772,717691358,0.01953125,0.1201171875,1.02197265625,5.79833984375,-0.06103515625,-5.31005859375,1742308772.7176914
1742308772,737323947,-0.0517578125,0.10498046875,1.0322265625,2.13623046875,2.62451171875,-4.94384765625,1742308772.737324
1742308772,757446563,-0.06494140625,0.076171875,0.95751953125,0.91552734375,4.638671875,-1.953125,1742308772.7574465
1742308772,777212402,-0.03564453125,0.1201171875,0.9326171875,2.44140625,3.662109375,-2.99072265625,1742308772.7772124
1742308772,797268905,-0.0751953125,0.05224609375,1.0166015625,1.89208984375,3.662109375,-3.11279296875,1742308772.7972689
1742308772,817374016,-0.10986328125,0.07666015625,1.05029296875,2.50244140625,-1.64794921875,-2.685546875,1742308772.817374
1742308772,837721661,-0.12451171875,0.0556640625,1.0517578125,-0.244140625,-4.7607421875,-0.79345703125,1742308772.8377216
1742308772,852419006,-0.02587890625,0.01904296875,0.9287109375,2.9296875,-3.0517578125,1.0986328125,1742308772.852419
1742308772,877308541,-0.02685546875,0.06689453125,0.82666015625,0.30517578125,-2.50244140625,1.708984375,1742308772.8773086
1742308772,897359220,0.06298828125,-0.01708984375,1.04931640625,0.42724609375,-0.3662109375,0.48828125,1742308772.8973591
1742308772,917556141,0.02587890625,0.0185546875,0.98974609375,3.173828125,-0.1220703125,-1.28173828125,1742308772.917556
1742308772,937447647,-0.09033203125,0.1611328125,0.89306640625,-3.84521484375,2.0751953125,0.732421875,1742308772.9374475
1742308772,952296836,-0.11865234375,0.0927734375,0.94873046875,-7.01904296875,-5.92041015625,2.01416015625,1742308772.9522967
1742308772,977453258,-0.03515625,0.048828125,1.03466796875,0.0,-1.15966796875,2.44140625,1742308772.9774532
1742308772,997356636,0.0380859375,0.0751953125,0.9501953125,-0.91552734375,-0.6103515625,0.91552734375,1742308772.9973567
1742308773,17535600,0.06201171875,0.10986328125,1.056640625,-1.5869140625,0.48828125,0.06103515625,1742308773.0175357
1742308773,37505470,-0.080078125,0.11181640625,0.99658203125,-1.52587890625,5.7373046875,1.64794921875,1742308773.0375054
1742308773,57566829,-0.0361328125,0.08740234375,0.9443359375,-3.0517578125,3.7841796875,2.62451171875,1742308773.057567
1742308773,77369815,-0.0322265625,0.07763671875,1.01416015625,3.5400390625,-2.5634765625,0.3662109375,1742308773.07737
1742308773,97296708,-0.03759765625,0.08642578125,1.05126953125,5.31005859375,3.60107421875,0.244140625,1742308773.0972967
1742308773,117488182,-0.02880859375,0.05517578125,0.9990234375,0.3662109375,3.96728515625,2.38037109375,1742308773.1174881
1742308773,137430851,-0.0986328125,0.0517578125,0.9775390625,0.91552734375,0.48828125,4.94384765625,1742308773.137431
1742308773,157541396,-0.00390625,0.0869140625,0.86669921875,-3.0517578125,1.64794921875,4.150390625,1742308773.1575415
1742308773,177230075,-0.07080078125,0.052734375,0.98779296875,-6.2255859375,-1.46484375,3.23486328125,1742308773.1772301
1742308773,197376205,-0.04345703125,0.05859375,1.09326171875,-1.5869140625,-1.77001953125,7.75146484375,1742308773.1973763
1742308773,217354170,-0.0205078125,0.05517578125,1.07177734375,-0.732421875,-2.74658203125,11.29150390625,1742308773.217354
1742308773,237480555,-0.01904296875,0.06005859375,0.87548828125,-1.46484375,0.30517578125,13.61083984375,1742308773.2374806
1742308773,252405964,-0.00634765625,0.1181640625,0.88037109375,-0.6103515625,-2.44140625,14.58740234375,1742308773.252406
1742308773,277331077,0.05810546875,0.1103515625,0.96826171875,2.01416015625,2.25830078125,14.2822265625,1742308773.277331
1742308773,297341555,-0.005859375,0.08837890625,0.96533203125,0.3662109375,-2.197265625,15.9912109375,1742308773.2973416
1742308773,312615100,-0.03271484375,0.05712890625,0.9921875,-3.7841796875,-1.220703125,18.6767578125,1742308773.3126152
1742308773,337476754,0.029296875,0.05419921875,1.01611328125,-1.3427734375,-4.69970703125,20.01953125,1742308773.3374767
1742308773,357286972,0.05859375,0.04638671875,1.02392578125,-1.89208984375,3.173828125,19.59228515625,1742308773.357287
1742308773,377476591,0.0458984375,0.1376953125,0.9013671875,-2.685546875,1.8310546875,18.61572265625,1742308773.3774767
1742308773,397269561,0.02587890625,0.0849609375,1.03955078125,-1.52587890625,2.01416015625,19.775390625,1742308773.3972695
1742308773,417366153,-0.0224609375,0.0517578125,1.041015625,1.708984375,2.5634765625,20.08056640625,1742308773.4173663
1742308773,437319286,0.00048828125,-0.00390625,0.93505859375,4.69970703125,-2.13623046875,19.22607421875,1742308773.4373193
1742308773,457309508,0.0087890625,0.08251953125,0.943359375,-1.708984375,3.72314453125,17.578125,1742308773.4573095
1742308773,477297042,-0.0244140625,0.0693359375,1.16650390625,-0.3662109375,-0.3662109375,20.32470703125,1742308773.477297
1742308773,497322081,-0.0185546875,0.06494140625,0.93994140625,6.7138671875,2.8076171875,23.8037109375,1742308773.497322
1742308773,517432081,0.02978515625,0.06201171875,0.7587890625,-1.03759765625,0.48828125,25.87890625,1742308773.517432
1742308773,537465472,-0.0126953125,0.0712890625,0.94482421875,-3.72314453125,6.34765625,27.099609375,1742308773.5374656
1742308773,557496271,-0.0712890625,0.048828125,1.0615234375,1.64794921875,-1.708984375,29.72412109375,1742308773.5574963
1742308773,577351258,0.01904296875,0.10595703125,1.0,1.15966796875,0.244140625,31.982421875,1742308773.5773513
1742308773,597389161,0.0263671875,0.1171875,1.03662109375,0.91552734375,-0.732421875,31.18896484375,1742308773.5973892
1742308773,617406392,0.017578125,0.046875,1.24462890625,10.6201171875,7.14111328125,29.9072265625,1742308773.6174064
1742308773,637327972,-0.09326171875,0.05810546875,0.8408203125,11.1083984375,-2.25830078125,32.04345703125,1742308773.637328
1742308773,652533963,0.0078125,0.0986328125,0.7578125,-4.0283203125,-3.35693359375,32.40966796875,1742308773.652534
1742308773,677612263,0.00634765625,0.00634765625,0.9970703125,-2.197265625,-1.953125,31.18896484375,1742308773.6776123
1742308773,697383760,0.02490234375,0.03857421875,1.04296875,5.06591796875,1.953125,32.3486328125,1742308773.6973836
1742308773,717499681,-0.0322265625,0.0927734375,0.95458984375,3.5400390625,-0.67138671875,34.97314453125,1742308773.7174997
1742308773,737556368,0.08984375,0.16845703125,0.89697265625,-4.45556640625,0.1220703125,34.72900390625,1742308773.7375565
1742308773,757291609,0.07568359375,0.11669921875,1.013671875,-2.3193359375,5.0048828125,33.935546875,1742308773.7572916
1742308773,777434474,-0.0224609375,0.0693359375,0.99560546875,2.99072265625,-2.5634765625,35.58349609375,1742308773.7774346
1742308773,797300853,0.03662109375,0.142578125,0.921875,-2.74658203125,5.43212890625,35.7666015625,1742308773.7973008
1742308773,817490056,0.02392578125,0.05810546875,1.0146484375,0.732421875,3.60107421875,36.4990234375,1742308773.81749
1742308773,832674542,0.060546875,0.1611328125,0.951171875,6.65283203125,0.9765625,34.423828125,1742308773.8326745
1742308773,857509028,0.0185546875,0.19677734375,0.79736328125,-0.42724609375,1.708984375,33.5693359375,1742308773.8575091
1742308773,872432901,0.02392578125,0.07421875,0.98193359375,-6.591796875,1.8310546875,35.46142578125,1742308773.872433
1742308773,897587971,0.01904296875,0.02783203125,0.9619140625,1.15966796875,0.9765625,38.818359375,1742308773.897588
1742308773,917421069,0.013671875,0.04833984375,0.8359375,-0.67138671875,0.244140625,38.57421875,1742308773.917421
1742308773,937358810,-0.0078125,0.16162109375,0.8271484375,-6.34765625,0.732421875,39.306640625,1742308773.9373589
1742308773,957278086,0.0947265625,0.10107421875,1.001953125,1.64794921875,6.16455078125,37.17041015625,1742308773.957278
1742308773,977275541,0.06640625,0.1328125,0.81689453125,4.150390625,-2.44140625,35.46142578125,1742308773.9772756
1742308773,997266403,0.05419921875,0.06689453125,0.93798828125,-3.5400390625,-1.5869140625,36.62109375,1742308773.9972663
1742308774,17227915,-0.08935546875,0.025390625,1.1533203125,0.54931640625,0.54931640625,38.0859375,1742308774.017228
1742308774,37454456,-0.06884765625,0.04296875,1.1416015625,9.521484375,-3.41796875,42.1142578125,1742308774.0374544
1742308774,57460640,-0.02294921875,0.01513671875,1.0537109375,5.9814453125,1.64794921875,42.29736328125,1742308774.0574605
1742308774,77554761,0.126953125,0.037109375,1.0712890625,-1.28173828125,2.74658203125,41.1376953125,1742308774.0775547
1742308774,97444334,0.06982421875,0.05615234375,1.025390625,-0.732421875,3.23486328125,43.8232421875,1742308774.0974443
1742308774,117359348,0.1015625,0.0419921875,0.92529296875,2.62451171875,3.5400390625,43.8232421875,1742308774.1173594
1742308774,137289274,0.13037109375,0.09912109375,0.88818359375,-2.25830078125,5.37109375,41.6259765625,1742308774.1372893
1742308774,157240993,0.0244140625,0.16162109375,0.95556640625,-5.67626953125,1.5869140625,42.66357421875,1742308774.157241
1742308774,177642193,0.05810546875,0.14599609375,1.03759765625,0.91552734375,5.0048828125,43.27392578125,1742308774.177642
1742308774,197756187,0.0927734375,0.0986328125,0.802734375,1.52587890625,2.86865234375,40.52734375,1742308774.1977563
1742308774,217519038,0.03466796875,0.03271484375,0.81884765625,-5.859375,0.732421875,41.015625,1742308774.217519
1742308774,237776939,0.0087890625,0.08447265625,0.91845703125,-6.8359375,2.8076171875,42.724609375,1742308774.237777
1742308774,257376362,0.04345703125,0.123046875,0.984375,-1.89208984375,0.6103515625,43.39599609375,1742308774.2573764
1742308774,277292912,0.04296875,0.11474609375,0.82568359375,-1.15966796875,-0.3662109375,41.748046875,1742308774.277293
1742308774,297542589,0.0419921875,0.05029296875,1.119140625,4.150390625,2.9296875,40.34423828125,1742308774.2975426
1742308774,317452771,-0.04638671875,0.09619140625,0.9931640625,6.65283203125,1.708984375,39.794921875,1742308774.3174527
1742308774,337302983,-0.0458984375,0.103515625,1.01123046875,-1.77001953125,-1.03759765625,41.3818359375,1742308774.337303
1742308774,358384582,-0.0205078125,-0.00732421875,0.9990234375,-3.72314453125,-4.8828125,42.1142578125,1742308774.3583846
1742308774,377285654,0.06298828125,0.048828125,1.03564453125,-0.30517578125,2.9296875,40.8935546875,1742308774.3772857
1742308774,397317758,0.0283203125,0.09814453125,1.052734375,3.0517578125,-2.685546875,41.93115234375,1742308774.3973176
1742308774,417414568,0.03564453125,0.14013671875,1.08837890625,1.3427734375,2.44140625,40.1611328125,1742308774.4174147
1742308774,437273453,0.0029296875,0.04931640625,1.13525390625,4.5166015625,4.69970703125,39.48974609375,1742308774.4372735
1742308774,457332502,-0.0283203125,0.03515625,0.99609375,10.07080078125,2.25830078125,41.015625,1742308774.4573326
1742308774,477376702,0.04736328125,0.15771484375,0.8857421875,-0.42724609375,6.7138671875,42.3583984375,1742308774.4773767
1742308774,497623979,0.02734375,0.12939453125,1.10107421875,1.03759765625,0.18310546875,41.8701171875,1742308774.497624
1742308774,517458447,0.07666015625,-0.02001953125,1.125,9.27734375,4.33349609375,40.0390625,1742308774.5174584
1742308774,537281811,0.02880859375,0.0390625,0.994140625,5.18798828125,5.31005859375,43.88427734375,1742308774.5372818
1742308774,557315612,-0.03662109375,0.04736328125,1.00048828125,-1.64794921875,2.3193359375,46.9970703125,1742308774.5573156
1742308774,577409701,0.091796875,-0.0234375,1.09521484375,-1.708984375,1.3427734375,45.95947265625,1742308774.5774097
1742308774,597912856,0.04296875,0.04638671875,1.13427734375,3.11279296875,4.69970703125,45.2880859375,1742308774.5979128
1742308774,617603161,-0.08349609375,0.12060546875,0.9912109375,-5.37109375,2.62451171875,46.32568359375,1742308774.617603
1742308774,637399484,0.06396484375,0.04052734375,1.02197265625,1.89208984375,3.84521484375,45.47119140625,1742308774.6373994
1742308774,657241728,0.029296875,0.09130859375,0.728515625,3.96728515625,4.94384765625,36.31591796875,1742308774.6572418
1742308774,677283913,0.0537109375,0.18896484375,0.80322265625,-2.86865234375,-3.2958984375,32.40966796875,1742308774.677284
1742308774,697417555,0.01611328125,0.12353515625,1.04541015625,0.1220703125,0.42724609375,30.6396484375,1742308774.6974175
1742308774,717465852,-0.048828125,0.05712890625,1.04150390625,5.55419921875,-5.55419921875,31.92138671875,1742308774.7174659
1742308774,737568102,0.01318359375,0.07470703125,0.91064453125,1.953125,-3.662109375,35.0341796875,1742308774.7375681
1742308774,757295784,0.08056640625,0.15673828125,0.89697265625,1.03759765625,1.708984375,40.34423828125,1742308774.7572958
1742308774,777306479,0.18896484375,0.19775390625,0.82666015625,1.708984375,8.056640625,41.56494140625,1742308774.7773066
1742308774,797333560,0.0166015625,0.10791015625,0.89404296875,-3.35693359375,0.79345703125,40.771484375,1742308774.7973335
1742308774,817635366,0.10302734375,0.08447265625,1.05615234375,-2.8076171875,7.26318359375,39.36767578125,1742308774.8176353
1742308774,837428521,-0.06787109375,-0.0185546875,1.080078125,2.13623046875,1.52587890625,41.50390625,1742308774.8374286
1742308774,857299854,0.0869140625,0.02001953125,0.89501953125,4.33349609375,8.1787109375,42.6025390625,1742308774.8572998
1742308774,877575803,-0.09033203125,0.09619140625,0.9794921875,4.08935546875,-5.126953125,43.39599609375,1742308774.8775759
1742308774,897478657,0.14599609375,0.1337890625,0.91259765625,-0.8544921875,4.69970703125,42.41943359375,1742308774.8974786
1742308774,917399335,-0.07177734375,0.060546875,0.98486328125,-4.21142578125,1.77001953125,43.701171875,1742308774.9173994
1742308774,937324429,-0.005859375,0.04150390625,1.21630859375,6.34765625,6.9580078125,44.98291015625,1742308774.9373245
1742308774,957308596,-0.0498046875,0.064453125,0.9990234375,0.67138671875,0.244140625,44.7998046875,1742308774.9573085
1742308774,977315676,0.00537109375,-0.03466796875,1.16943359375,-0.9765625,-0.244140625,45.34912109375,1742308774.9773157
1742308774,997397734,0.01318359375,0.0478515625,1.03271484375,4.33349609375,2.3193359375,44.3115234375,1742308774.9973977
1742308775,19180590,0.0224609375,0.08447265625,1.0263671875,-0.30517578125,-1.0986328125,42.90771484375,1742308775.0191805
1742308775,37274023,-0.00634765625,-0.04541015625,1.1748046875,1.220703125,0.3662109375,45.34912109375,1742308775.0372741
1742308775,57313769,0.01025390625,0.0205078125,1.18359375,5.18798828125,3.5400390625,48.4619140625,1742308775.0573137
1742308775,77366636,0.0185546875,0.11767578125,1.0029296875,-0.732421875,-2.38037109375,46.5087890625,1742308775.0773666
1742308775,97450447,0.11865234375,0.1005859375,0.97802734375,-1.0986328125,-0.48828125,44.49462890625,1742308775.0974505
1742308775,117511313,0.0703125,0.0322265625,1.0869140625,3.84521484375,8.7890625,42.8466796875,1742308775.1175113
1742308775,137370224,-0.017578125,-0.0185546875,1.11181640625,6.89697265625,1.77001953125,42.66357421875,1742308775.13737
1742308775,157622038,0.0146484375,0.0576171875,0.9658203125,0.42724609375,6.53076171875,39.61181640625,1742308775.157622
1742308775,177299313,0.0126953125,-0.00048828125,1.06640625,0.91552734375,4.638671875,36.68212890625,1742308775.1772993
1742308775,197364179,0.02001953125,0.06884765625,1.01708984375,-1.03759765625,5.31005859375,33.3251953125,1742308775.197364
1742308775,217392597,-0.01416015625,0.0927734375,0.93994140625,-7.75146484375,4.638671875,32.470703125,1742308775.2173927
1742308775,237421975,-0.0595703125,0.02294921875,0.93994140625,-2.9296875,0.30517578125,32.40966796875,1742308775.237422
1742308775,257666334,0.08056640625,0.05908203125,0.94091796875,1.89208984375,3.7841796875,30.82275390625,1742308775.2576663
1742308775,277327000,-0.03125,0.0478515625,0.92822265625,2.38037109375,-0.48828125,28.13720703125,1742308775.277327
1742308775,297532861,0.04150390625,0.15576171875,0.7490234375,-7.080078125,0.54931640625,28.4423828125,1742308775.2975328
1742308775,317478078,-0.009765625,0.15087890625,0.95654296875,-3.35693359375,3.2958984375,26.7333984375,1742308775.3174782
1742308775,337483839,0.09423828125,0.1318359375,0.8525390625,4.39453125,-0.48828125,23.193359375,1742308775.337484
1742308775,357412575,0.021484375,0.197265625,0.77587890625,-1.5869140625,3.72314453125,22.8271484375,1742308775.3574126
1742308775,377385215,-0.0712890625,0.1650390625,0.8984375,-7.9345703125,0.6103515625,27.64892578125,1742308775.3773851
1742308775,397475683,-0.0146484375,0.0625,0.97900390625,0.67138671875,-8.30078125,29.23583984375,1742308775.3974757
1742308775,417494756,0.044921875,0.0810546875,1.0341796875,2.01416015625,1.3427734375,26.67236328125,1742308775.4174948
1742308775,437457893,0.04150390625,0.1044921875,0.97900390625,-2.13623046875,-2.197265625,26.0009765625,1742308775.4374578
1742308775,457426693,0.04541015625,0.05224609375,1.171875,-1.52587890625,1.89208984375,26.611328125,1742308775.4574268
1742308775,477401510,0.01953125,-0.03173828125,0.9716796875,0.732421875,6.89697265625,27.16064453125,1742308775.4774015
1742308775,497635340,0.02490234375,0.01513671875,0.9306640625,1.708984375,-0.3662109375,25.45166015625,1742308775.4976354
1742308775,517574956,0.0126953125,0.02197265625,1.0517578125,-5.79833984375,8.056640625,23.49853515625,1742308775.517575
1742308775,537415882,0.06640625,-0.052734375,1.28076171875,6.8359375,5.0048828125,24.5361328125,1742308775.537416
1742308775,557397771,-0.0888671875,0.07568359375,0.95458984375,5.92041015625,3.11279296875,25.146484375,1742308775.5573978
1742308775,577403949,-0.04296875,0.10986328125,0.8466796875,-5.92041015625,5.0048828125,26.7333984375,1742308775.577404
1742308775,597503344,-0.080078125,0.06201171875,0.9736328125,-9.70458984375,-1.3427734375,25.20751953125,1742308775.5975034
1742308775,612635404,-0.01416015625,0.02734375,0.96875,-5.126953125,2.0751953125,22.15576171875,1742308775.6126354
1742308775,637333679,-0.02392578125,0.02734375,0.96630859375,-2.8076171875,-4.8828125,18.798828125,1742308775.6373336
1742308775,657352561,0.0322265625,0.05419921875,1.06103515625,3.47900390625,0.67138671875,18.98193359375,1742308775.6573524
1742308775,677370386,-0.03564453125,0.10693359375,0.84765625,8.056640625,-0.30517578125,23.193359375,1742308775.6773703
1742308775,697423029,-0.0361328125,0.1669921875,0.68505859375,-2.99072265625,-5.67626953125,26.30615234375,1742308775.697423
1742308775,717392822,0.1474609375,0.06787109375,0.87939453125,0.42724609375,-3.60107421875,24.0478515625,1742308775.717393
1742308775,737389591,0.052734375,0.16357421875,0.80615234375,3.90625,2.25830078125,21.1181640625,1742308775.7373896
1742308775,757361623,-0.00537109375,0.17724609375,0.88037109375,1.28173828125,-2.99072265625,23.3154296875,1742308775.7573617
1742308775,772406769,0.02294921875,0.0810546875,1.0234375,5.18798828125,-1.52587890625,25.2685546875,1742308775.7724068
1742308775,797695873,0.1025390625,0.09619140625,1.04443359375,10.43701171875,3.60107421875,25.45166015625,1742308775.7976959
1742308775,817456861,0.00390625,0.0693359375,0.96484375,-1.89208984375,3.7841796875,26.55029296875,1742308775.817457
1742308775,837457983,0.0380859375,-0.009765625,0.9677734375,-6.16455078125,5.2490234375,29.23583984375,1742308775.837458
1742308775,857419231,-0.015625,0.03662109375,0.91748046875,9.3994140625,1.5869140625,30.6396484375,1742308775.8574193
1742308775,877445249,0.06640625,0.15625,0.923828125,4.08935546875,5.06591796875,29.11376953125,1742308775.8774452
1742308775,897581669,0.0439453125,0.087890625,1.11865234375,-0.3662109375,2.25830078125,29.4189453125,1742308775.8975816
1742308775,917631015,0.0458984375,0.025390625,1.12255859375,7.38525390625,3.2958984375,27.83203125,1742308775.917631
1742308775,937442917,-0.1259765625,0.0029296875,1.0380859375,6.4697265625,4.33349609375,28.62548828125,1742308775.937443
1742308775,957769325,-0.0224609375,0.03125,1.001953125,2.99072265625,5.18798828125,31.43310546875,1742308775.9577694
1742308775,977463048,-0.02294921875,0.05908203125,1.04296875,2.5634765625,2.74658203125,33.38623046875,1742308775.977463
1742308775,997538219,-0.0361328125,0.08056640625,0.95556640625,1.40380859375,-4.7607421875,33.3251953125,1742308775.9975383
1742308776,17590856,0.1044921875,0.16015625,1.0107421875,2.86865234375,7.01904296875,29.541015625,1742308776.0175908
1742308776,37347455,-0.0712890625,0.10107421875,1.02490234375,7.87353515625,-2.44140625,29.78515625,1742308776.0373476
1742308776,57445724,-0.0126953125,0.08544921875,0.8271484375,0.6103515625,-2.8076171875,31.005859375,1742308776.0574458
1742308776,77371317,-0.04443359375,0.03759765625,1.0068359375,2.685546875,-5.2490234375,31.92138671875,1742308776.0773714
1742308776,97395825,-0.01611328125,0.11083984375,1.04052734375,2.197265625,-6.77490234375,34.72900390625,1742308776.097396
1742308776,117547407,-0.04248046875,0.01904296875,1.025390625,2.0751953125,-0.9765625,35.64453125,1742308776.1175475
1742308776,137393735,0.0986328125,0.01123046875,0.94091796875,-2.685546875,0.67138671875,36.31591796875,1742308776.1373937
1742308776,157374978,0.115234375,0.1025390625,1.05615234375,-0.244140625,5.9814453125,37.59765625,1742308776.1573749
1742308776,177336508,0.06591796875,0.1279296875,0.9833984375,0.06103515625,5.2490234375,41.44287109375,1742308776.1773365
1742308776,197519995,0.06494140625,0.0986328125,0.9423828125,-0.67138671875,2.86865234375,44.0673828125,1742308776.19752
1742308776,217515222,0.00927734375,0.162109375,1.080078125,-0.732421875,7.01904296875,43.15185546875,1742308776.2175152
1742308776,237436752,0.09912109375,0.087890625,1.11474609375,-1.5869140625,2.197265625,42.29736328125,1742308776.2374368
1742308776,257397450,-0.0439453125,0.01220703125,1.08544921875,2.13623046875,6.89697265625,44.3115234375,1742308776.2573974
1742308776,277341572,0.04443359375,0.04541015625,0.83935546875,-1.77001953125,3.90625,46.38671875,1742308776.2773416
1742308776,297475330,0.03955078125,0.03271484375,0.93115234375,-3.2958984375,2.8076171875,46.7529296875,1742308776.2974753
1742308776,317361627,0.10107421875,0.068359375,0.99462890625,-3.47900390625,2.25830078125,43.9453125,1742308776.3173616
1742308776,337373942,0.04248046875,0.0830078125,0.9404296875,-3.11279296875,-0.244140625,44.7998046875,1742308776.337374
1742308776,357377457,0.115234375,0.1650390625,0.95947265625,4.0283203125,5.0048828125,45.8984375,1742308776.3573775
1742308776,377330603,0.06591796875,0.15771484375,0.87548828125,4.57763671875,0.9765625,48.095703125,1742308776.3773305
1742308776,397942643,0.0400390625,0.0439453125,1.04541015625,0.30517578125,4.0283203125,50.72021484375,1742308776.3979425
1742308776,417371107,-0.03076171875,0.0849609375,0.9521484375,-3.23486328125,-1.89208984375,51.7578125,1742308776.417371
1742308776,437465888,0.08349609375,0.0810546875,1.1044921875,1.0986328125,-4.0283203125,52.55126953125,1742308776.437466
1742308776,457434042,0.017578125,0.04345703125,1.189453125,6.2255859375,2.25830078125,52.30712890625,1742308776.457434
1742308776,477342067,0.07080078125,0.07763671875,1.12451171875,4.8828125,5.67626953125,55.60302734375,1742308776.4773421
1742308776,497581523,0.06201171875,0.08154296875,0.93603515625,3.35693359375,5.615234375,58.89892578125,1742308776.4975815
1742308776,517449644,0.06396484375,0.06396484375,0.7734375,-2.99072265625,1.15966796875,56.5185546875,1742308776.5174496
1742308776,537404038,0.158203125,0.11279296875,0.78369140625,-6.9580078125,8.36181640625,54.931640625,1742308776.537404
1742308776,557422338,0.0888671875,0.169921875,0.9990234375,-2.44140625,3.41796875,55.5419921875,1742308776.5574224
1742308776,577541791,0.0908203125,0.20458984375,0.94921875,2.5634765625,7.2021484375,54.0771484375,1742308776.5775418
1742308776,597537914,0.03271484375,0.12158203125,0.81689453125,0.6103515625,0.91552734375,54.443359375,1742308776.597538
1742308776,617482452,0.0419921875,0.05712890625,0.826171875,-5.92041015625,-1.40380859375,60.302734375,1742308776.6174824
1742308776,637469711,0.11328125,0.00830078125,1.10595703125,-6.103515625,5.126953125,61.70654296875,1742308776.6374698
1742308776,657516171,0.0048828125,-0.0595703125,1.0595703125,0.732421875,-0.8544921875,62.92724609375,1742308776.6575162
1742308776,677411940,0.1220703125,0.03857421875,1.0478515625,2.13623046875,1.0986328125,60.546875,1742308776.677412
1742308776,697553954,0.07861328125,0.08447265625,1.11083984375,3.2958984375,4.0283203125,59.26513671875,1742308776.6975539
1742308776,717516957,0.08251953125,0.08544921875,0.97021484375,-0.6103515625,3.60107421875,59.5703125,1742308776.717517
1742308776,737453878,-0.00244140625,0.00537109375,1.05712890625,-0.42724609375,2.50244140625,60.72998046875,1742308776.737454
1742308776,757472050,-0.03271484375,-0.044921875,1.083984375,2.01416015625,-2.01416015625,63.41552734375,1742308776.757472
1742308776,777726642,0.044921875,0.0517578125,1.21044921875,2.44140625,4.45556640625,63.4765625,1742308776.7777267
1742308776,797555306,0.06689453125,0.06103515625,1.06396484375,0.67138671875,-1.46484375,64.02587890625,1742308776.7975552
1742308776,817537221,0.10107421875,-0.0322265625,0.9228515625,1.28173828125,0.67138671875,66.22314453125,1742308776.8175373
1742308776,837639650,0.16796875,0.0595703125,0.892578125,-0.244140625,-1.03759765625,62.1337890625,1742308776.8376396
1742308776,857400568,0.201171875,0.1689453125,1.0517578125,-2.3193359375,10.43701171875,56.640625,1742308776.8574007
1742308776,877334578,0.041015625,0.13037109375,1.01611328125,-4.150390625,7.2021484375,59.814453125,1742308776.8773346
1742308776,897588914,0.0751953125,0.05419921875,0.9228515625,3.41796875,10.07080078125,60.11962890625,1742308776.897589
1742308776,917457003,-0.0029296875,0.1865234375,0.9736328125,7.50732421875,4.5166015625,59.63134765625,1742308776.917457
1742308776,937420485,-0.03955078125,0.0615234375,1.10302734375,2.44140625,0.79345703125,61.4013671875,1742308776.9374204
1742308776,957336574,0.02490234375,0.0615234375,0.94287109375,-0.1220703125,2.86865234375,64.14794921875,1742308776.9573367
1742308776,977472636,0.095703125,0.0859375,0.90869140625,1.28173828125,2.25830078125,64.14794921875,1742308776.9774725
1742308776,997483288,0.03125,0.16015625,0.96826171875,1.28173828125,1.3427734375,63.53759765625,1742308776.9974833
1742308777,17449198,0.0341796875,0.1826171875,1.1533203125,9.521484375,2.86865234375,62.92724609375,1742308777.0174491
1742308777,37300736,0.08251953125,0.1728515625,0.80419921875,0.6103515625,-1.0986328125,60.36376953125,1742308777.0373008
1742308777,57403799,0.044921875,0.05078125,0.7880859375,-5.06591796875,-0.8544921875,62.01171875,1742308777.0574038
1742308777,77596912,0.068359375,0.05029296875,1.06005859375,1.40380859375,-1.03759765625,61.82861328125,1742308777.077597
1742308777,97546052,0.015625,0.07763671875,1.181640625,4.2724609375,5.18798828125,62.92724609375,1742308777.097546
1742308777,117427447,-0.01220703125,0.0087890625,1.22802734375,4.69970703125,0.732421875,64.0869140625,1742308777.1174273
1742308777,137284777,0.14794921875,-0.00048828125,1.10302734375,2.8076171875,2.3193359375,61.82861328125,1742308777.1372848
1742308777,157513603,0.0322265625,-0.0205078125,1.00390625,2.197265625,3.96728515625,59.9365234375,1742308777.1575136
1742308777,177461239,0.138671875,0.03369140625,1.1181640625,6.28662109375,7.38525390625,56.94580078125,1742308777.1774611
1742308777,197406667,-0.0478515625,0.04736328125,1.1962890625,4.45556640625,10.07080078125,54.74853515625,1742308777.1974068
1742308777,217415009,-0.07568359375,0.0458984375,1.27001953125,10.1318359375,5.18798828125,56.15234375,1742308777.217415
1742308777,237355253,-0.08056640625,0.07275390625,1.2236328125,11.90185546875,5.67626953125,55.11474609375,1742308777.2373552
1742308777,257437900,0.0810546875,0.06591796875,0.9599609375,1.708984375,2.197265625,52.001953125,1742308777.257438
1742308777,277486146,0.0849609375,0.02392578125,0.80517578125,-6.28662109375,4.21142578125,48.15673828125,1742308777.277486
1742308777,297508599,0.11328125,0.0009765625,0.93701171875,-2.86865234375,3.41796875,44.73876953125,1742308777.2975087
1742308777,317456459,0.09375,0.00390625,0.8740234375,4.57763671875,7.50732421875,37.9638671875,1742308777.3174565
1742308777,337297149,0.05078125,0.0322265625,0.884765625,-3.60107421875,1.77001953125,36.376953125,1742308777.3372972
1742308777,357424309,-0.09130859375,-0.03857421875,1.13427734375,-0.244140625,1.220703125,36.92626953125,1742308777.3574243
1742308777,377419274,-0.04638671875,0.0234375,0.77978515625,4.7607421875,-5.31005859375,36.865234375,1742308777.3774192
1742308777,397387263,-0.00634765625,0.1240234375,0.78271484375,-3.5400390625,1.40380859375,35.2783203125,1742308777.3973873
1742308777,417517206,-0.076171875,0.00390625,1.04833984375,-4.33349609375,-4.08935546875,36.31591796875,1742308777.4175172
1742308777,437326440,0.0009765625,-0.07373046875,1.25537109375,5.92041015625,1.64794921875,34.48486328125,1742308777.4373264
1742308777,457326013,0.0205078125,0.001953125,1.03466796875,2.99072265625,3.60107421875,30.09033203125,1742308777.457326
1742308777,477433940,-0.00830078125,0.1083984375,0.9970703125,-5.55419921875,2.197265625,28.564453125,1742308777.477434
1742308777,497482666,-0.02783203125,0.111328125,1.08349609375,-3.72314453125,4.94384765625,26.18408203125,1742308777.4974828
1742308777,517472671,-0.09423828125,0.05517578125,0.97021484375,3.84521484375,0.3662109375,25.69580078125,1742308777.5174727
1742308777,537620984,0.041015625,0.20556640625,0.90478515625,2.99072265625,0.67138671875,22.03369140625,1742308777.537621
1742308777,557414153,0.03173828125,0.09912109375,1.2119140625,0.1220703125,6.8359375,15.56396484375,1742308777.557414
1742308777,577731524,0.00244140625,0.0185546875,1.09130859375,2.86865234375,6.103515625,15.380859375,1742308777.5777316
1742308777,597675832,0.005859375,0.03271484375,0.79296875,5.18798828125,5.79833984375,14.22119140625,1742308777.5976758
1742308777,617506506,-0.0537109375,0.0771484375,0.86572265625,0.3662109375,-2.62451171875,13.0615234375,1742308777.6175065
1742308777,637427901,-0.03955078125,0.02734375,1.0595703125,-4.94384765625,-2.685546875,14.46533203125,1742308777.6374278
1742308777,657632599,0.0078125,0.06396484375,1.02001953125,-3.47900390625,-3.35693359375,14.22119140625,1742308777.6576326
1742308777,677676589,0.0361328125,0.1181640625,0.91845703125,0.732421875,2.197265625,13.3056640625,1742308777.6776767
1742308777,697415773,0.01806640625,0.0830078125,1.0166015625,0.6103515625,4.0283203125,9.8876953125,1742308777.6974158
1742308777,717471539,-0.0185546875,0.0478515625,0.9287109375,2.13623046875,5.126953125,7.568359375,1742308777.7174716
1742308777,737424359,-0.119140625,0.09814453125,0.791015625,-2.0751953125,-5.859375,9.3994140625,1742308777.7374244
1742308777,757530559,-0.02880859375,0.0693359375,1.0771484375,-2.01416015625,-0.1220703125,9.09423828125,1742308777.7575305
1742308777,778125216,-0.02734375,0.1279296875,0.87255859375,5.55419921875,-6.9580078125,8.4228515625,1742308777.7781253
1742308777,797704524,0.0830078125,0.232421875,0.64013671875,-1.8310546875,2.86865234375,9.1552734375,1742308777.7977045
1742308777,817474493,-0.06884765625,0.1533203125,0.81640625,-2.50244140625,-1.46484375,9.6435546875,1742308777.8174746
1742308777,837642453,0.041015625,0.1171875,1.11328125,2.0751953125,1.0986328125,8.72802734375,1742308777.8376424
1742308777,857564105,-0.05419921875,0.10205078125,1.07373046875,1.5869140625,3.72314453125,8.23974609375,1742308777.8575642
1742308777,877626687,-0.04931640625,0.0810546875,0.91259765625,-2.74658203125,0.30517578125,9.6435546875,1742308777.8776267
1742308777,897516274,-0.04638671875,0.08056640625,1.08349609375,5.67626953125,2.3193359375,9.033203125,1742308777.8975163
1742308777,917507143,-0.029296875,0.12939453125,1.10595703125,4.21142578125,4.0283203125,5.615234375,1742308777.9175072
1742308777,937467868,0.0048828125,0.0478515625,1.06787109375,-0.48828125,0.18310546875,6.40869140625,1742308777.9374678
1742308777,957426960,-0.0205078125,0.0439453125,0.80322265625,-3.47900390625,2.13623046875,5.79833984375,1742308777.957427
1742308777,977994673,-0.0224609375,0.12841796875,0.8583984375,-1.708984375,5.0048828125,4.33349609375,1742308777.9779947
1742308777,992524567,-0.13525390625,0.12646484375,1.05615234375,5.4931640625,0.42724609375,7.568359375,1742308777.9925246
1742308778,17858452,-0.03564453125,0.115234375,1.0703125,4.0283203125,-6.40869140625,11.1083984375,1742308778.0178585
1742308778,37443195,0.05322265625,0.0830078125,0.92333984375,-4.57763671875,0.732421875,7.8125,1742308778.0374432
1742308778,57596494,0.0595703125,0.0576171875,0.96875,-3.72314453125,3.23486328125,3.90625,1742308778.0575964
1742308778,77565340,-0.005859375,0.01220703125,0.84375,-3.5400390625,-2.01416015625,2.13623046875,1742308778.0775654
1742308778,97637581,0.02490234375,-0.0048828125,0.84814453125,-2.8076171875,-0.6103515625,2.62451171875,1742308778.0976377
1742308778,117344823,-0.0400390625,0.10595703125,0.93896484375,2.13623046875,2.01416015625,3.41796875,1742308778.1173449
1742308778,137370823,-0.09912109375,0.12744140625,1.09130859375,-2.01416015625,-3.60107421875,7.2021484375,1742308778.1373708
1742308778,157443735,-0.03857421875,0.1044921875,1.03955078125,-1.220703125,-2.01416015625,8.60595703125,1742308778.1574438
1742308778,177470343,0.01953125,0.0927734375,0.83740234375,-0.54931640625,-0.67138671875,5.06591796875,1742308778.1774704
1742308778,197784317,-0.033203125,0.1572265625,0.8857421875,1.52587890625,4.0283203125,2.01416015625,1742308778.1977844
1742308778,217573768,-0.11083984375,0.0986328125,1.07470703125,2.13623046875,-0.42724609375,3.47900390625,1742308778.217574
1742308778,237729467,-0.07861328125,0.046875,0.99755859375,-1.46484375,0.18310546875,8.60595703125,1742308778.2377295
1742308778,257665161,0.0322265625,0.04833984375,0.9267578125,-3.41796875,0.91552734375,8.11767578125,1742308778.2576652
1742308778,277696985,0.12451171875,0.1748046875,0.96484375,6.7138671875,3.47900390625,3.0517578125,1742308778.277697
1742308778,297703400,-0.01611328125,0.205078125,0.8994140625,-1.40380859375,2.38037109375,-0.3662109375,1742308778.2977035
1742308778,317466579,-0.08935546875,0.06787109375,0.9423828125,-2.5634765625,-1.46484375,3.5400390625,1742308778.3174665
1742308778,337455682,-0.0048828125,0.076171875,0.9033203125,1.28173828125,1.220703125,4.39453125,1742308778.3374557
1742308778,357571188,0.0107421875,0.03125,0.9052734375,-2.25830078125,3.90625,2.50244140625,1742308778.3575711
1742308778,377573955,-0.09619140625,-0.009765625,1.2529296875,3.96728515625,0.8544921875,5.37109375,1742308778.377574
1742308778,397512785,-0.07568359375,-0.00537109375,1.095703125,3.2958984375,0.8544921875,7.32421875,1742308778.3975127
1742308778,417359870,-0.01708984375,0.0537109375,1.009765625,-3.47900390625,1.89208984375,6.53076171875,1742308778.4173598
1742308778,437456655,-0.07568359375,0.0771484375,0.984375,2.50244140625,-1.0986328125,4.8828125,1742308778.4374566
1742308778,457242522,-0.07421875,0.0556640625,0.89697265625,0.42724609375,-4.45556640625,6.591796875,1742308778.4572425
1742308778,477473710,-0.02099609375,-0.0029296875,1.0146484375,0.48828125,2.99072265625,5.859375,1742308778.4774737
1742308778,497790468,-0.08447265625,0.0458984375,1.0703125,2.197265625,1.5869140625,6.8359375,1742308778.4977906
1742308778,517378411,-0.12451171875,0.09130859375,1.18603515625,-1.708984375,-2.74658203125,10.498046875,1742308778.5173783
1742308778,537711393,-0.02392578125,0.0654296875,0.9765625,4.45556640625,-1.953125,11.16943359375,1742308778.5377114
1742308778,552517129,-0.00048828125,0.060546875,0.76171875,6.65283203125,-3.11279296875,8.85009765625,1742308778.5525172
1742308778,577735840,0.09033203125,0.15478515625,0.8056640625,1.15966796875,2.197265625,7.26318359375,1742308778.577736
1742308778,597768272,-0.02685546875,0.14599609375,1.05712890625,0.0,0.06103515625,7.50732421875,1742308778.5977683
1742308778,617486810,-0.021484375,0.037109375,1.04833984375,-0.91552734375,3.0517578125,8.1787109375,1742308778.6174867
1742308778,632856749,-0.05859375,0.01171875,1.02099609375,1.220703125,-0.732421875,7.62939453125,1742308778.6328568
1742308778,657709821,0.01025390625,0.03466796875,0.97802734375,1.40380859375,3.11279296875,3.662109375,1742308778.6577098
1742308778,677684684,-0.05517578125,0.08984375,0.84375,-3.72314453125,-2.99072265625,4.82177734375,1742308778.6776848
1742308778,697686620,-0.0546875,0.1064453125,0.92138671875,-1.5869140625,-0.1220703125,5.92041015625,1742308778.6976867
1742308778,717269059,-0.09619140625,0.107421875,0.8515625,-1.220703125,-1.5869140625,6.103515625,1742308778.717269
1742308778,737458230,0.02099609375,0.09765625,1.01806640625,-1.64794921875,2.3193359375,5.43212890625,1742308778.7374582
1742308778,757287234,-0.04736328125,0.10107421875,1.12890625,4.08935546875,2.38037109375,5.43212890625,1742308778.7572873
1742308778,777483925,-0.0458984375,0.02197265625,1.041015625,5.126953125,2.5634765625,7.62939453125,1742308778.777484
1742308778,797429923,-0.02783203125,0.05810546875,0.93798828125,2.8076171875,3.0517578125,6.103515625,1742308778.79743
1742308778,817380242,-0.046875,0.10302734375,0.837890625,-4.82177734375,-3.23486328125,6.65283203125,1742308778.8173802
1742308778,837396098,-0.04736328125,0.078125,1.013671875,-3.173828125,0.6103515625,5.615234375,1742308778.8373961
1742308778,857425810,-0.0390625,0.0654296875,0.9794921875,-1.220703125,-2.86865234375,2.5634765625,1742308778.857426
1742308778,877441409,-0.0458984375,0.12109375,1.01318359375,5.9814453125,1.64794921875,3.173828125,1742308778.8774414
1742308778,897373903,-0.10546875,0.12353515625,0.91552734375,4.150390625,-8.056640625,5.4931640625,1742308778.897374
1742308778,917405311,-0.00634765625,0.064453125,0.921875,0.67138671875,1.28173828125,4.33349609375,1742308778.9174054
1742308778,937414031,-0.01025390625,0.08154296875,1.021484375,-0.244140625,-0.42724609375,3.35693359375,1742308778.937414
1742308778,957375165,-0.02392578125,0.00439453125,1.0927734375,0.0,0.3662109375,2.685546875,1742308778.957375
1742308778,977426030,0.00830078125,0.10986328125,0.939453125,-2.25830078125,5.43212890625,2.50244140625,1742308778.977426
1742308778,997522399,-0.04052734375,0.11865234375,0.90673828125,-0.54931640625,0.18310546875,1.708984375,1742308778.9975224
1742308779,17541899,-0.01806640625,0.1162109375,0.93310546875,-1.40380859375,2.50244140625,0.8544921875,1742308779.017542
1742308779,37271375,-0.08642578125,0.03564453125,1.06298828125,-4.82177734375,-0.732421875,1.03759765625,1742308779.0372713
1742308779,57527070,-0.00341796875,0.0693359375,0.96044921875,-0.30517578125,0.8544921875,0.30517578125,1742308779.057527
1742308779,77476903,-0.0341796875,0.12939453125,0.8447265625,-4.0283203125,1.28173828125,-0.18310546875,1742308779.077477
1742308779,97382063,-0.03759765625,0.08203125,0.98681640625,-4.39453125,-0.8544921875,1.89208984375,1742308779.097382
1742308779,117441402,-0.05224609375,0.0546875,1.0361328125,-1.3427734375,1.3427734375,3.23486328125,1742308779.1174414
1742308779,137436900,-0.01904296875,0.0693359375,1.0537109375,-1.708984375,1.15966796875,2.0751953125,1742308779.1374369
1742308779,157485422,-0.08544921875,0.05029296875,0.99462890625,2.5634765625,-0.42724609375,1.40380859375,1742308779.1574855
1742308779,177526745,-0.04150390625,0.10009765625,0.86669921875,3.60107421875,-2.38037109375,2.74658203125,1742308779.1775267
1742308779,197559747,-0.07373046875,0.08837890625,0.8486328125,-3.41796875,-3.60107421875,2.197265625,1742308779.1975598
1742308779,217561389,0.02392578125,0.06396484375,0.9365234375,-5.859375,-1.77001953125,0.0,1742308779.2175615
1742308779,237469973,0.03369140625,0.0693359375,1.052734375,-2.5634765625,1.89208984375,-0.79345703125,1742308779.23747
1742308779,257615746,-0.1123046875,0.09130859375,1.03857421875,2.3193359375,-4.33349609375,4.45556640625,1742308779.2576158
1742308779,277726734,0.029296875,0.06494140625,1.029296875,0.6103515625,-2.62451171875,7.080078125,1742308779.2777267
1742308779,297569364,0.017578125,0.109375,0.9228515625,2.8076171875,-1.8310546875,6.8359375,1742308779.2975693
1742308779,317413115,0.06396484375,0.1171875,0.900390625,0.244140625,2.3193359375,4.57763671875,1742308779.317413
1742308779,337431621,-0.00634765625,0.11572265625,1.03564453125,-2.197265625,5.55419921875,5.79833984375,1742308779.3374317
1742308779,357545649,-0.0693359375,0.0810546875,1.05322265625,2.685546875,1.15966796875,10.19287109375,1742308779.3575456
1742308779,377588956,-0.0126953125,0.02001953125,1.06494140625,9.6435546875,-1.77001953125,9.3994140625,1742308779.377589
1742308779,397395042,0.05126953125,0.09814453125,0.92822265625,1.46484375,1.28173828125,10.19287109375,1742308779.3973951
1742308779,417423724,-0.0341796875,0.06884765625,0.9521484375,-6.16455078125,3.60107421875,13.73291015625,1742308779.4174237
1742308779,437611610,-0.0419921875,0.0556640625,1.00244140625,-0.67138671875,-6.34765625,19.1650390625,1742308779.4376116
1742308779,457405984,0.07421875,0.0556640625,0.91845703125,1.28173828125,1.64794921875,18.49365234375,1742308779.457406
1742308779,477488779,-0.046875,0.03466796875,1.06787109375,-3.35693359375,0.06103515625,20.20263671875,1742308779.4774888
1742308779,497451380,-0.00927734375,0.0244140625,0.9365234375,-0.91552734375,-5.31005859375,28.74755859375,1742308779.4974513
1742308779,517423805,0.12646484375,0.1025390625,1.0361328125,5.4931640625,5.4931640625,35.33935546875,1742308779.5174239
1742308779,537472136,0.07470703125,0.150390625,0.92333984375,2.99072265625,0.1220703125,39.85595703125,1742308779.5374722
1742308779,557420945,0.09228515625,0.05322265625,0.9638671875,-3.2958984375,0.0,43.45703125,1742308779.557421
1742308779,577461083,0.02197265625,0.04150390625,1.0283203125,1.89208984375,1.5869140625,43.3349609375,1742308779.577461
1742308779,597484742,0.00341796875,0.087890625,1.0009765625,-0.30517578125,-2.62451171875,46.2646484375,1742308779.5974848
1742308779,617394702,0.0693359375,0.04736328125,1.00634765625,-2.5634765625,2.01416015625,45.95947265625,1742308779.6173947
1742308779,637563259,0.1162109375,-0.01025390625,1.02783203125,4.82177734375,2.685546875,45.166015625,1742308779.6375632
1742308779,657555620,0.0185546875,0.09716796875,0.9658203125,5.859375,2.86865234375,42.724609375,1742308779.6575556
1742308779,672575052,0.068359375,0.06689453125,0.986328125,0.79345703125,3.23486328125,45.166015625,1742308779.672575
1742308779,697610233,-0.021484375,0.091796875,0.8671875,-0.30517578125,0.91552734375,47.18017578125,1742308779.6976101
1742308779,717709925,0.08349609375,0.0869140625,0.8427734375,4.2724609375,-1.708984375,45.7763671875,1742308779.71771
1742308779,737633517,0.150390625,0.14892578125,0.92236328125,2.50244140625,11.474609375,41.3818359375,1742308779.7376335
1742308779,757829467,-0.01171875,0.08203125,0.923828125,-2.62451171875,1.3427734375,42.66357421875,1742308779.7578294
1742308779,777778467,0.087890625,0.07373046875,0.865234375,-2.25830078125,3.35693359375,45.7763671875,1742308779.7777784
1742308779,797485191,0.04345703125,0.12451171875,0.8134765625,-8.9111328125,1.89208984375,45.71533203125,1742308779.797485
1742308779,817573971,0.10400390625,0.08544921875,1.02490234375,-2.44140625,3.72314453125,41.68701171875,1742308779.817574
1742308779,837595869,0.01318359375,0.0419921875,1.06103515625,2.62451171875,0.8544921875,40.22216796875,1742308779.837596
1742308779,857558502,-0.05419921875,-0.00439453125,1.12841796875,6.89697265625,1.28173828125,40.83251953125,1742308779.8575585
1742308779,877609809,0.09326171875,-0.029296875,0.95947265625,1.953125,2.01416015625,39.73388671875,1742308779.8776097
1742308779,897550874,0.0693359375,0.03173828125,0.91357421875,-2.99072265625,4.57763671875,38.14697265625,1742308779.8975508
1742308779,917728231,-0.0244140625,0.08251953125,0.9384765625,-2.685546875,1.89208984375,36.9873046875,1742308779.9177282
1742308779,937767282,-0.0166015625,0.08154296875,1.17041015625,2.197265625,0.3662109375,38.87939453125,1742308779.9377673
1742308779,957786844,-0.10009765625,0.08935546875,1.13037109375,9.09423828125,-2.13623046875,38.39111328125,1742308779.9577868
1742308779,977763045,0.04443359375,0.0673828125,0.94775390625,5.67626953125,-4.69970703125,35.400390625,1742308779.977763
1742308779,997409064,0.0869140625,0.06005859375,0.95263671875,-2.9296875,2.74658203125,32.1044921875,1742308779.997409
1742308780,17339244,0.04296875,0.01611328125,1.00341796875,-4.39453125,6.4697265625,32.71484375,1742308780.0173392
1742308780,37355857,0.0634765625,0.04443359375,0.9404296875,1.40380859375,3.90625,31.43310546875,1742308780.037356
1742308780,57550329,0.0244140625,0.14306640625,1.0302734375,8.72802734375,1.03759765625,30.82275390625,1742308780.0575504
1742308780,77498621,0.03955078125,0.2158203125,0.97607421875,5.79833984375,4.150390625,28.6865234375,1742308780.0774987
1742308780,97599011,-0.03662109375,0.0712890625,0.96044921875,-1.3427734375,-0.732421875,31.55517578125,1742308780.097599
1742308780,117494341,0.013671875,0.02978515625,0.95166015625,0.3662109375,4.7607421875,31.73828125,1742308780.1174943
1742308780,137709870,0.0009765625,0.0107421875,0.8779296875,0.18310546875,0.54931640625,30.1513671875,1742308780.1377099
1742308780,157880629,0.02685546875,0.099609375,0.775390625,-3.2958984375,0.3662109375,30.2734375,1742308780.1578805
1742308780,172531090,0.03271484375,0.1630859375,0.88671875,-7.75146484375,-1.3427734375,30.57861328125,1742308780.1725311
1742308780,197807069,0.0869140625,0.10546875,1.12890625,-1.708984375,4.5166015625,28.564453125,1742308780.197807
1742308780,217363160,-0.07568359375,0.09228515625,0.89697265625,1.15966796875,3.47900390625,27.52685546875,1742308780.217363
1742308780,232535231,-0.0546875,0.1572265625,0.85009765625,-4.150390625,-2.5634765625,28.1982421875,1742308780.2325351
1742308780,257613158,-0.0185546875,0.07177734375,1.0322265625,-1.708984375,1.953125,29.9072265625,1742308780.2576132
1742308780,277525833,-0.03125,0.14990234375,0.9833984375,3.35693359375,-4.8828125,30.517578125,1742308780.277526
1742308780,297356266,0.01513671875,0.13037109375,1.05810546875,-0.91552734375,-2.86865234375,28.99169921875,1742308780.2973564
1742308780,317434736,0.09765625,0.00927734375,1.05810546875,3.23486328125,2.74658203125,27.83203125,1742308780.3174348
1742308780,337611767,0.05224609375,0.05859375,0.87158203125,3.96728515625,1.89208984375,26.7333984375,1742308780.3376117
1742308780,357702654,-0.01806640625,0.1748046875,0.88671875,2.50244140625,1.3427734375,26.91650390625,1742308780.3577027
1742308780,377508894,-0.00390625,0.16748046875,1.04541015625,0.30517578125,1.15966796875,27.2216796875,1742308780.3775089
1742308780,397518019,0.03369140625,0.1083984375,0.9111328125,1.77001953125,-0.79345703125,26.2451171875,1742308780.397518
1742308780,417458918,0.05810546875,0.0654296875,0.88232421875,2.38037109375,3.90625,23.37646484375,1742308780.417459
1742308780,437545292,0.09130859375,0.0595703125,0.9287109375,0.48828125,7.9345703125,19.83642578125,1742308780.4375453
1742308780,457545360,0.03173828125,0.02587890625,1.09912109375,1.64794921875,4.08935546875,21.30126953125,1742308780.4575453
1742308780,477543093,-0.0986328125,-0.00439453125,0.96826171875,0.91552734375,-3.23486328125,24.47509765625,1742308780.477543
1742308780,497454359,-0.033203125,0.03955078125,0.998046875,0.48828125,2.13623046875,25.57373046875,1742308780.4974544
1742308780,517756642,0.02197265625,0.07470703125,0.966796875,-0.8544921875,1.64794921875,24.23095703125,1742308780.5177567
1742308780,537384415,-0.01806640625,0.04248046875,1.0703125,-1.64794921875,5.37109375,25.93994140625,1742308780.5373845
1742308780,557806731,0.01220703125,0.07958984375,1.00244140625,4.39453125,1.8310546875,23.25439453125,1742308780.5578067
1742308780,577578667,0.01904296875,0.103515625,0.8095703125,-3.2958984375,1.28173828125,21.484375,1742308780.5775788
1742308780,597556815,0.01318359375,0.125,0.73388671875,-6.89697265625,-3.23486328125,22.88818359375,1742308780.5975568
1742308780,617448177,0.04345703125,0.1298828125,0.91015625,-1.15966796875,0.244140625,21.1181640625,1742308780.617448
1742308780,637430293,-0.02783203125,0.1025390625,0.96240234375,2.25830078125,-2.5634765625,21.8505859375,1742308780.6374302
1742308780,657491835,-0.0185546875,0.056640625,1.08935546875,-1.0986328125,-1.15966796875,23.37646484375,1742308780.657492
1742308780,677672227,0.0009765625,0.01123046875,1.056640625,0.42724609375,-2.99072265625,25.32958984375,1742308780.6776721
1742308780,697471331,0.13037109375,-0.0029296875,0.78271484375,-1.89208984375,-1.28173828125,24.59716796875,1742308780.6974714
1742308780,717441319,0.1171875,0.1376953125,0.8291015625,-6.34765625,7.4462890625,22.88818359375,1742308780.7174413
1742308780,737497997,-0.05419921875,0.1123046875,1.037109375,-1.77001953125,-4.69970703125,26.0009765625,1742308780.737498
1742308780,757617683,-0.00634765625,0.05419921875,1.18115234375,8.36181640625,1.220703125,29.72412109375,1742308780.7576177
1742308780,777592663,0.10546875,0.16455078125,0.9404296875,4.5166015625,3.11279296875,29.72412109375,1742308780.7775927
1742308780,797417880,0.0205078125,0.1435546875,0.98193359375,-3.41796875,1.953125,30.33447265625,1742308780.7974179
1742308780,817449533,0.04541015625,0.087890625,0.90869140625,-2.50244140625,0.8544921875,37.53662109375,1742308780.8174496
1742308780,837446273,0.02783203125,0.0634765625,0.9130859375,-3.47900390625,-1.5869140625,49.13330078125,1742308780.8374462
1742308780,857658058,0.13671875,0.0498046875,0.98876953125,1.28173828125,6.04248046875,53.466796875,1742308780.8576581
1742308780,877778353,0.01708984375,0.064453125,1.04931640625,1.953125,-0.79345703125,56.884765625,1742308780.8777783
1742308780,897411502,0.08740234375,0.02490234375,1.22119140625,5.79833984375,7.50732421875,62.1337890625,1742308780.8974116
1742308780,917467571,0.04736328125,0.04443359375,0.9365234375,3.0517578125,10.498046875,63.78173828125,1742308780.9174676
1742308780,937507992,-0.05126953125,-0.01318359375,0.93212890625,-6.7138671875,0.6103515625,66.71142578125,1742308780.937508
1742308780,957631455,0.07861328125,-0.1025390625,1.10693359375,3.41796875,-4.5166015625,66.2841796875,1742308780.9576313
1742308780,977747270,0.06640625,0.0888671875,1.00927734375,6.103515625,1.5869140625,64.02587890625,1742308780.9777472
1742308780,997460293,0.09326171875,0.126953125,1.08154296875,-0.06103515625,1.28173828125,62.8662109375,1742308780.9974604
1742308781,14391914,0.1181640625,0.06640625,1.001953125,0.732421875,3.60107421875,63.3544921875,1742308781.014392
1742308781,37559814,0.0947265625,0.14599609375,1.00732421875,3.173828125,7.32421875,62.8662109375,1742308781.0375597
1742308781,57497892,0.0029296875,0.12744140625,1.09423828125,5.67626953125,1.52587890625,61.82861328125,1742308781.057498
1742308781,77480035,-0.0283203125,0.02587890625,1.0419921875,7.6904296875,-3.11279296875,63.04931640625,1742308781.07748
1742308781,97457762,0.28662109375,0.10546875,0.9833984375,8.6669921875,11.23046875,58.349609375,1742308781.0974576
1742308781,117417536,0.08447265625,0.07373046875,0.78662109375,-2.74658203125,8.544921875,58.4716796875,1742308781.1174176
1742308781,137410495,0.0888671875,0.10693359375,0.82177734375,0.0,9.46044921875,60.4248046875,1742308781.1374104
1742308781,157411710,0.0087890625,0.18603515625,0.81884765625,-1.15966796875,3.47900390625,58.77685546875,1742308781.1574118
1742308781,177510143,-0.005859375,0.07763671875,0.9921875,6.16455078125,5.79833984375,59.08203125,1742308781.1775103
1742308781,197516382,0.0595703125,0.11328125,0.91748046875,3.47900390625,1.77001953125,60.11962890625,1742308781.1975164
1742308781,217440188,0.06787109375,0.17333984375,0.85693359375,0.0,2.86865234375,57.2509765625,1742308781.2174401
1742308781,237454203,0.107421875,0.1767578125,0.7607421875,-0.6103515625,8.23974609375,51.08642578125,1742308781.2374542
1742308781,257459226,0.10986328125,0.095703125,0.74755859375,2.0751953125,2.9296875,44.7998046875,1742308781.2574592
1742308781,277643645,0.04931640625,0.1015625,0.8525390625,3.0517578125,9.33837890625,39.55078125,1742308781.2776437
1742308781,297487865,-0.12060546875,0.06982421875,1.046875,-3.90625,-4.39453125,41.68701171875,1742308781.297488
1742308781,317515321,-0.08447265625,-0.01904296875,1.25634765625,2.13623046875,-0.8544921875,43.701171875,1742308781.3175154
1742308781,337466199,-0.04638671875,0.01318359375,1.06884765625,9.521484375,-1.46484375,40.58837890625,1742308781.3374662
1742308781,357517175,0.04150390625,0.10595703125,0.9306640625,0.244140625,5.7373046875,34.912109375,1742308781.3575172
1742308781,377408884,-0.04931640625,0.11865234375,0.9462890625,-8.30078125,0.54931640625,31.005859375,1742308781.377409
1742308781,397399379,-0.00390625,0.0869140625,0.99755859375,-0.67138671875,-1.3427734375,30.2734375,1742308781.3973994
1742308781,417425075,0.02685546875,0.06787109375,1.01318359375,7.6904296875,0.0,27.52685546875,1742308781.4174252
1742308781,437532596,0.10302734375,0.1845703125,0.99267578125,4.0283203125,9.58251953125,23.62060546875,1742308781.4375327
1742308781,457944091,-0.107421875,0.1640625,0.955078125,-8.48388671875,2.99072265625,23.0712890625,1742308781.4579442
1742308781,472793847,-0.05517578125,0.0654296875,1.08544921875,-3.23486328125,-0.6103515625,23.3154296875,1742308781.4727938
1742308781,497608307,-0.0546875,0.091796875,1.01318359375,5.31005859375,1.28173828125,23.01025390625,1742308781.4976084
1742308781,517443823,0.02392578125,0.0712890625,0.978515625,1.64794921875,2.13623046875,23.4375,1742308781.517444
1742308781,537425965,0.06103515625,0.06005859375,0.953125,-2.8076171875,2.62451171875,24.10888671875,1742308781.537426
1742308781,557609648,-0.01123046875,0.10546875,0.890625,-2.13623046875,2.685546875,25.634765625,1742308781.5576096
1742308781,577407019,0.03173828125,0.08203125,1.09765625,4.45556640625,2.3193359375,28.1982421875,1742308781.5774071
1742308781,592881716,-0.08544921875,0.0546875,0.9638671875,2.9296875,-1.40380859375,31.67724609375,1742308781.5928817
1742308781,617395977,-0.03564453125,-0.00146484375,0.89599609375,-2.50244140625,-5.126953125,32.65380859375,1742308781.6173959
1742308781,637410569,0.0986328125,0.060546875,0.9384765625,-4.39453125,2.5634765625,28.13720703125,1742308781.6374106
1742308781,654432527,0.05224609375,0.07275390625,1.078125,1.03759765625,1.5869140625,27.4658203125,1742308781.6544325
1742308781,677533865,0.04052734375,0.07470703125,1.05419921875,8.11767578125,6.77490234375,27.16064453125,1742308781.6775339
1742308781,697594473,-0.02099609375,0.02587890625,1.11328125,1.953125,-1.46484375,28.9306640625,1742308781.6975944
1742308781,717569032,-0.07373046875,0.00048828125,1.197265625,0.06103515625,7.32421875,28.6865234375,1742308781.717569
1742308781,737513862,-0.10205078125,0.0439453125,1.0234375,2.5634765625,-0.42724609375,30.21240234375,1742308781.7375138
1742308781,752921997,-0.044921875,0.0517578125,0.97705078125,0.79345703125,-3.35693359375,32.5927734375,1742308781.752922
1742308781,772780298,0.16455078125,0.05419921875,0.99853515625,6.40869140625,0.6103515625,27.099609375,1742308781.7727802
1742308781,797829129,0.12548828125,0.2958984375,0.82958984375,1.40380859375,8.7890625,20.8740234375,1742308781.7978292
1742308781,817368416,0.06103515625,0.19921875,0.87451171875,-10.19287109375,4.8828125,21.3623046875,1742308781.8173685
1742308781,837475649,-0.12939453125,0.03759765625,0.97265625,-2.685546875,1.03759765625,22.3388671875,1742308781.8374755
1742308781,857592258,-0.0498046875,0.07421875,0.93603515625,2.44140625,-2.0751953125,22.4609375,1742308781.8575923
1742308781,877504256,-0.0341796875,0.1025390625,0.986328125,-1.46484375,0.91552734375,20.3857421875,1742308781.8775043
1742308781,897494687,-0.03369140625,0.060546875,1.03076171875,-8.4228515625,-2.62451171875,19.775390625,1742308781.8974948
1742308781,917438397,0.05908203125,0.0419921875,1.3134765625,3.72314453125,8.4228515625,18.12744140625,1742308781.9174385
1742308781,937532350,-0.01220703125,0.029296875,0.93212890625,5.06591796875,2.86865234375,15.93017578125,1742308781.9375324
1742308781,958062279,-0.013671875,0.01416015625,0.888671875,-4.94384765625,1.52587890625,17.15087890625,1742308781.9580622
1742308781,977642750,-0.12646484375,0.0029296875,1.07666015625,-4.45556640625,-2.3193359375,19.4091796875,1742308781.9776428
1742308781,997468314,-0.076171875,-0.01220703125,1.2705078125,8.544921875,-6.53076171875,20.20263671875,1742308781.9974682
1742308782,17748218,0.02978515625,0.060546875,1.111328125,2.86865234375,0.1220703125,19.8974609375,1742308782.017748
1742308782,37734100,0.02099609375,0.06640625,0.91845703125,-7.568359375,0.67138671875,18.1884765625,1742308782.037734
1742308782,57788815,0.115234375,0.01806640625,0.958984375,-0.1220703125,4.8828125,14.7705078125,1742308782.0577888
1742308782,77646215,0.02880859375,0.0537109375,0.8486328125,4.57763671875,3.96728515625,11.53564453125,1742308782.0776463
1742308782,97520318,-0.05224609375,0.23583984375,0.89794921875,-2.74658203125,-1.77001953125,13.48876953125,1742308782.0975204
1742308782,117607034,-0.11279296875,0.146484375,1.07568359375,-2.685546875,-1.03759765625,17.578125,1742308782.117607
1742308782,137771287,0.03515625,0.0576171875,1.00048828125,10.80322265625,-1.77001953125,17.63916015625,1742308782.1377714
1742308782,157577485,0.0869140625,0.140625,0.81982421875,1.89208984375,3.173828125,12.451171875,1742308782.1575775
1742308782,177486630,-0.03759765625,-0.0048828125,0.9599609375,-7.01904296875,2.685546875,13.18359375,1742308782.1774867
1742308782,197435519,-0.09423828125,-0.0458984375,0.96240234375,-2.74658203125,-0.54931640625,16.29638671875,1742308782.1974356
1742308782,217391384,-0.046875,0.0673828125,0.9892578125,3.5400390625,-3.84521484375,15.93017578125,1742308782.2173915
1742308782,237474739,-0.00732421875,0.10400390625,1.005859375,-0.8544921875,-0.18310546875,16.2353515625,1742308782.2374747
1742308782,257777139,-0.00732421875,0.13134765625,1.05712890625,-0.91552734375,1.77001953125,20.32470703125,1742308782.2577772
1742308782,277488168,0.0166015625,0.046875,1.1640625,2.38037109375,7.14111328125,21.42333984375,1742308782.2774882
1742308782,297464353,-0.02294921875,0.01416015625,0.9931640625,4.5166015625,-1.15966796875,22.27783203125,1742308782.2974644
1742308782,317541501,0.02001953125,-0.009765625,1.00439453125,3.2958984375,1.3427734375,21.728515625,1742308782.3175416
1742308782,337526519,-0.0634765625,0.0458984375,0.9677734375,1.8310546875,1.5869140625,22.4609375,1742308782.3375266
1742308782,357573521,-0.02587890625,0.08740234375,0.97998046875,-2.0751953125,-1.953125,22.705078125,1742308782.3575735
1742308782,377533963,-0.0556640625,0.169921875,1.212890625,1.953125,-3.2958984375,23.3154296875,1742308782.377534
1742308782,397547749,0.03125,0.1328125,1.041015625,7.01904296875,-6.9580078125,27.89306640625,1742308782.3975477
1742308782,417527615,0.080078125,0.052734375,0.890625,6.65283203125,-6.53076171875,39.9169921875,1742308782.4175277
1742308782,437685820,0.2412109375,0.08984375,0.88134765625,0.79345703125,0.06103515625,45.34912109375,1742308782.4376857
1742308782,457631765,0.1982421875,0.0859375,0.87451171875,-0.91552734375,3.662109375,52.06298828125,1742308782.4576318
1742308782,477475404,0.17431640625,0.078125,0.98046875,1.52587890625,8.85009765625,58.77685546875,1742308782.4774754
1742308782,497465062,0.1455078125,0.08740234375,0.86962890625,3.11279296875,7.2021484375,61.70654296875,1742308782.4974651
1742308782,517535681,0.10791015625,0.173828125,0.8515625,-5.615234375,7.62939453125,58.9599609375,1742308782.5175357
1742308782,537559387,0.001953125,0.0400390625,0.9091796875,-1.15966796875,-1.77001953125,62.744140625,1742308782.5375593
1742308782,557529557,0.08154296875,0.02880859375,0.92724609375,-1.3427734375,3.47900390625,63.5986328125,1742308782.5575294
1742308782,577596336,0.02978515625,0.05419921875,0.9306640625,-2.74658203125,0.732421875,65.12451171875,1742308782.5775964
1742308782,597487816,0.1474609375,0.09228515625,0.955078125,-4.69970703125,1.77001953125,63.78173828125,1742308782.597488
1742308782,617506370,0.1259765625,0.01708984375,1.00439453125,1.0986328125,7.38525390625,63.232421875,1742308782.6175063
1742308782,637500860,0.12548828125,0.13427734375,0.74609375,0.91552734375,5.2490234375,64.0869140625,1742308782.6375008
1742308782,657786492,0.08740234375,0.21728515625,0.697265625,-7.50732421875,1.52587890625,62.6220703125,1742308782.6577866
1742308782,677498896,0.10107421875,0.09033203125,0.869140625,-1.03759765625,1.89208984375,62.1337890625,1742308782.6774988
1742308782,697491434,-0.0478515625,0.09033203125,1.00634765625,2.99072265625,-0.1220703125,63.29345703125,1742308782.6974914
1742308782,717481572,0.0556640625,0.06640625,1.11279296875,1.77001953125,-0.42724609375,63.720703125,1742308782.7174816
1742308782,737513151,0.087890625,0.0703125,1.0205078125,3.90625,5.31005859375,64.8193359375,1742308782.737513
1742308782,757540345,0.1298828125,0.150390625,1.0380859375,4.150390625,6.65283203125,64.02587890625,1742308782.7575402
1742308782,777530547,0.0732421875,0.02685546875,1.06494140625,1.0986328125,6.2255859375,64.208984375,1742308782.7775304
1742308782,797522925,-0.052734375,0.04638671875,1.06201171875,5.31005859375,5.31005859375,64.8193359375,1742308782.797523
1742308782,817615177,0.0478515625,0.1416015625,1.18798828125,7.75146484375,8.11767578125,61.21826171875,1742308782.8176153
1742308782,837880872,-0.025390625,0.11083984375,1.11279296875,3.7841796875,-0.18310546875,62.5,1742308782.8378808
1742308782,857550331,0.09716796875,0.060546875,1.02978515625,0.06103515625,7.62939453125,64.3310546875,1742308782.8575504
1742308782,877526741,-0.02880859375,0.01708984375,0.9140625,1.15966796875,-0.79345703125,64.5751953125,1742308782.8775268
1742308782,897479630,0.1298828125,0.0263671875,0.93017578125,3.5400390625,3.84521484375,63.3544921875,1742308782.8974795
1742308782,917459176,0.060546875,0.12060546875,0.9765625,0.67138671875,0.42724609375,62.68310546875,1742308782.9174592
1742308782,937589188,0.14892578125,0.0048828125,1.18896484375,3.90625,5.18798828125,63.78173828125,1742308782.9375892
1742308782,957754273,-0.02294921875,0.0380859375,0.9482421875,5.859375,3.96728515625,64.51416015625,1742308782.9577544
1742308782,977548440,0.05419921875,0.0556640625,0.73828125,-0.18310546875,-7.26318359375,64.14794921875,1742308782.9775484
1742308782,997491729,0.06396484375,0.05126953125,0.9033203125,-2.25830078125,0.30517578125,64.27001953125,1742308782.9974918
1742308783,17871502,0.111328125,0.099609375,0.9619140625,-4.33349609375,1.708984375,66.0400390625,1742308783.0178716
1742308783,37597854,0.0791015625,0.01904296875,0.93408203125,0.3662109375,-4.0283203125,65.49072265625,1742308783.037598
1742308783,58252575,0.15234375,0.1142578125,0.83349609375,-2.25830078125,4.638671875,62.255859375,1742308783.0582526
1742308783,77495526,0.14306640625,0.15283203125,1.02587890625,-2.0751953125,2.5634765625,62.31689453125,1742308783.0774956
1742308783,92658945,0.0595703125,0.15869140625,1.0146484375,-1.0986328125,8.6669921875,62.43896484375,1742308783.092659
1742308783,117962905,0.0478515625,0.14404296875,0.97607421875,-2.3193359375,6.7138671875,60.36376953125,1742308783.1179628
1742308783,132706860,0.1083984375,0.11279296875,0.8583984375,4.39453125,-1.3427734375,57.2509765625,1742308783.1327069
1742308783,157888034,0.17138671875,0.216796875,0.70849609375,-1.28173828125,8.056640625,52.3681640625,1742308783.157888
1742308783,177872951,0.0625,0.17626953125,0.71923828125,-6.40869140625,7.01904296875,59.2041015625,1742308783.177873
1742308783,192633322,-0.01318359375,0.14501953125,0.7275390625,-3.662109375,5.2490234375,62.6220703125,1742308783.1926334
1742308783,217558203,-0.03857421875,0.0908203125,0.83740234375,-5.2490234375,-0.244140625,64.0869140625,1742308783.2175581
1742308783,232642484,0.0849609375,0.09521484375,0.95654296875,-4.57763671875,0.91552734375,62.43896484375,1742308783.2326424
1742308783,257845387,0.087890625,0.068359375,1.18212890625,1.64794921875,2.8076171875,61.58447265625,1742308783.2578454
1742308783,277793727,-0.02734375,0.0869140625,1.16748046875,9.21630859375,5.615234375,60.48583984375,1742308783.2777936
1742308783,297805716,0.06982421875,0.095703125,1.08203125,5.06591796875,-1.0986328125,57.861328125,1742308783.2978058
1742308783,317548452,0.03125,0.04345703125,1.1904296875,5.55419921875,6.77490234375,59.50927734375,1742308783.3175485
1742308783,337937921,-0.02587890625,0.0693359375,1.00537109375,-2.74658203125,1.40380859375,62.80517578125,1742308783.3379378
1742308783,357804979,0.11865234375,0.0166015625,0.9189453125,-2.685546875,1.28173828125,62.6220703125,1742308783.357805
1742308783,377792264,0.17333984375,0.0478515625,0.82080078125,2.13623046875,2.01416015625,60.24169921875,1742308783.3777924
1742308783,392657149,0.0791015625,0.09521484375,0.81787109375,2.44140625,1.52587890625,59.08203125,1742308783.392657
1742308783,412879671,0.04736328125,0.0693359375,1.087890625,1.03759765625,1.89208984375,62.80517578125,1742308783.4128797
1742308783,432663496,0.04541015625,0.0830078125,1.17236328125,5.31005859375,3.90625,64.27001953125,1742308783.4326634
1742308783,457713467,-0.01611328125,0.080078125,0.990234375,2.3193359375,1.64794921875,62.5,1742308783.4577134
1742308783,477839379,0.13818359375,0.138671875,0.78369140625,4.57763671875,-2.44140625,57.7392578125,1742308783.4778395
1742308783,497516418,0.15478515625,0.08251953125,0.78564453125,-3.7841796875,5.31005859375,54.8095703125,1742308783.4975164
1742308783,512604091,0.17236328125,-0.01513671875,0.814453125,-7.01904296875,9.46044921875,51.7578125,1742308783.512604
1742308783,537606861,0.02099609375,0.06787109375,0.740234375,-7.8125,4.57763671875,49.9267578125,1742308783.537607
1742308783,557794022,-0.0302734375,0.04345703125,0.962890625,-1.953125,2.50244140625,52.1240234375,1742308783.557794
1742308783,577583447,0.0966796875,0.048828125,0.9677734375,-0.1220703125,1.220703125,48.76708984375,1742308783.5775836
1742308783,597777712,0.03369140625,0.06005859375,1.17822265625,-1.89208984375,9.94873046875,47.9736328125,1742308783.5977776
1742308783,617513920,-0.03662109375,0.0166015625,1.20849609375,7.62939453125,4.150390625,47.7294921875,1742308783.617514
1742308783,632633178,0.0205078125,0.10009765625,0.89013671875,4.0283203125,6.7138671875,43.5791015625,1742308783.6326332
1742308783,657747631,-0.04345703125,0.158203125,0.8310546875,-0.06103515625,-1.5869140625,43.76220703125,1742308783.6577477
1742308783,677745028,0.06787109375,0.21826171875,0.85498046875,0.6103515625,-0.6103515625,40.52734375,1742308783.677745
1742308783,697558645,0.06298828125,0.15283203125,0.92431640625,0.0,1.40380859375,37.2314453125,1742308783.6975586
1742308783,717563754,0.04150390625,0.080078125,0.93798828125,5.126953125,-3.35693359375,33.26416015625,1742308783.7175639
1742308783,737707842,0.021484375,0.013671875,0.95849609375,4.39453125,3.90625,27.89306640625,1742308783.7377079
1742308783,758542215,0.0390625,-0.00146484375,0.908203125,-0.244140625,3.11279296875,23.8037109375,1742308783.7585423
1742308783,777498088,0.02197265625,0.0,1.0078125,-3.84521484375,4.638671875,20.99609375,1742308783.777498
1742308783,797592191,-0.02099609375,-0.0712890625,1.0947265625,-2.62451171875,6.2255859375,17.7001953125,1742308783.7975922
1742308783,817524915,-0.10888671875,0.0322265625,1.15478515625,6.40869140625,-1.28173828125,10.92529296875,1742308783.817525
1742308783,837587273,-0.05126953125,0.15478515625,0.98388671875,4.0283203125,9.09423828125,5.7373046875,1742308783.8375874
1742308783,857544606,-0.13427734375,0.12451171875,0.85888671875,-6.2255859375,-1.28173828125,7.62939453125,1742308783.8575447
1742308783,877525202,-0.02734375,0.1474609375,0.8642578125,-3.84521484375,-2.38037109375,8.4228515625,1742308783.877525
1742308783,897653226,0.0302734375,0.19140625,0.857421875,-3.23486328125,-2.38037109375,6.65283203125,1742308783.8976533
1742308783,917499580,-0.00439453125,0.134765625,0.92626953125,-1.46484375,-2.0751953125,4.08935546875,1742308783.9174995
1742308783,937586259,0.0810546875,0.0693359375,0.947265625,-0.18310546875,4.2724609375,2.685546875,1742308783.9375863
1742308783,957872973,-0.10693359375,0.06005859375,1.00048828125,-0.42724609375,1.52587890625,1.52587890625,1742308783.9578729
1742308783,977571133,-0.029296875,0.07080078125,1.04296875,-1.40380859375,-0.30517578125,1.5869140625,1742308783.9775712
1742308783,997636339,-0.1181640625,0.0458984375,1.0419921875,1.52587890625,3.5400390625,0.244140625,1742308783.9976363
1742308784,17748647,-0.0732421875,-0.05078125,1.05615234375,5.9814453125,-1.8310546875,-2.25830078125,1742308784.0177486
1742308784,37694550,-0.09423828125,0.03369140625,1.068359375,0.06103515625,2.25830078125,-2.5634765625,1742308784.0376945
1742308784,57733863,-0.04736328125,0.07666015625,1.0576171875,-2.0751953125,-2.01416015625,-3.47900390625,1742308784.0577338
1742308784,77769368,-0.01953125,0.103515625,1.16162109375,1.3427734375,-0.9765625,-0.8544921875,1742308784.0777693
1742308784,97714247,-0.03125,0.09814453125,1.06005859375,5.79833984375,-1.28173828125,-1.3427734375,1742308784.0977142
1742308784,117881307,0.02001953125,0.015625,0.94091796875,2.62451171875,-2.74658203125,-2.9296875,1742308784.1178813
1742308784,137704328,0.04931640625,0.04345703125,0.869140625,2.197265625,7.26318359375,-4.21142578125,1742308784.1377044
1742308784,157841307,0.009765625,0.095703125,0.87451171875,-2.25830078125,2.13623046875,-6.103515625,1742308784.1578412
1742308784,177895724,-0.03466796875,0.1650390625,1.00390625,-1.220703125,2.86865234375,-7.62939453125,1742308784.1778958
1742308784,197578262,-0.119140625,0.18798828125,0.92236328125,5.31005859375,-3.11279296875,-7.32421875,1742308784.1975782
1742308784,217679753,-0.09326171875,0.18798828125,0.7900390625,3.35693359375,-0.3662109375,-6.7138671875,1742308784.2176797
1742308784,237651672,-0.03173828125,0.10693359375,0.92578125,-6.8359375,-2.38037109375,-7.62939453125,1742308784.2376516
1742308784,257623944,-0.119140625,-0.001953125,1.17041015625,0.06103515625,-0.6103515625,-5.4931640625,1742308784.257624
1742308784,277522807,-0.076171875,0.07275390625,1.1171875,8.72802734375,-3.0517578125,-3.7841796875,1742308784.2775228
1742308784,297536391,-0.03271484375,0.029296875,1.0478515625,-1.220703125,5.0048828125,-6.16455078125,1742308784.2975364
1742308784,317657114,-0.0400390625,0.00244140625,1.24462890625,-2.74658203125,5.06591796875,-6.89697265625,1742308784.3176572
1742308784,337609961,-0.12158203125,0.03759765625,1.0703125,3.72314453125,-0.244140625,-4.57763671875,1742308784.33761
1742308784,357557625,-0.0537109375,0.10107421875,0.7236328125,-1.220703125,-0.79345703125,-3.84521484375,1742308784.3575575
1742308784,377698635,-0.02001953125,0.0234375,0.8544921875,-3.60107421875,-4.0283203125,-5.79833984375,1742308784.3776987
1742308784,397593274,-0.04052734375,0.1201171875,0.86962890625,0.30517578125,-2.01416015625,-5.43212890625,1742308784.3975933
1742308784,417608714,-0.05078125,0.23828125,0.8662109375,-1.52587890625,-3.35693359375,-4.2724609375,1742308784.4176087
1742308784,437703100,-0.01611328125,0.14599609375,0.984375,-1.220703125,0.06103515625,-5.0048828125,1742308784.4377031
1742308784,457510601,-0.06005859375,0.03515625,1.029296875,6.8359375,-8.6669921875,-3.41796875,1742308784.4575107
1742308784,477607771,0.0205078125,0.03564453125,0.84375,1.8310546875,0.9765625,-5.18798828125,1742308784.4776077
1742308784,497594859,0.00390625,0.08447265625,0.74072265625,-1.40380859375,3.90625,-6.40869140625,1742308784.4975948
1742308784,517538427,-0.0712890625,0.11083984375,0.9306640625,2.13623046875,-0.06103515625,-6.65283203125,1742308784.5175383
1742308784,537637101,0.02880859375,0.10986328125,1.140625,-0.48828125,1.8310546875,-6.4697265625,1742308784.537637
1742308784,557580988,-0.123046875,0.091796875,1.11474609375,1.89208984375,3.41796875,-5.2490234375,1742308784.557581
1742308784,577492811,-0.103515625,0.13671875,1.05078125,8.48388671875,-5.37109375,-3.90625,1742308784.5774927
1742308784,592682306,-0.013671875,0.15576171875,0.88818359375,0.244140625,2.01416015625,-4.8828125,1742308784.5926824
1742308784,617539980,-0.0849609375,0.05517578125,0.8369140625,-9.033203125,-4.150390625,-4.5166015625,1742308784.61754
1742308784,637813986,0.0400390625,0.03662109375,1.0146484375,-5.31005859375,0.9765625,-4.33349609375,1742308784.637814
1742308784,657699760,-0.02978515625,0.11572265625,0.89501953125,0.0,-2.44140625,-4.94384765625,1742308784.6576998
1742308784,677699136,0.0498046875,0.201171875,0.904296875,-1.220703125,3.41796875,-6.89697265625,1742308784.677699
1742308784,697676912,-0.013671875,0.1630859375,0.994140625,-1.03759765625,5.43212890625,-7.38525390625,1742308784.697677
1742308784,717720033,-0.0615234375,0.06640625,0.86572265625,0.3662109375,-0.3662109375,-6.103515625,1742308784.71772
1742308784,737702513,-0.09814453125,0.03466796875,0.89404296875,0.0,-3.662109375,-5.2490234375,1742308784.7377026
1742308784,757526942,-0.09716796875,0.0048828125,1.06005859375,1.52587890625,-0.67138671875,-3.47900390625,1742308784.7575269
1742308784,777537007,-0.115234375,0.029296875,1.1318359375,3.11279296875,1.220703125,-1.15966796875,1742308784.777537
1742308784,797479454,-0.09326171875,0.01171875,1.07373046875,3.35693359375,-1.28173828125,-0.6103515625,1742308784.7974794
1742308784,817591088,-0.07421875,0.06494140625,1.091796875,-1.03759765625,-5.126953125,0.244140625,1742308784.8175912
1742308784,837520511,-0.0322265625,0.07177734375,0.9599609375,-2.3193359375,0.30517578125,-0.48828125,1742308784.8375206
1742308784,857700691,0.01953125,0.072265625,0.90283203125,2.50244140625,1.03759765625,-1.220703125,1742308784.8577006
1742308784,877651586,-0.02587890625,0.115234375,0.955078125,7.26318359375,-0.732421875,-2.74658203125,1742308784.8776517
1742308784,897449839,0.017578125,0.11376953125,0.98779296875,2.99072265625,4.638671875,-4.33349609375,1742308784.8974497
1742308784,917500064,-0.0458984375,0.0341796875,1.16064453125,0.0,5.37109375,-3.96728515625,1742308784.9175
1742308784,937890904,-0.056640625,0.033203125,1.123046875,9.765625,0.732421875,-2.5634765625,1742308784.937891
1742308784,957736517,-0.0927734375,0.154296875,0.83984375,10.009765625,-4.39453125,-2.50244140625,1742308784.9577365
1742308784,977583731,-0.01416015625,0.162109375,0.78564453125,-2.13623046875,-1.0986328125,-3.47900390625,1742308784.9775836
1742308784,997521666,-0.021484375,0.0390625,0.98974609375,-6.8359375,0.18310546875,-1.8310546875,1742308784.9975216
1742308785,17548719,-0.00390625,0.01318359375,1.13623046875,2.3193359375,-3.47900390625,-1.77001953125,1742308785.0175488
1742308785,37662013,0.005859375,0.07275390625,0.8896484375,-2.44140625,-2.62451171875,-1.8310546875,1742308785.037662
1742308785,57796203,0.0673828125,0.13427734375,0.9443359375,-7.4462890625,5.55419921875,-0.9765625,1742308785.0577962
1742308785,77507634,-0.04833984375,0.1240234375,0.97607421875,-0.54931640625,0.54931640625,-0.6103515625,1742308785.0775077
1742308785,97799299,-0.0263671875,0.15087890625,0.86376953125,-2.5634765625,0.1220703125,-1.46484375,1742308785.0977993
1742308785,112663473,-0.09765625,0.07275390625,0.9677734375,-3.11279296875,0.244140625,1.77001953125,1742308785.1126635
1742308785,137888828,-0.02880859375,0.08203125,0.95263671875,0.18310546875,1.46484375,1.64794921875,1742308785.137889
1742308785,157711716,-0.03369140625,0.1103515625,1.07568359375,3.60107421875,2.25830078125,1.64794921875,1742308785.1577117
1742308785,177626990,-0.1015625,0.06640625,1.0556640625,4.8828125,-1.40380859375,1.89208984375,1742308785.177627
1742308785,192727681,-0.04931640625,0.02783203125,1.0263671875,-0.54931640625,-2.01416015625,2.3193359375,1742308785.1927276
1742308785,217583429,0.0283203125,0.0341796875,0.94482421875,-0.06103515625,-1.15966796875,2.197265625,1742308785.2175834
1742308785,237709779,0.0283203125,0.08056640625,0.88671875,4.150390625,-0.244140625,0.79345703125,1742308785.2377098
1742308785,257682686,-0.00439453125,0.08203125,0.93701171875,2.99072265625,4.57763671875,-0.67138671875,1742308785.2576828
1742308785,277536135,-0.01416015625,0.091796875,1.06103515625,-2.62451171875,-0.732421875,3.11279296875,1742308785.2775362
1742308785,297453649,-0.021484375,0.0888671875,1.119140625,-2.0751953125,2.74658203125,6.4697265625,1742308785.2974536
1742308785,317631264,-0.04638671875,0.0439453125,1.0087890625,5.06591796875,-5.0048828125,8.60595703125,1742308785.3176312
1742308785,337618380,0.044921875,0.19189453125,0.69580078125,1.220703125,-1.15966796875,10.8642578125,1742308785.3376184
1742308785,357948797,-0.05615234375,0.12841796875,0.85888671875,-12.14599609375,3.72314453125,13.5498046875,1742308785.3579488
1742308785,377564354,-0.111328125,0.06884765625,1.07177734375,-5.55419921875,-5.67626953125,14.7705078125,1742308785.3775644
1742308785,397559630,0.00341796875,0.08984375,0.98583984375,2.8076171875,-1.64794921875,16.17431640625,1742308785.3975596
1742308785,417481560,0.07177734375,0.10546875,0.97607421875,-2.3193359375,2.99072265625,16.9677734375,1742308785.4174817
1742308785,437492900,0.0498046875,0.05712890625,0.9931640625,-1.15966796875,4.45556640625,17.822265625,1742308785.4374928
1742308785,457866198,-0.0283203125,0.12109375,0.9345703125,1.220703125,1.03759765625,17.08984375,1742308785.4578662
1742308785,477642174,-0.056640625,0.107421875,0.9609375,-2.38037109375,-0.9765625,17.822265625,1742308785.477642
1742308785,497385317,-0.04052734375,0.00439453125,1.08203125,1.5869140625,2.685546875,20.99609375,1742308785.4973853
1742308785,517939899,-0.00146484375,0.0625,0.98193359375,7.75146484375,-0.06103515625,21.6064453125,1742308785.5179398
1742308785,537678882,0.00830078125,0.04150390625,1.0185546875,4.2724609375,3.2958984375,20.01953125,1742308785.537679
1742308785,557894129,-0.015625,-0.00927734375,1.11865234375,0.79345703125,1.3427734375,23.0712890625,1742308785.5578942
1742308785,577786651,-0.04443359375,0.01904296875,1.033203125,6.28662109375,-6.103515625,25.08544921875,1742308785.5777867
1742308785,597792583,0.09814453125,0.07568359375,0.89404296875,2.0751953125,-4.5166015625,22.5830078125,1742308785.5977926
1742308785,617841811,0.0830078125,0.05322265625,0.90576171875,-3.60107421875,-1.28173828125,20.751953125,1742308785.6178417
1742308785,639506621,0.08935546875,0.09765625,0.93701171875,2.9296875,8.60595703125,20.6298828125,1742308785.6395066
1742308785,657597766,-0.005859375,0.15185546875,0.9921875,2.0751953125,2.62451171875,22.4609375,1742308785.6575978
1742308785,677653235,-0.03759765625,0.01025390625,1.0234375,1.40380859375,4.2724609375,24.0478515625,1742308785.6776533
1742308785,697534428,-0.017578125,0.1279296875,0.93212890625,5.79833984375,0.48828125,26.611328125,1742308785.6975343
1742308785,717640362,-0.01806640625,0.12548828125,0.91162109375,-3.35693359375,-2.86865234375,33.14208984375,1742308785.7176404
1742308785,737630101,0.04345703125,0.0712890625,0.99560546875,-1.28173828125,1.953125,33.8134765625,1742308785.7376301
1742308785,757626369,-0.04638671875,0.07958984375,0.96044921875,1.0986328125,1.03759765625,32.470703125,1742308785.7576263
1742308785,777682958,-0.015625,0.091796875,1.01123046875,2.38037109375,1.64794921875,32.16552734375,1742308785.777683
1742308785,797513590,0.00390625,0.06591796875,1.06982421875,1.03759765625,2.01416015625,30.94482421875,1742308785.7975135
1742308785,817808487,-0.009765625,-0.02294921875,0.93408203125,-0.06103515625,-2.5634765625,33.5693359375,1742308785.8178084
1742308785,837879892,0.015625,0.0419921875,0.91455078125,-0.42724609375,2.86865234375,33.26416015625,1742308785.83788
1742308785,857467065,-0.0439453125,0.1015625,1.04443359375,1.15966796875,-1.64794921875,35.82763671875,1742308785.8574672
1742308785,877574502,0.03173828125,0.13427734375,0.97314453125,-0.06103515625,-1.28173828125,35.64453125,1742308785.8775744
1742308785,897645971,0.01708984375,0.15283203125,1.048828125,3.41796875,1.52587890625,36.62109375,1742308785.897646
1742308785,917571006,0.0595703125,0.1337890625,0.9580078125,4.21142578125,3.11279296875,34.85107421875,1742308785.917571
1742308785,937882991,-0.01171875,0.00830078125,1.013671875,3.23486328125,3.5400390625,36.7431640625,1742308785.937883
1742308785,957662903,0.029296875,0.03125,0.97998046875,5.0048828125,-0.42724609375,35.33935546875,1742308785.9576628
1742308785,977972840,0.0634765625,0.1044921875,1.04833984375,4.0283203125,1.15966796875,34.85107421875,1742308785.9779727
1742308785,997815153,0.10205078125,0.22314453125,0.94091796875,0.48828125,1.5869140625,34.85107421875,1742308785.9978151
1742308786,12755486,0.02880859375,0.158203125,0.880859375,0.8544921875,-1.708984375,35.09521484375,1742308786.0127554
1742308786,37892898,0.11328125,0.09521484375,0.72900390625,2.86865234375,5.859375,32.5927734375,1742308786.0378928
1742308786,57589539,-0.07275390625,0.09326171875,0.9228515625,-3.41796875,3.173828125,33.87451171875,1742308786.0575895
1742308786,77585067,0.00634765625,0.0625,1.24365234375,-4.08935546875,6.04248046875,37.78076171875,1742308786.077585
1742308786,97521681,-0.0771484375,0.072265625,1.0224609375,5.31005859375,-1.28173828125,39.61181640625,1742308786.0975218
1742308786,117745660,0.05078125,0.17919921875,0.986328125,4.8828125,-0.18310546875,39.48974609375,1742308786.1177456
1742308786,137829093,0.04736328125,0.13037109375,1.01904296875,2.3193359375,5.126953125,39.00146484375,1742308786.137829
1742308786,157695561,-0.04150390625,-0.0078125,0.962890625,-0.9765625,-1.89208984375,41.259765625,1742308786.1576955
1742308786,177696689,0.04150390625,0.0078125,1.1005859375,-1.46484375,4.08935546875,41.8701171875,1742308786.1776967
1742308786,197869179,-0.02001953125,-0.0126953125,1.07861328125,1.5869140625,-1.64794921875,41.3818359375,1742308786.197869
1742308786,217841282,0.04345703125,0.07421875,1.083984375,1.708984375,0.18310546875,41.50390625,1742308786.2178414
1742308786,237840265,0.02001953125,0.1083984375,0.91943359375,-5.7373046875,0.244140625,42.1142578125,1742308786.2378402
1742308786,253026842,0.07080078125,0.10791015625,0.9033203125,-2.44140625,1.28173828125,42.96875,1742308786.2530267
1742308786,277486129,0.0732421875,0.0927734375,0.8583984375,0.9765625,-2.3193359375,42.90771484375,1742308786.277486
1742308786,297498104,0.109375,0.1455078125,0.94580078125,-0.732421875,1.40380859375,41.68701171875,1742308786.297498
1742308786,317772708,0.04931640625,0.142578125,0.97216796875,1.77001953125,6.28662109375,43.39599609375,1742308786.3177726
1742308786,337489639,0.10546875,0.14599609375,0.86279296875,1.953125,5.06591796875,43.76220703125,1742308786.3374896
1742308786,357544751,0.0478515625,0.16064453125,0.97412109375,0.42724609375,5.7373046875,40.22216796875,1742308786.3575447
1742308786,377448500,-0.01171875,0.1953125,1.001953125,2.685546875,1.77001953125,40.0390625,1742308786.3774486
1742308786,392644453,-0.13525390625,0.1201171875,0.9375,-1.77001953125,-2.5634765625,44.3115234375,1742308786.3926444
1742308786,417853546,0.02978515625,0.0341796875,0.93505859375,-0.3662109375,-2.197265625,45.7763671875,1742308786.4178536
1742308786,437777712,0.111328125,0.0419921875,0.89013671875,2.13623046875,1.953125,43.02978515625,1742308786.4377778
1742308786,457629492,0.1318359375,0.03515625,1.00390625,-1.64794921875,8.60595703125,40.6494140625,1742308786.4576294
1742308786,477912129,0.0185546875,0.01904296875,0.9951171875,-5.31005859375,2.3193359375,39.9169921875,1742308786.4779122
1742308786,497730020,0.04638671875,0.06201171875,0.9130859375,-3.5400390625,4.5166015625,39.6728515625,1742308786.49773
1742308786,517935791,-0.10107421875,0.0517578125,0.9638671875,1.64794921875,-4.94384765625,41.3818359375,1742308786.5179358
1742308786,537694354,-0.00390625,0.02001953125,0.9775390625,3.7841796875,-3.41796875,42.05322265625,1742308786.5376945
1742308786,557584055,0.0830078125,0.056640625,0.9326171875,-0.54931640625,-0.1220703125,42.17529296875,1742308786.557584
1742308786,577632160,0.0712890625,0.08984375,0.939453125,-3.35693359375,1.708984375,43.212890625,1742308786.5776322
1742308786,597565990,0.00634765625,0.10693359375,1.01416015625,-0.8544921875,2.9296875,44.00634765625,1742308786.597566
1742308786,617552396,-0.01904296875,0.1396484375,0.97705078125,1.220703125,-1.3427734375,44.86083984375,1742308786.6175523
1742308786,637576820,0.07177734375,0.11181640625,0.90234375,1.220703125,-1.64794921875,43.3349609375,1742308786.6375768
1742308786,657640988,0.1328125,0.205078125,0.947265625,2.13623046875,2.8076171875,43.8232421875,1742308786.657641
1742308786,677486177,0.0458984375,0.12353515625,1.1328125,4.21142578125,6.7138671875,43.76220703125,1742308786.6774862
1742308786,697622795,0.04248046875,0.07373046875,0.87939453125,2.62451171875,-0.732421875,44.0673828125,1742308786.6976228
1742308786,717837942,0.02978515625,0.087890625,0.8154296875,0.91552734375,2.5634765625,43.9453125,1742308786.717838
1742308786,737706458,-0.015625,0.076171875,0.927734375,-3.41796875,7.62939453125,43.45703125,1742308786.7377064
1742308786,757535615,0.01025390625,-0.02099609375,1.017578125,-3.90625,4.2724609375,42.6025390625,1742308786.7575357
1742308786,777616935,0.0048828125,0.005859375,0.8916015625,1.5869140625,5.55419921875,39.24560546875,1742308786.777617
1742308786,797592718,0.00732421875,0.10986328125,0.89306640625,-2.50244140625,-1.28173828125,36.9873046875,1742308786.7975926
1742308786,817649014,0.091796875,0.07421875,0.97802734375,-0.732421875,-1.03759765625,31.67724609375,1742308786.8176491
1742308786,837882210,0.04052734375,0.18798828125,0.68505859375,-4.21142578125,-2.86865234375,30.517578125,1742308786.8378823
1742308786,857753927,0.0078125,0.18603515625,0.6884765625,-5.0048828125,-0.67138671875,32.04345703125,1742308786.857754
1742308786,877556074,-0.0107421875,0.1279296875,0.86083984375,1.89208984375,-2.62451171875,36.2548828125,1742308786.877556
1742308786,897510417,0.177734375,0.07177734375,1.07275390625,4.8828125,3.96728515625,39.00146484375,1742308786.8975105
1742308786,917729436,-0.01806640625,0.14892578125,1.07861328125,1.03759765625,9.21630859375,40.283203125,1742308786.9177294
1742308786,937749859,-0.0244140625,0.0888671875,1.15380859375,-0.30517578125,-1.708984375,42.8466796875,1742308786.9377499
1742308786,957619336,-0.0361328125,0.046875,0.9638671875,7.6904296875,-1.0986328125,44.98291015625,1742308786.9576194
1742308786,977492973,0.1025390625,0.04541015625,0.80859375,3.72314453125,-0.42724609375,44.86083984375,1742308786.977493
1742308786,997489108,0.03466796875,0.01513671875,1.0771484375,-3.0517578125,5.859375,45.2880859375,1742308786.9974892
1742308787,17916192,0.10107421875,-0.05029296875,1.2607421875,5.18798828125,1.708984375,44.86083984375,1742308787.0179162
1742308787,37743808,0.013671875,0.083984375,0.95947265625,1.77001953125,4.33349609375,43.15185546875,1742308787.0377438
1742308787,57792163,0.123046875,0.16015625,0.892578125,-2.0751953125,5.67626953125,41.44287109375,1742308787.0577922
1742308787,77508065,-0.0771484375,0.12841796875,0.8818359375,-6.103515625,5.7373046875,41.93115234375,1742308787.077508
1742308787,97650919,0.00146484375,0.04736328125,1.04296875,-1.3427734375,2.99072265625,44.86083984375,1742308787.097651
1742308787,118004560,-0.00390625,0.1298828125,0.93505859375,5.55419921875,-4.0283203125,45.7763671875,1742308787.1180046
1742308787,137677389,0.07373046875,0.0869140625,1.08837890625,-0.1220703125,5.9814453125,44.73876953125,1742308787.1376774
1742308787,157514509,-0.03515625,0.07958984375,0.95654296875,0.30517578125,3.23486328125,46.81396484375,1742308787.1575146
1742308787,177486223,0.0009765625,0.09912109375,0.8603515625,-1.0986328125,2.9296875,47.79052734375,1742308787.1774862
1742308787,197772759,-0.00244140625,0.2236328125,0.775390625,-1.3427734375,-0.54931640625,46.142578125,1742308787.1977727
1742308787,218837005,-0.02880859375,0.15869140625,0.96875,2.5634765625,-8.30078125,44.61669921875,1742308787.218837
1742308787,237765277,0.10986328125,0.11279296875,1.0302734375,6.8359375,4.7607421875,44.7998046875,1742308787.2377653
1742308787,257604221,0.05419921875,0.0673828125,0.9287109375,0.48828125,3.0517578125,42.96875,1742308787.2576041
1742308787,277739586,0.0732421875,0.04248046875,0.927734375,-1.52587890625,4.2724609375,40.22216796875,1742308787.2777395
1742308787,297570818,0.0166015625,-0.0126953125,0.974609375,3.35693359375,1.89208984375,37.04833984375,1742308787.2975707
1742308787,318201168,0.10791015625,0.00537109375,0.912109375,2.3193359375,5.4931640625,33.447265625,1742308787.318201
1742308787,337791819,0.044921875,0.0986328125,1.1259765625,-1.953125,6.28662109375,32.28759765625,1742308787.337792
1742308787,357647788,-0.07470703125,0.03662109375,1.17822265625,0.0,5.9814453125,31.18896484375,1742308787.357648
1742308787,377523628,-0.078125,0.0830078125,0.951171875,6.65283203125,-4.638671875,29.23583984375,1742308787.3775237
1742308787,397630833,0.0810546875,0.16796875,0.693359375,-0.9765625,3.173828125,25.634765625,1742308787.397631
1742308787,417719990,-0.0009765625,0.2255859375,0.82470703125,-9.33837890625,0.06103515625,23.193359375,1742308787.41772
1742308787,437717368,-0.01953125,0.16259765625,1.0576171875,-6.16455078125,3.5400390625,22.4609375,1742308787.4377174
1742308787,457768284,-0.0224609375,0.0029296875,1.17431640625,5.7373046875,0.06103515625,23.0712890625,1742308787.4577682
1742308787,477512794,0.02978515625,0.07666015625,0.89404296875,0.0,4.33349609375,23.5595703125,1742308787.4775128
1742308787,497697729,0.0283203125,0.15478515625,0.97705078125,-2.5634765625,6.28662109375,22.15576171875,1742308787.4976978
1742308787,517679267,-0.072265625,0.15283203125,0.89599609375,-2.3193359375,1.40380859375,24.2919921875,1742308787.5176792
1742308787,537525027,-0.017578125,0.0576171875,0.88671875,-0.3662109375,-2.197265625,25.390625,1742308787.537525
1742308787,558305652,-0.056640625,0.0615234375,0.947265625,0.91552734375,-2.50244140625,25.2685546875,1742308787.5583057
1742308787,577832046,-0.01611328125,0.0595703125,1.03271484375,-1.52587890625,-2.197265625,24.7802734375,1742308787.577832
1742308787,597460395,0.00439453125,0.025390625,1.11279296875,0.3662109375,5.37109375,23.92578125,1742308787.5974605
1742308787,617726834,0.01416015625,0.021484375,1.001953125,-0.30517578125,-0.1220703125,24.7802734375,1742308787.6177268
1742308787,637595763,0.0517578125,0.03857421875,1.00390625,-0.1220703125,-2.197265625,25.2685546875,1742308787.6375957
1742308787,657621846,-0.01953125,0.09521484375,0.95654296875,0.6103515625,-1.220703125,23.0712890625,1742308787.6576219
1742308787,677501783,0.029296875,0.1201171875,0.8828125,1.52587890625,8.11767578125,22.705078125,1742308787.6775017
1742308787,697651068,0.02685546875,0.08837890625,0.9462890625,-0.9765625,1.28173828125,22.3388671875,1742308787.6976511
1742308787,717780962,0.04736328125,0.06787109375,0.958984375,-2.44140625,6.591796875,20.5078125,1742308787.717781
1742308787,737889990,-0.04296875,0.09228515625,0.8671875,-0.732421875,-1.46484375,21.17919921875,1742308787.73789
1742308787,757624036,-0.02783203125,0.16748046875,0.826171875,-2.9296875,-2.38037109375,21.17919921875,1742308787.7576241
1742308787,777725513,0.0146484375,0.07763671875,1.0126953125,-2.62451171875,-1.46484375,21.91162109375,1742308787.7777255
1742308787,797704300,0.0185546875,0.0205078125,1.02783203125,4.82177734375,-3.7841796875,23.37646484375,1742308787.7977042
1742308787,817706223,-0.00830078125,0.06005859375,0.83740234375,-4.2724609375,-3.84521484375,25.7568359375,1742308787.817706
1742308787,837587247,0.0625,-0.01806640625,1.03955078125,-2.99072265625,1.0986328125,27.7099609375,1742308787.8375874
1742308787,857630611,0.17578125,0.0615234375,0.93994140625,8.11767578125,5.7373046875,23.4375,1742308787.8576307
1742308787,877583637,0.0009765625,0.1123046875,0.771484375,-2.74658203125,0.732421875,23.25439453125,1742308787.8775837
1742308787,897497878,-0.06103515625,-0.041015625,1.02685546875,-3.47900390625,-1.5869140625,25.87890625,1742308787.897498
1742308787,917677084,-0.05810546875,-0.06982421875,1.07421875,9.94873046875,-1.64794921875,29.11376953125,1742308787.9176772
1742308787,937886979,0.03369140625,0.1357421875,1.01708984375,7.2021484375,3.84521484375,26.9775390625,1742308787.937887
1742308787,957890438,0.0341796875,0.125,1.04248046875,-2.5634765625,2.50244140625,29.23583984375,1742308787.9578905
1742308787,977751750,-0.01171875,0.0537109375,1.0595703125,3.662109375,5.37109375,36.80419921875,1742308787.9777517
1742308787,998144816,0.0224609375,0.0888671875,0.99072265625,13.36669921875,3.5400390625,35.46142578125,1742308787.9981449
1742308788,17695656,0.0537109375,0.00390625,1.111328125,7.26318359375,0.3662109375,33.447265625,1742308788.0176957
1742308788,37672486,-0.0107421875,0.0146484375,1.197265625,4.8828125,0.79345703125,32.470703125,1742308788.0376725
1742308788,57628708,0.0478515625,0.072265625,1.0166015625,2.62451171875,6.77490234375,31.8603515625,1742308788.0576286
1742308788,77632899,0.06640625,0.0390625,0.8154296875,4.0283203125,7.75146484375,30.57861328125,1742308788.077633
1742308788,97626369,-0.029296875,0.0439453125,0.77197265625,4.7607421875,-0.1220703125,29.052734375,1742308788.0976264
1742308788,117596095,0.0576171875,0.12548828125,0.86474609375,-1.708984375,3.7841796875,30.09033203125,1742308788.1175961
1742308788,137736064,0.05078125,0.134765625,1.02197265625,-1.220703125,-0.3662109375,32.1044921875,1742308788.137736
1742308788,157798112,-0.02587890625,0.10302734375,1.0009765625,5.31005859375,-5.37109375,33.69140625,1742308788.157798
1742308788,177614972,0.02392578125,0.08837890625,0.94287109375,2.44140625,2.01416015625,34.24072265625,1742308788.177615
1742308788,197674267,-0.0791015625,0.0634765625,0.99072265625,0.79345703125,-1.15966796875,35.400390625,1742308788.1976743
1742308788,217682042,-0.0576171875,0.0625,1.0390625,0.79345703125,-2.25830078125,35.888671875,1742308788.2176821
1742308788,237627064,-0.0478515625,-0.03466796875,1.06103515625,-1.28173828125,-2.44140625,37.109375,1742308788.237627
1742308788,257627510,0.01806640625,0.0419921875,0.98486328125,-0.91552734375,-2.13623046875,38.57421875,1742308788.2576275
1742308788,277704246,0.060546875,0.06201171875,1.091796875,0.0,3.84521484375,41.6259765625,1742308788.2777042
1742308788,297752214,0.0263671875,0.14404296875,1.06103515625,3.41796875,1.40380859375,42.90771484375,1742308788.2977521
1742308788,318043002,0.08642578125,0.0849609375,1.02197265625,0.91552734375,5.0048828125,44.12841796875,1742308788.318043
1742308788,337767124,0.0068359375,-0.00537109375,1.029296875,2.8076171875,3.96728515625,43.51806640625,1742308788.3377671
1742308788,358027895,0.00244140625,0.03271484375,0.908203125,3.84521484375,1.64794921875,45.47119140625,1742308788.358028
1742308788,377642479,0.1591796875,0.154296875,0.880859375,-5.43212890625,5.79833984375,45.10498046875,1742308788.3776424
1742308788,397698574,0.0908203125,0.169921875,1.01953125,0.67138671875,6.65283203125,45.166015625,1742308788.3976986
1742308788,417845040,-0.00146484375,0.17822265625,0.89794921875,1.77001953125,3.35693359375,43.5791015625,1742308788.417845
1742308788,437688875,-0.07373046875,0.0732421875,0.9296875,2.8076171875,-4.21142578125,43.45703125,1742308788.4376888
1742308788,457642153,0.04736328125,0.10986328125,0.89404296875,-6.65283203125,0.67138671875,42.236328125,1742308788.457642
1742308788,477709129,0.107421875,-0.0107421875,1.0517578125,-2.62451171875,3.96728515625,44.7998046875,1742308788.477709
1742308788,497705320,0.07568359375,0.02734375,0.85400390625,1.52587890625,2.685546875,49.1943359375,1742308788.4977052
1742308788,517759623,0.177734375,0.08447265625,1.06298828125,-3.2958984375,9.70458984375,48.4619140625,1742308788.5177596
1742308788,537717285,0.04736328125,0.130859375,1.03955078125,1.953125,4.7607421875,47.7294921875,1742308788.5377173
1742308788,552780717,-0.01513671875,0.09619140625,0.892578125,-2.0751953125,-1.15966796875,49.8046875,1742308788.5527806
1742308788,577872005,-0.07275390625,0.03515625,1.09130859375,1.03759765625,0.42724609375,57.373046875,1742308788.577872
1742308788,598102760,0.0595703125,-0.0234375,1.09814453125,3.96728515625,-4.638671875,59.2041015625,1742308788.5981028
1742308788,612828170,0.10791015625,0.0224609375,1.10888671875,4.08935546875,4.45556640625,57.9833984375,1742308788.6128283
1742308788,637837697,0.0615234375,0.1396484375,0.9423828125,-3.90625,4.94384765625,57.92236328125,1742308788.6378376
1742308788,657878560,0.0380859375,0.0986328125,0.89208984375,-5.55419921875,0.18310546875,58.10546875,1742308788.6578786
1742308788,677832254,0.1220703125,0.080078125,0.93115234375,-3.72314453125,1.89208984375,56.09130859375,1742308788.6778324
1742308788,697951295,0.15380859375,0.185546875,0.9130859375,1.708984375,5.92041015625,53.89404296875,1742308788.6979513
1742308788,718102272,0.0751953125,0.19873046875,0.86279296875,0.0,5.9814453125,51.45263671875,1742308788.7181022
1742308788,732872995,0.00048828125,0.11328125,0.88525390625,-1.46484375,2.62451171875,50.9033203125,1742308788.732873
1742308788,752724191,0.0986328125,0.0732421875,0.83349609375,2.25830078125,-3.2958984375,54.5654296875,1742308788.7527242
1742308788,772804063,0.05029296875,0.09326171875,0.8662109375,-2.3193359375,7.8125,57.80029296875,1742308788.772804
1742308788,797838966,0.02978515625,0.03076171875,0.919921875,-5.859375,-1.03759765625,63.4765625,1742308788.797839
1742308788,818121817,0.1240234375,0.09228515625,0.90625,-2.685546875,4.69970703125,63.3544921875,1742308788.818122
1742308788,837717073,0.2177734375,0.10400390625,0.86865234375,-5.43212890625,3.60107421875,59.2041015625,1742308788.837717
1742308788,857879730,0.0625,0.01806640625,1.0546875,-2.86865234375,8.11767578125,58.4716796875,1742308788.8578796
1742308788,878045748,-0.08447265625,0.03173828125,0.892578125,0.244140625,-5.79833984375,63.04931640625,1742308788.8780458
1742308788,897780142,0.10400390625,0.13671875,0.85791015625,-2.62451171875,3.35693359375,62.92724609375,1742308788.8977802
1742308788,917825454,0.0048828125,0.15185546875,0.9130859375,-2.685546875,-2.25830078125,62.80517578125,1742308788.9178255
1742308788,937519591,0.10107421875,-0.0126953125,0.9912109375,-2.74658203125,-1.77001953125,63.720703125,1742308788.9375196
1742308788,957589447,0.03759765625,0.00732421875,0.962890625,1.8310546875,1.77001953125,63.29345703125,1742308788.9575894
1742308788,977715816,0.0888671875,0.08154296875,0.99658203125,-1.953125,3.7841796875,61.6455078125,1742308788.9777157
1742308788,997555171,0.072265625,0.1025390625,1.05322265625,0.06103515625,3.173828125,61.21826171875,1742308788.9975553
1742308789,17723202,0.0673828125,0.083984375,1.0771484375,2.62451171875,0.9765625,61.8896484375,1742308789.017723
1742308789,37605403,0.03466796875,0.1181640625,0.998046875,3.72314453125,5.06591796875,62.43896484375,1742308789.0376053
1742308789,57511859,0.06689453125,0.15380859375,1.10888671875,4.94384765625,2.3193359375,59.50927734375,1742308789.0575118
1742308789,77554159,0.12255859375,0.0947265625,1.0146484375,6.8359375,0.3662109375,55.5419921875,1742308789.0775542
1742308789,97563978,0.0712890625,0.1279296875,0.81494140625,1.52587890625,7.4462890625,55.5419921875,1742308789.097564
1742308789,117660198,-0.11474609375,0.0546875,0.92431640625,-9.6435546875,1.953125,61.6455078125,1742308789.1176603
1742308789,137752770,0.01025390625,-0.013671875,1.0322265625,-1.40380859375,5.2490234375,66.2841796875,1742308789.1377528
1742308789,157820990,0.13916015625,0.041015625,0.8564453125,-2.01416015625,-1.40380859375,62.56103515625,1742308789.157821
1742308789,177628949,0.17236328125,0.0439453125,0.88916015625,-3.60107421875,6.65283203125,60.1806640625,1742308789.177629
1742308789,197618447,0.11376953125,0.10498046875,0.77392578125,-0.6103515625,0.30517578125,60.11962890625,1742308789.1976185
1742308789,217911471,0.12255859375,0.13232421875,0.8330078125,-3.84521484375,5.43212890625,60.72998046875,1742308789.2179115
1742308789,237658661,-0.0244140625,0.0634765625,0.87841796875,-2.44140625,-1.46484375,64.0869140625,1742308789.2376587
1742308789,257902852,0.13232421875,0.10693359375,0.875,-3.173828125,-0.3662109375,61.6455078125,1742308789.2579029
1742308789,277689531,0.0830078125,0.14111328125,0.87841796875,-4.33349609375,1.220703125,56.70166015625,1742308789.2776895
1742308789,298939979,0.142578125,0.13720703125,0.98095703125,1.8310546875,2.50244140625,54.26025390625,1742308789.29894
1742308789,317790482,-0.05859375,0.05419921875,1.14697265625,8.1787109375,1.64794921875,55.908203125,1742308789.3177905
1742308789,337670634,-0.01318359375,0.08251953125,0.88720703125,6.28662109375,3.2958984375,58.16650390625,1742308789.3376706
1742308789,357691845,0.158203125,0.14697265625,0.779296875,-4.638671875,2.62451171875,55.17578125,1742308789.3576918
1742308789,377660799,0.1767578125,0.04931640625,0.978515625,2.38037109375,8.056640625,50.537109375,1742308789.3776608
1742308789,397718939,0.0908203125,0.03955078125,0.8701171875,3.60107421875,6.34765625,42.90771484375,1742308789.397719
1742308789,417710325,-0.0048828125,0.07177734375,0.7236328125,0.1220703125,3.173828125,40.6494140625,1742308789.4177103
1742308789,437621550,0.064453125,0.18359375,0.7421875,-5.4931640625,3.7841796875,38.330078125,1742308789.4376216
1742308789,458079697,0.033203125,0.095703125,0.9521484375,-5.126953125,-2.197265625,38.87939453125,1742308789.4580798
1742308789,477672900,0.0029296875,-0.0078125,0.9990234375,-1.03759765625,-1.15966796875,38.63525390625,1742308789.4776728
1742308789,497802209,0.0478515625,0.00732421875,0.771484375,-1.8310546875,-4.33349609375,36.43798828125,1742308789.4978023
1742308789,517712186,0.0732421875,-0.0146484375,0.880859375,-4.45556640625,4.39453125,31.8603515625,1742308789.517712
1742308789,537737429,0.0107421875,0.0654296875,0.97705078125,-4.94384765625,3.5400390625,31.1279296875,1742308789.5377374
1742308789,557594061,-0.04345703125,0.08544921875,1.07666015625,-0.9765625,2.9296875,34.1796875,1742308789.557594
1742308789,577673065,-0.0126953125,0.13330078125,0.9482421875,-1.64794921875,4.21142578125,34.48486328125,1742308789.577673
1742308789,597816006,-0.0732421875,0.1025390625,1.0947265625,0.3662109375,0.6103515625,34.72900390625,1742308789.597816
1742308789,617752832,-0.0537109375,0.0,1.158203125,6.16455078125,2.8076171875,29.35791015625,1742308789.6177528
1742308789,637539383,-0.0244140625,-0.02880859375,1.1826171875,4.150390625,2.25830078125,25.87890625,1742308789.6375394
1742308789,657866999,-0.03515625,0.052734375,1.08740234375,2.50244140625,0.48828125,23.92578125,1742308789.657867
1742308789,677600941,0.048828125,0.103515625,1.02197265625,0.42724609375,0.79345703125,21.1181640625,1742308789.6776009
1742308789,697649384,0.0302734375,0.05810546875,1.14404296875,2.38037109375,-0.30517578125,19.4091796875,1742308789.6976495
1742308789,717731236,0.01220703125,0.01708984375,1.208984375,9.94873046875,7.568359375,16.66259765625,1742308789.7177312
1742308789,737669566,-0.02001953125,0.041015625,1.02294921875,9.8876953125,2.685546875,16.6015625,1742308789.7376695
1742308789,757698873,-0.0419921875,0.11767578125,0.826171875,-4.0283203125,-0.6103515625,17.15087890625,1742308789.7576988
1742308789,777774869,-0.001953125,-0.01171875,0.8720703125,-5.06591796875,-3.47900390625,15.68603515625,1742308789.7777748
1742308789,797731887,0.07958984375,0.0068359375,0.92919921875,1.708984375,4.8828125,12.20703125,1742308789.7977319
1742308789,817962765,-0.02685546875,0.11376953125,0.95751953125,0.30517578125,3.47900390625,10.92529296875,1742308789.8179626
1742308789,837658979,-0.07470703125,0.12255859375,1.01416015625,-1.28173828125,-1.77001953125,10.55908203125,1742308789.837659
1742308789,857609788,-0.11279296875,0.0478515625,1.03466796875,-1.15966796875,-2.99072265625,12.939453125,1742308789.8576097
1742308789,877883580,0.072265625,0.0517578125,1.13623046875,3.23486328125,-0.1220703125,12.3291015625,1742308789.8778837
1742308789,897674835,-0.0390625,-0.0048828125,0.8876953125,2.13623046875,1.15966796875,10.19287109375,1742308789.8976748
1742308789,917944754,0.00439453125,0.0732421875,0.8427734375,-7.38525390625,1.8310546875,7.568359375,1742308789.9179447
1742308789,937567078,-0.07470703125,0.01220703125,1.10546875,-4.21142578125,1.0986328125,9.46044921875,1742308789.937567
1742308789,957729027,-0.06591796875,0.01220703125,1.09130859375,1.8310546875,0.30517578125,10.986328125,1742308789.957729
1742308789,977654845,0.0185546875,0.0634765625,1.001953125,1.77001953125,1.708984375,8.23974609375,1742308789.977655
1742308789,997732664,-0.02392578125,0.0615234375,0.9580078125,-1.52587890625,2.13623046875,6.77490234375,1742308789.9977326
1742308790,17573517,-0.02197265625,0.0791015625,1.0078125,0.732421875,0.79345703125,7.99560546875,1742308790.0175736
1742308790,37606085,-0.04638671875,0.109375,1.19677734375,7.568359375,1.46484375,8.48388671875,1742308790.037606
1742308790,57603195,-0.08056640625,0.03466796875,1.01904296875,2.25830078125,-2.5634765625,7.75146484375,1742308790.0576031
1742308790,77536241,0.017578125,0.01318359375,1.07470703125,-2.38037109375,1.03759765625,6.2255859375,1742308790.0775363
1742308790,97834316,-0.0205078125,0.02197265625,1.16015625,2.50244140625,5.2490234375,2.62451171875,1742308790.0978343
1742308790,117893476,-0.02001953125,-0.04833984375,1.169921875,12.20703125,5.859375,4.8828125,1742308790.1178935
1742308790,137710328,-0.2080078125,0.09619140625,0.9033203125,2.25830078125,-7.14111328125,7.01904296875,1742308790.1377103
1742308790,157601996,0.09912109375,0.0693359375,0.94775390625,-7.38525390625,7.38525390625,6.2255859375,1742308790.157602
1742308790,177595203,-0.05810546875,0.04931640625,0.96533203125,-4.94384765625,-0.18310546875,3.662109375,1742308790.1775951
1742308790,197641754,-0.0205078125,0.19140625,0.8916015625,-0.30517578125,-1.77001953125,3.60107421875,1742308790.1976418
1742308790,217651025,-0.0283203125,0.12060546875,1.0673828125,1.52587890625,1.708984375,3.96728515625,1742308790.2176511
1742308790,237651368,-0.0478515625,0.04052734375,1.080078125,4.2724609375,0.244140625,4.94384765625,1742308790.2376513
1742308790,257567293,-0.05419921875,0.06982421875,0.81298828125,-0.79345703125,2.25830078125,7.38525390625,1742308790.2575674
1742308790,277589588,0.0380859375,0.083984375,0.8046875,-6.9580078125,-1.03759765625,6.8359375,1742308790.2775896
1742308790,298234614,0.0205078125,0.06982421875,0.89306640625,-5.7373046875,-0.79345703125,5.859375,1742308790.2982347
1742308790,318115178,-0.02880859375,0.12548828125,0.97119140625,1.5869140625,1.03759765625,5.06591796875,1742308790.3181152
1742308790,337642361,-0.0703125,0.09326171875,1.0,-1.03759765625,1.52587890625,5.37109375,1742308790.3376424
1742308790,357694960,-0.033203125,0.04736328125,1.0087890625,-0.79345703125,-3.5400390625,5.18798828125,1742308790.3576949
1742308790,377752200,0.0146484375,0.0439453125,1.056640625,4.82177734375,3.5400390625,4.82177734375,1742308790.3777523
1742308790,397875841,-0.0185546875,-0.021484375,1.02734375,4.33349609375,-1.220703125,3.11279296875,1742308790.3978758
1742308790,417614899,-0.01708984375,0.046875,1.07666015625,0.06103515625,1.5869140625,3.41796875,1742308790.417615
1742308790,437636234,-0.12548828125,0.06884765625,1.09326171875,-0.6103515625,-0.1220703125,5.43212890625,1742308790.4376361
1742308790,457722658,0.037109375,0.08251953125,1.0234375,3.96728515625,-0.06103515625,2.8076171875,1742308790.4577227
1742308790,477645559,0.0048828125,0.10986328125,0.984375,2.0751953125,4.8828125,-0.3662109375,1742308790.4776456
1742308790,497822769,-0.08251953125,0.04052734375,1.0625,4.638671875,0.244140625,0.67138671875,1742308790.4978228
1742308790,517607140,-0.099609375,0.0234375,0.90673828125,6.4697265625,1.8310546875,5.37109375,1742308790.5176072
1742308790,537593914,0.03369140625,0.078125,0.92333984375,-6.16455078125,4.33349609375,5.43212890625,1742308790.5375938
1742308790,557585585,-0.05224609375,0.04052734375,1.078125,-1.0986328125,-0.91552734375,3.7841796875,1742308790.5575855
1742308790,577694089,-0.03515625,0.05810546875,1.04736328125,3.11279296875,-2.685546875,4.82177734375,1742308790.5776942
1742308790,597662847,0.00439453125,0.00634765625,1.13818359375,4.150390625,4.150390625,4.2724609375,1742308790.597663
1742308790,617609845,-0.1025390625,-0.01708984375,0.962890625,-0.30517578125,0.3662109375,7.080078125,1742308790.6176097
1742308790,637673389,-0.0439453125,0.06494140625,0.9658203125,-7.080078125,-0.244140625,6.04248046875,1742308790.6376734
1742308790,657674915,-0.03955078125,-0.00390625,0.943359375,-5.859375,-3.2958984375,7.080078125,1742308790.657675
1742308790,677699130,-0.0068359375,0.03173828125,0.92431640625,2.197265625,-4.39453125,9.765625,1742308790.677699
1742308790,697692689,0.0126953125,0.126953125,0.93896484375,0.54931640625,0.18310546875,7.6904296875,1742308790.6976926
1742308790,717676647,-0.00634765625,0.115234375,0.9736328125,-1.52587890625,-3.173828125,7.2021484375,1742308790.7176766
1742308790,737574300,0.0126953125,0.076171875,0.9873046875,-2.62451171875,1.15966796875,7.4462890625,1742308790.7375743
1742308790,757567635,-0.05419921875,0.06494140625,0.98681640625,-0.8544921875,6.40869140625,8.97216796875,1742308790.7575676
1742308790,777744940,-0.10595703125,0.0517578125,0.9638671875,6.7138671875,-4.0283203125,10.55908203125,1742308790.777745
1742308790,797785316,0.0,0.18310546875,0.91015625,8.23974609375,-0.9765625,8.056640625,1742308790.7977853
1742308790,817609175,0.001953125,0.1376953125,1.015625,4.2724609375,1.3427734375,5.55419921875,1742308790.817609
1742308790,837618254,-0.03759765625,0.0244140625,0.984375,1.89208984375,5.18798828125,4.150390625,1742308790.8376184
1742308790,857601764,-0.08837890625,0.0595703125,0.97119140625,-1.40380859375,-5.37109375,5.4931640625,1742308790.857602
1742308790,877758974,0.0009765625,0.06982421875,0.892578125,1.953125,3.2958984375,4.94384765625,1742308790.877759
1742308790,897927959,-0.0009765625,0.1533203125,0.82861328125,5.55419921875,-0.6103515625,6.103515625,1742308790.897928
1742308790,917708842,-0.001953125,0.13232421875,0.95166015625,-10.07080078125,4.45556640625,6.2255859375,1742308790.9177089
1742308790,937724833,-0.0029296875,0.083984375,1.0654296875,-4.2724609375,1.89208984375,3.60107421875,1742308790.9377248
1742308790,957692471,-0.04345703125,0.07666015625,1.12109375,3.84521484375,6.65283203125,2.197265625,1742308790.9576924
1742308790,974210866,-0.14013671875,0.06689453125,0.99462890625,5.18798828125,-4.2724609375,3.23486328125,1742308790.974211
1742308790,998221837,-0.0927734375,0.12744140625,0.88671875,-0.9765625,-0.732421875,5.79833984375,1742308790.9982219
1742308791,17634807,-0.130859375,0.12841796875,0.84814453125,-0.8544921875,-4.33349609375,6.65283203125,1742308791.0176349
1742308791,37599945,-0.03857421875,0.1357421875,0.88623046875,-3.72314453125,-3.60107421875,5.37109375,1742308791.0376
1742308791,57608860,0.0234375,0.03955078125,1.1376953125,-0.79345703125,0.0,3.96728515625,1742308791.0576088
1742308791,77715441,-0.08935546875,0.05859375,1.01318359375,1.64794921875,0.9765625,4.0283203125,1742308791.0777154
1742308791,97641314,0.0390625,0.0703125,0.947265625,-2.44140625,3.2958984375,2.99072265625,1742308791.0976412
1742308791,117674486,-0.03173828125,0.06982421875,0.8740234375,-1.15966796875,0.8544921875,2.0751953125,1742308791.1176746
1742308791,137660648,0.03515625,0.1123046875,0.84130859375,-1.953125,-0.48828125,2.197265625,1742308791.1376607
1742308791,157667323,-0.05908203125,0.10107421875,0.9951171875,-1.953125,-0.06103515625,2.38037109375,1742308791.1576674
1742308791,177818801,-0.0029296875,0.08544921875,1.11376953125,6.591796875,1.28173828125,2.5634765625,1742308791.1778188
1742308791,197732706,0.01220703125,0.09765625,0.96533203125,0.42724609375,2.38037109375,0.9765625,1742308791.1977327
1742308791,217767221,-0.04150390625,0.04736328125,0.8994140625,-4.69970703125,0.6103515625,-0.9765625,1742308791.2177672
1742308791,237800489,-0.15087890625,0.05419921875,1.052734375,1.03759765625,-4.21142578125,1.03759765625,1742308791.2378006
1742308791,257666105,-0.099609375,0.03662109375,1.0634765625,7.080078125,0.8544921875,1.8310546875,1742308791.257666
1742308791,277721997,-0.03125,0.08056640625,0.95556640625,0.06103515625,0.18310546875,1.5869140625,1742308791.277722
1742308791,298090150,-0.04296875,0.015625,1.0341796875,-5.7373046875,1.15966796875,0.67138671875,1742308791.2980902
1742308791,317877781,0.02099609375,-0.0068359375,1.0546875,0.9765625,3.662109375,-0.1220703125,1742308791.3178778
1742308791,337597155,-0.0166015625,0.17236328125,0.78759765625,-0.54931640625,-0.6103515625,-0.3662109375,1742308791.3375971
1742308791,357658231,-0.04541015625,0.1767578125,0.9248046875,-6.7138671875,-2.0751953125,2.13623046875,1742308791.3576581
1742308791,377694699,-0.09619140625,0.1083984375,0.95556640625,-2.685546875,-4.5166015625,5.0048828125,1742308791.3776946
1742308791,398164677,-0.0166015625,0.0908203125,1.0,-1.3427734375,-3.0517578125,4.5166015625,1742308791.3981647
1742308791,417709456,-0.06982421875,0.05615234375,1.0654296875,-0.48828125,-1.15966796875,5.79833984375,1742308791.4177094
1742308791,437781029,-0.01171875,0.04248046875,0.9970703125,1.46484375,-0.9765625,6.2255859375,1742308791.437781
1742308791,457717590,-0.017578125,0.078125,0.99365234375,1.8310546875,2.3193359375,7.080078125,1742308791.4577177
1742308791,477761258,0.01513671875,0.064453125,0.92919921875,-0.91552734375,4.638671875,8.4228515625,1742308791.4777613
1742308791,497830846,-0.0478515625,0.0126953125,1.05078125,-0.42724609375,-4.69970703125,8.7890625,1742308791.4978309
1742308791,517669102,0.05517578125,0.02490234375,0.93798828125,5.79833984375,-1.89208984375,9.82666015625,1742308791.5176692
1742308791,537809955,0.013671875,0.15185546875,0.91357421875,6.16455078125,-0.30517578125,15.13671875,1742308791.5378098
1742308791,557729204,0.04052734375,0.10107421875,1.02734375,4.57763671875,-0.30517578125,18.85986328125,1742308791.5577292
1742308791,577939755,0.0576171875,0.07763671875,0.97998046875,0.06103515625,6.103515625,20.751953125,1742308791.5779397
1742308791,597794427,-0.08056640625,0.12158203125,0.955078125,-2.685546875,-0.244140625,20.99609375,1742308791.5977945
1742308791,617846511,-0.12060546875,-0.00439453125,1.0537109375,5.0048828125,-9.09423828125,25.69580078125,1742308791.6178465
1742308791,637747136,0.1083984375,0.07470703125,0.935546875,6.77490234375,5.859375,29.052734375,1742308791.637747
1742308791,657686546,0.05029296875,0.12353515625,0.8984375,-1.03759765625,-3.35693359375,36.92626953125,1742308791.6576865
1742308791,677662244,0.072265625,0.0654296875,1.103515625,-5.9814453125,7.87353515625,43.15185546875,1742308791.6776621
1742308791,697908795,0.013671875,0.0283203125,1.0400390625,3.11279296875,1.03759765625,43.5791015625,1742308791.6979089
1742308791,717734763,0.01220703125,0.06005859375,0.8291015625,-0.9765625,1.3427734375,43.39599609375,1742308791.7177348
1742308791,732879564,0.02099609375,0.111328125,0.84814453125,-8.36181640625,4.8828125,45.2880859375,1742308791.7328796
1742308791,757794386,-0.02001953125,0.0498046875,1.0478515625,0.0,-2.0751953125,46.875,1742308791.7577944
1742308791,777838405,0.00537109375,0.1513671875,0.93896484375,5.126953125,-1.220703125,46.81396484375,1742308791.7778385
1742308791,797710486,0.12158203125,0.1669921875,0.83740234375,0.30517578125,-2.3193359375,46.08154296875,1742308791.7977104
1742308791,817996845,-0.013671875,0.126953125,0.89208984375,-2.01416015625,0.0,44.00634765625,1742308791.8179967
1742308791,837674811,0.06884765625,0.0732421875,1.04296875,3.0517578125,0.732421875,45.2880859375,1742308791.8376749
1742308791,857657197,0.0673828125,0.07470703125,0.98388671875,5.615234375,2.44140625,44.43359375,1742308791.8576572
1742308791,873102227,0.05126953125,0.08984375,0.94189453125,1.708984375,4.150390625,42.66357421875,1742308791.8731022
1742308791,898053146,0.07861328125,0.15771484375,1.00634765625,3.72314453125,2.3193359375,41.93115234375,1742308791.8980532
1742308791,917664582,0.009765625,0.1328125,1.05224609375,0.3662109375,6.8359375,40.58837890625,1742308791.9176645
1742308791,937693497,-0.06103515625,0.05908203125,0.98095703125,0.18310546875,3.90625,38.87939453125,1742308791.9376936
1742308791,957815598,-0.12255859375,0.00244140625,1.09375,7.8125,-4.0283203125,39.55078125,1742308791.9578156
1742308791,977874690,0.04345703125,0.05078125,0.9951171875,7.4462890625,4.7607421875,38.51318359375,1742308791.9778748
1742308791,997999991,0.05712890625,0.02197265625,1.10693359375,-2.5634765625,-1.03759765625,38.75732421875,1742308791.998
1742308792,17820100,0.1201171875,0.0263671875,1.14111328125,-1.28173828125,12.26806640625,38.57421875,1742308792.0178201
1742308792,37697841,-0.06982421875,0.087890625,0.9208984375,2.74658203125,-2.50244140625,37.7197265625,1742308792.0376978
1742308792,57758017,-0.02099609375,0.17138671875,0.818359375,3.72314453125,4.2724609375,37.2314453125,1742308792.057758
1742308792,77870322,0.00830078125,0.1455078125,0.8876953125,0.67138671875,0.18310546875,35.82763671875,1742308792.0778704
1742308792,97715614,-0.02734375,0.02978515625,0.91650390625,-0.6103515625,2.685546875,36.62109375,1742308792.0977156
1742308792,117665805,0.08984375,0.06005859375,0.97412109375,-0.18310546875,3.60107421875,36.1328125,1742308792.1176658
1742308792,137681980,0.05029296875,0.12451171875,0.97412109375,-1.28173828125,2.25830078125,34.36279296875,1742308792.137682
1742308792,157763725,-0.01953125,0.1884765625,0.93701171875,0.18310546875,-2.5634765625,32.04345703125,1742308792.1577637
1742308792,178380134,0.005859375,0.107421875,0.9443359375,3.90625,-1.64794921875,33.3251953125,1742308792.1783803
1742308792,197849292,0.02490234375,0.09521484375,0.8076171875,5.615234375,-4.8828125,33.02001953125,1742308792.1978493
1742308792,217760506,0.1025390625,0.091796875,0.95751953125,-0.9765625,-0.3662109375,31.73828125,1742308792.2177606
1742308792,237627815,0.0390625,0.0478515625,1.19287109375,2.25830078125,6.7138671875,28.50341796875,1742308792.2376277
1742308792,258035901,-0.03271484375,0.01904296875,1.04736328125,3.47900390625,2.86865234375,28.50341796875,1742308792.258036
1742308792,278115757,-0.02734375,0.09326171875,0.8359375,-1.8310546875,2.01416015625,29.23583984375,1742308792.2781157
1742308792,298010970,-0.00341796875,0.1103515625,0.8505859375,-8.23974609375,-0.3662109375,28.86962890625,1742308792.298011
1742308792,318906200,0.06201171875,0.06494140625,1.041015625,-1.220703125,2.74658203125,28.9306640625,1742308792.3189063
1742308792,337852502,-0.0390625,0.046875,0.90771484375,1.0986328125,3.96728515625,26.9775390625,1742308792.3378525
1742308792,357844549,0.0576171875,0.08154296875,0.95556640625,-6.28662109375,-1.52587890625,28.076171875,1742308792.3578446
1742308792,377814739,0.03759765625,0.046875,1.0029296875,0.244140625,6.34765625,28.9306640625,1742308792.3778148
1742308792,397956101,-0.01025390625,0.177734375,0.685546875,-4.638671875,-2.62451171875,28.99169921875,1742308792.3979561
1742308792,417608398,0.06689453125,0.1435546875,0.7705078125,-12.02392578125,-2.50244140625,27.2216796875,1742308792.4176085
1742308792,437705343,-0.0107421875,0.12646484375,1.06005859375,-0.8544921875,-2.9296875,28.38134765625,1742308792.4377053
1742308792,457730318,0.06787109375,0.15478515625,1.0400390625,10.009765625,1.3427734375,29.72412109375,1742308792.4577303
1742308792,477758718,-0.00439453125,0.119140625,0.7998046875,1.03759765625,0.54931640625,30.21240234375,1742308792.4777586
1742308792,497661483,0.0771484375,-0.00439453125,1.05078125,-1.64794921875,3.60107421875,28.25927734375,1742308792.4976616
1742308792,518064289,0.04052734375,0.041015625,1.08154296875,5.7373046875,0.91552734375,26.123046875,1742308792.5180643
1742308792,537830861,-0.00927734375,0.08154296875,0.99072265625,-0.18310546875,4.150390625,26.67236328125,1742308792.5378308
1742308792,557655129,-0.046875,-0.017578125,1.00537109375,3.60107421875,-2.0751953125,28.4423828125,1742308792.557655
1742308792,577756297,0.03271484375,0.05078125,1.162109375,7.50732421875,-1.220703125,27.40478515625,1742308792.5777564
1742308792,597776729,-0.00341796875,0.10693359375,0.99658203125,3.23486328125,0.9765625,26.4892578125,1742308792.5977767
1742308792,617836649,0.03466796875,0.048828125,0.9248046875,-2.3193359375,1.220703125,25.20751953125,1742308792.6178367
1742308792,637630805,-0.001953125,-0.06591796875,0.9345703125,-3.47900390625,4.638671875,24.169921875,1742308792.6376307
1742308792,657867048,-0.11083984375,-0.041015625,1.091796875,4.33349609375,-1.89208984375,24.71923828125,1742308792.657867
1742308792,677954584,0.05419921875,0.15869140625,1.083984375,3.11279296875,4.45556640625,22.216796875,1742308792.6779547
1742308792,698169611,0.021484375,0.12158203125,0.9609375,-7.8125,0.0,23.3154296875,1742308792.6981697
1742308792,717807348,-0.00439453125,0.08984375,1.076171875,2.62451171875,4.21142578125,23.74267578125,1742308792.7178073
1742308792,737817347,0.072265625,0.08740234375,0.939453125,8.056640625,7.14111328125,21.97265625,1742308792.7378173
1742308792,757694672,-0.14013671875,0.08349609375,0.91259765625,0.0,-0.06103515625,24.5361328125,1742308792.7576947
1742308792,778071174,-0.0361328125,0.0322265625,1.0625,-4.39453125,2.13623046875,27.2216796875,1742308792.7780712
1742308792,797740175,-0.0126953125,0.05810546875,0.947265625,-3.2958984375,-4.7607421875,27.099609375,1742308792.7977402
1742308792,818062980,0.1025390625,0.18994140625,0.84375,-1.0986328125,-1.15966796875,24.47509765625,1742308792.818063
1742308792,837858927,0.0107421875,0.21484375,0.90625,-2.685546875,-0.79345703125,23.4375,1742308792.837859
1742308792,858475849,0.0029296875,0.0654296875,0.91455078125,4.57763671875,-2.13623046875,26.611328125,1742308792.858476
1742308792,877783404,0.04345703125,0.0712890625,0.94677734375,3.7841796875,-2.86865234375,29.296875,1742308792.8777833
1742308792,897835868,0.13232421875,0.0048828125,1.0556640625,-2.62451171875,6.40869140625,27.77099609375,1742308792.897836
1742308792,917695593,0.00830078125,-0.02294921875,0.95263671875,1.8310546875,0.48828125,31.1279296875,1742308792.9176955
1742308792,937738969,0.10205078125,0.1591796875,0.86572265625,-0.42724609375,2.86865234375,40.1611328125,1742308792.937739
1742308792,957809289,0.078125,0.2001953125,0.97607421875,-2.5634765625,2.38037109375,48.4619140625,1742308792.9578092
1742308792,977833177,0.013671875,0.138671875,1.01025390625,2.13623046875,-1.5869140625,54.50439453125,1742308792.9778333
1742308792,997712326,-0.0615234375,0.02294921875,0.99169921875,1.89208984375,-6.28662109375,60.1806640625,1742308792.9977124
1742308793,12936611,0.1669921875,0.009765625,1.0,3.47900390625,6.591796875,63.29345703125,1742308793.0129366
1742308793,37746782,0.14013671875,0.0791015625,0.9375,-4.8828125,6.591796875,60.791015625,1742308793.0377467
1742308793,57730858,0.07421875,0.0654296875,1.14404296875,-4.39453125,7.2021484375,64.51416015625,1742308793.057731
1742308793,77692532,-0.04052734375,-0.01025390625,1.1767578125,9.3994140625,3.23486328125,65.7958984375,1742308793.0776925
1742308793,97742657,0.037109375,-0.00732421875,0.92578125,5.18798828125,0.30517578125,65.0634765625,1742308793.0977426
1742308793,117713996,0.08740234375,0.00048828125,1.06201171875,-6.103515625,5.859375,64.39208984375,1742308793.117714
1742308793,137687351,0.08642578125,-0.0341796875,1.1650390625,2.3193359375,3.0517578125,62.92724609375,1742308793.1376874
1742308793,157763748,0.03857421875,0.06787109375,0.97412109375,4.638671875,8.544921875,63.232421875,1742308793.1577637
1742308793,177915026,-0.01953125,0.10009765625,0.96826171875,1.40380859375,-2.38037109375,63.8427734375,1742308793.177915
1742308793,197784155,0.05224609375,0.10693359375,1.0673828125,10.1318359375,-2.50244140625,66.58935546875,1742308793.1977842
1742308793,217686021,0.27294921875,0.20458984375,0.9501953125,5.126953125,6.77490234375,60.97412109375,1742308793.217686
1742308793,237674896,0.12451171875,0.10009765625,0.92041015625,-0.79345703125,6.04248046875,61.46240234375,1742308793.237675
1742308793,257799294,0.103515625,0.05810546875,0.97998046875,6.103515625,7.50732421875,59.75341796875,1742308793.2577994
1742308793,278073358,0.02880859375,0.15380859375,0.94287109375,11.71875,7.50732421875,58.837890625,1742308793.2780733
1742308793,297946167,0.0068359375,0.25439453125,0.76953125,3.2958984375,6.9580078125,57.18994140625,1742308793.2979462
1742308793,317716543,0.07421875,0.07177734375,0.826171875,-0.54931640625,-0.06103515625,55.35888671875,1742308793.3177166
1742308793,337722443,0.0712890625,0.0439453125,0.90673828125,2.74658203125,7.080078125,51.26953125,1742308793.3377225
1742308793,359271216,0.0537109375,0.0380859375,0.927734375,0.79345703125,3.90625,46.32568359375,1742308793.3592713
1742308793,378004774,0.05517578125,0.01171875,1.09814453125,-0.79345703125,4.33349609375,42.236328125,1742308793.3780048
1742308793,397659628,0.0068359375,-0.00048828125,1.01025390625,2.5634765625,9.46044921875,40.71044921875,1742308793.3976595
1742308793,417718009,-0.09521484375,0.10302734375,0.84326171875,-2.9296875,-5.2490234375,41.19873046875,1742308793.417718
1742308793,437779685,0.0029296875,0.0537109375,0.85546875,-7.32421875,-0.6103515625,40.10009765625,1742308793.4377797
1742308793,457864626,-0.0859375,0.01416015625,0.8427734375,-2.62451171875,-1.03759765625,41.3818359375,1742308793.4578645
1742308793,478002208,0.0458984375,0.1337890625,0.8681640625,-1.15966796875,-0.18310546875,37.2314453125,1742308793.4780023
1742308793,497721991,0.0029296875,0.140625,1.01220703125,-4.94384765625,-3.72314453125,32.1044921875,1742308793.497722
1742308793,518120441,-0.01806640625,0.09619140625,1.0439453125,-1.0986328125,0.6103515625,29.78515625,1742308793.5181205
1742308793,538004738,-0.00341796875,0.0712890625,0.97021484375,4.638671875,2.62451171875,29.4189453125,1742308793.5380046
1742308793,557968077,0.03662109375,0.09912109375,0.90478515625,3.173828125,5.9814453125,27.099609375,1742308793.5579681
1742308793,577908920,-0.02490234375,0.20458984375,0.85546875,-2.5634765625,-1.3427734375,25.0244140625,1742308793.577909
1742308793,597697120,0.05615234375,0.1630859375,1.0380859375,-1.3427734375,1.5869140625,23.193359375,1742308793.597697
1742308793,617647115,0.14013671875,0.13330078125,0.93896484375,5.4931640625,2.44140625,20.01953125,1742308793.6176472
1742308793,637753624,-0.0224609375,0.13916015625,0.7587890625,-1.220703125,0.42724609375,18.798828125,1742308793.6377537
1742308793,657789668,0.00732421875,0.06884765625,0.95849609375,-3.60107421875,2.8076171875,19.22607421875,1742308793.6577897
1742308793,678072116,-0.0830078125,0.07177734375,1.07421875,8.23974609375,-0.48828125,23.92578125,1742308793.6780722
1742308793,697685305,-0.0556640625,0.18896484375,1.12890625,7.14111328125,-2.44140625,26.67236328125,1742308793.6976852
1742308793,717680389,-0.01025390625,0.11669921875,1.060546875,-2.44140625,3.5400390625,27.77099609375,1742308793.7176805
1742308793,737658160,0.0869140625,-0.00732421875,1.1533203125,-0.244140625,4.638671875,27.2216796875,1742308793.7376583
1742308793,757788125,0.0244140625,0.06591796875,0.83251953125,-0.42724609375,5.31005859375,25.20751953125,1742308793.7577882
1742308793,777937579,0.04736328125,0.08349609375,0.88037109375,-3.60107421875,1.52587890625,25.08544921875,1742308793.7779377
1742308793,797683219,0.00439453125,0.07568359375,1.12255859375,0.18310546875,5.0048828125,25.08544921875,1742308793.7976832
1742308793,817599453,-0.09375,0.05322265625,1.158203125,1.77001953125,-6.34765625,30.6396484375,1742308793.8175995
1742308793,837762187,-0.009765625,-0.0361328125,0.99267578125,-0.732421875,6.2255859375,30.09033203125,1742308793.837762
1742308793,857806999,-0.0078125,0.00390625,0.89404296875,0.9765625,-3.84521484375,28.86962890625,1742308793.857807
1742308793,878004646,0.015625,0.04833984375,1.0341796875,0.1220703125,-3.7841796875,28.076171875,1742308793.8780046
1742308793,897845199,0.03173828125,0.0810546875,1.12109375,4.94384765625,1.40380859375,27.34375,1742308793.8978453
1742308793,912843944,0.06494140625,0.14404296875,1.0908203125,6.7138671875,2.25830078125,25.390625,1742308793.912844
1742308793,937760485,0.078125,0.0244140625,1.04736328125,-1.03759765625,5.06591796875,23.25439453125,1742308793.9377606
1742308793,952888415,-0.056640625,-0.0390625,1.142578125,4.150390625,5.615234375,23.13232421875,1742308793.9528885
1742308793,972845066,-0.01220703125,0.08642578125,0.8837890625,2.197265625,3.662109375,21.78955078125,1742308793.972845
1742308793,997848201,-0.06689453125,0.0732421875,0.83349609375,-7.32421875,2.38037109375,20.81298828125,1742308793.9978483
1742308794,17946707,-0.0576171875,0.1162109375,0.92578125,-3.60107421875,-8.4228515625,20.81298828125,1742308794.0179467
1742308794,37838233,0.16552734375,0.22119140625,0.9287109375,-1.46484375,4.0283203125,17.39501953125,1742308794.0378382
1742308794,58408427,0.03515625,0.158203125,0.81787109375,-8.23974609375,1.28173828125,14.58740234375,1742308794.0584085
1742308794,77803561,-0.0185546875,0.0595703125,1.0380859375,-0.244140625,3.7841796875,15.44189453125,1742308794.0778036
1742308794,97800305,-0.107421875,0.07275390625,0.896484375,3.35693359375,-0.79345703125,18.12744140625,1742308794.0978003
1742308794,117908731,0.04541015625,0.05859375,0.84130859375,-1.15966796875,-0.732421875,20.56884765625,1742308794.1179087
1742308794,137917187,0.0693359375,0.107421875,0.8115234375,-4.638671875,1.0986328125,20.01953125,1742308794.1379173
1742308794,158007116,-0.01416015625,0.123046875,0.92919921875,-7.26318359375,3.23486328125,17.578125,1742308794.1580071
1742308794,177859090,-0.03369140625,0.07470703125,1.14599609375,0.732421875,2.685546875,17.7001953125,1742308794.177859
1742308794,197714136,-0.11572265625,0.0966796875,1.17578125,4.94384765625,-1.0986328125,19.4091796875,1742308794.197714
1742308794,217602526,-0.1357421875,0.0078125,1.11572265625,1.52587890625,-4.2724609375,20.56884765625,1742308794.2176025
1742308794,237767208,-0.033203125,-0.0439453125,1.0615234375,2.44140625,-3.90625,20.81298828125,1742308794.2377672
1742308794,257851826,0.07763671875,0.02685546875,0.96923828125,0.67138671875,2.86865234375,19.8974609375,1742308794.2578518
1742308794,277740600,0.00537109375,0.083984375,0.96484375,-1.3427734375,-3.0517578125,17.88330078125,1742308794.2777407
1742308794,297725216,0.09619140625,0.08203125,0.9794921875,-0.54931640625,5.92041015625,15.56396484375,1742308794.2977252
1742308794,317619846,-0.0048828125,0.18017578125,0.89892578125,2.9296875,0.6103515625,14.892578125,1742308794.3176198
1742308794,337633230,-0.01220703125,0.18408203125,0.79833984375,1.40380859375,1.953125,13.7939453125,1742308794.3376331
1742308794,357744024,-0.044921875,0.080078125,0.8427734375,0.9765625,2.685546875,15.380859375,1742308794.357744
1742308794,377779745,-0.06591796875,0.0546875,1.05224609375,5.0048828125,-1.52587890625,15.68603515625,1742308794.3777797
1742308794,397744456,-0.02490234375,0.0595703125,1.19189453125,6.2255859375,0.48828125,17.822265625,1742308794.3977444
1742308794,417677295,-0.00732421875,0.08837890625,1.03515625,-3.0517578125,-1.28173828125,20.263671875,1742308794.4176774
1742308794,437783993,0.1591796875,-0.03564453125,1.07763671875,-1.3427734375,3.5400390625,20.20263671875,1742308794.437784
1742308794,457915363,0.02294921875,0.0390625,0.896484375,3.47900390625,4.5166015625,18.49365234375,1742308794.4579153
1742308794,477852714,-0.07080078125,0.060546875,0.8486328125,1.8310546875,-2.74658203125,20.751953125,1742308794.4778528
1742308794,497738736,-0.041015625,0.1064453125,0.90673828125,-6.2255859375,-4.7607421875,24.23095703125,1742308794.4977388
1742308794,517687192,0.00244140625,0.091796875,1.01416015625,-4.2724609375,0.244140625,25.5126953125,1742308794.517687
1742308794,537703456,0.0908203125,0.1201171875,1.02783203125,4.8828125,-5.18798828125,37.53662109375,1742308794.5377035
1742308794,557790121,0.126953125,0.1552734375,0.91650390625,1.77001953125,2.3193359375,47.2412109375,1742308794.55779
1742308794,577779729,0.14599609375,0.103515625,0.88037109375,0.18310546875,-1.3427734375,53.77197265625,1742308794.5777798
1742308794,597699256,0.14013671875,0.091796875,1.0380859375,2.25830078125,0.244140625,58.89892578125,1742308794.5976992
1742308794,617717408,0.0859375,0.03125,1.00830078125,2.685546875,2.62451171875,62.07275390625,1742308794.6177175
1742308794,637689768,0.142578125,0.0712890625,0.9267578125,-1.15966796875,4.21142578125,61.767578125,1742308794.6376898
1742308794,657941236,0.091796875,0.05126953125,0.8486328125,-0.1220703125,1.220703125,59.5703125,1742308794.6579413
1742308794,678026109,0.17138671875,0.1474609375,0.76611328125,0.30517578125,6.2255859375,57.4951171875,1742308794.6780262
1742308794,697652831,0.068359375,0.20361328125,0.84423828125,-3.35693359375,3.35693359375,58.77685546875,1742308794.6976528
1742308794,717851595,0.021484375,0.171875,0.8740234375,-2.50244140625,-3.47900390625,61.8896484375,1742308794.7178516
1742308794,737986517,0.22607421875,0.130859375,0.87841796875,1.8310546875,10.6201171875,59.6923828125,1742308794.7379866
1742308794,757740665,0.1005859375,0.107421875,0.9697265625,0.06103515625,-0.18310546875,60.05859375,1742308794.7577407
1742308794,778061702,0.0107421875,0.05224609375,1.16845703125,-1.0986328125,11.77978515625,61.03515625,1742308794.7780616
1742308794,797739689,-0.0234375,0.00439453125,1.09423828125,5.43212890625,3.5400390625,63.4765625,1742308794.7977397
1742308794,817943412,-0.0673828125,0.01025390625,0.9296875,-0.1220703125,3.11279296875,62.744140625,1742308794.8179433
1742308794,838389444,0.07421875,0.04052734375,0.89990234375,-6.89697265625,-0.3662109375,63.96484375,1742308794.8383894
1742308794,857943812,0.10546875,0.00830078125,1.0234375,-3.7841796875,3.662109375,62.8662109375,1742308794.8579438
1742308794,877835115,0.091796875,0.091796875,0.91650390625,-0.42724609375,5.859375,63.4765625,1742308794.877835
1742308794,897745745,0.103515625,0.1103515625,0.91357421875,2.99072265625,3.35693359375,64.3310546875,1742308794.8977458
1742308794,917731705,0.0341796875,0.1767578125,0.9189453125,5.7373046875,-4.150390625,64.51416015625,1742308794.9177318
1742308794,937955301,0.03173828125,0.08642578125,1.0634765625,0.18310546875,7.38525390625,64.3310546875,1742308794.9379554
1742308794,957825835,0.09033203125,0.08056640625,0.9150390625,4.0283203125,1.8310546875,66.46728515625,1742308794.957826
1742308794,977815123,0.21728515625,0.09765625,0.9423828125,3.11279296875,10.6201171875,62.19482421875,1742308794.9778152
1742308794,997792986,0.03173828125,0.21728515625,0.865234375,4.7607421875,1.03759765625,60.05859375,1742308794.997793
1742308795,17770559,0.06103515625,0.15478515625,0.98046875,1.15966796875,1.15966796875,59.9365234375,1742308795.0177705
1742308795,37944967,-0.0634765625,0.05322265625,0.93408203125,3.662109375,-3.23486328125,62.68310546875,1742308795.037945
1742308795,57886731,0.1025390625,0.10107421875,0.9638671875,5.37109375,-1.77001953125,62.56103515625,1742308795.0578868
1742308795,77802222,0.0517578125,0.08544921875,1.0517578125,2.86865234375,0.06103515625,59.26513671875,1742308795.0778022
1742308795,97811347,0.0791015625,0.02978515625,1.06787109375,0.30517578125,3.0517578125,62.6220703125,1742308795.0978115
1742308795,117753942,-0.01171875,-0.021484375,1.10400390625,2.8076171875,3.90625,63.720703125,1742308795.117754
1742308795,137712218,0.08056640625,-0.02001953125,1.10400390625,-0.6103515625,6.65283203125,63.41552734375,1742308795.1377122
1742308795,157782176,-0.001953125,-0.04931640625,1.1689453125,0.91552734375,4.33349609375,64.02587890625,1742308795.157782
1742308795,178070602,0.04833984375,0.04541015625,0.998046875,-0.244140625,5.126953125,65.12451171875,1742308795.1780705
1742308795,197736937,0.06396484375,0.12353515625,0.94970703125,-2.38037109375,1.28173828125,64.14794921875,1742308795.197737
1742308795,217785102,0.00634765625,0.208984375,1.07763671875,4.2724609375,6.04248046875,63.04931640625,1742308795.2177851
1742308795,237886709,0.095703125,0.24365234375,1.10009765625,4.82177734375,5.06591796875,61.46240234375,1742308795.2378867
1742308795,257762903,0.03857421875,0.11181640625,0.9716796875,0.0,-0.48828125,61.5234375,1742308795.257763
1742308795,277791612,0.18212890625,0.0029296875,0.845703125,4.94384765625,-3.2958984375,59.08203125,1742308795.2777915
1742308795,297880802,0.173828125,0.05224609375,0.94482421875,5.43212890625,9.765625,53.8330078125,1742308795.297881
1742308795,317726085,0.09912109375,0.06884765625,1.1474609375,5.31005859375,10.92529296875,57.373046875,1742308795.3177261
1742308795,337595143,-0.0966796875,0.13916015625,1.1611328125,-0.91552734375,7.6904296875,62.31689453125,1742308795.3375952
1742308795,357777359,-0.015625,0.07958984375,1.1826171875,0.244140625,-1.220703125,63.41552734375,1742308795.3577774
1742308795,377796756,0.10302734375,0.00732421875,1.1005859375,11.04736328125,1.64794921875,59.9365234375,1742308795.3777966
1742308795,397827353,0.0205078125,0.06787109375,1.09619140625,5.2490234375,5.615234375,57.861328125,1742308795.3978274
1742308795,417819421,0.02001953125,0.10986328125,0.97998046875,-7.62939453125,3.35693359375,63.720703125,1742308795.4178195
1742308795,437664960,0.1064453125,0.03369140625,1.03857421875,-4.638671875,7.9345703125,66.71142578125,1742308795.437665
1742308795,457716037,0.1416015625,0.01416015625,0.89208984375,0.18310546875,-0.42724609375,61.21826171875,1742308795.457716
1742308795,477852012,0.1337890625,0.04345703125,0.94287109375,-0.1220703125,1.15966796875,57.12890625,1742308795.477852
1742308795,497829616,-0.009765625,0.0478515625,1.12646484375,0.30517578125,4.57763671875,60.72998046875,1742308795.4978297
1742308795,517643954,-0.0712890625,0.0205078125,1.19677734375,3.47900390625,-1.15966796875,63.41552734375,1742308795.517644
1742308795,532911082,-0.00146484375,0.04443359375,1.2568359375,6.591796875,2.62451171875,61.8896484375,1742308795.532911
1742308795,558192068,0.052734375,0.08544921875,1.09619140625,0.42724609375,2.197265625,62.8662109375,1742308795.558192
1742308795,578067207,0.099609375,0.11474609375,1.0205078125,-2.62451171875,3.72314453125,61.5234375,1742308795.5780673
1742308795,597692869,0.0888671875,0.08984375,0.8271484375,0.0,2.38037109375,63.17138671875,1742308795.597693
1742308795,617735147,0.1357421875,0.046875,0.84619140625,1.953125,4.33349609375,62.07275390625,1742308795.6177351
1742308795,637700079,0.10693359375,0.00732421875,0.986328125,7.080078125,3.11279296875,60.4248046875,1742308795.6377
1742308795,658385887,0.0859375,0.01708984375,0.99365234375,2.8076171875,2.38037109375,59.99755859375,1742308795.658386
1742308795,677751097,0.08935546875,0.01611328125,0.86962890625,-3.96728515625,6.65283203125,58.77685546875,1742308795.677751
1742308795,697654172,-0.02294921875,0.04833984375,0.85205078125,-5.37109375,1.52587890625,51.69677734375,1742308795.6976542
1742308795,717657409,0.0400390625,0.150390625,1.07666015625,1.3427734375,4.150390625,45.8984375,1742308795.7176573
1742308795,737835752,-0.05126953125,0.08154296875,1.0908203125,-1.77001953125,5.18798828125,43.88427734375,1742308795.7378356
1742308795,757842733,0.001953125,-0.03466796875,1.181640625,0.8544921875,12.51220703125,43.212890625,1742308795.7578428
1742308795,777886898,-0.138671875,-0.06396484375,1.16015625,8.4228515625,3.173828125,40.4052734375,1742308795.7778869
1742308795,798031833,-0.09716796875,-0.0439453125,1.1298828125,7.75146484375,-3.173828125,41.56494140625,1742308795.7980318
1742308795,817949085,0.0009765625,0.005859375,1.0791015625,-1.64794921875,2.9296875,43.3349609375,1742308795.817949
1742308795,837604252,0.02978515625,0.044921875,1.0224609375,-7.99560546875,6.103515625,40.283203125,1742308795.8376043
1742308795,857668898,0.06103515625,0.0927734375,1.14990234375,4.33349609375,7.26318359375,35.15625,1742308795.8576689
1742308795,877696071,-0.05517578125,0.16845703125,1.00244140625,3.5400390625,4.2724609375,31.92138671875,1742308795.877696
1742308795,897709004,0.0126953125,0.060546875,1.03076171875,-3.47900390625,-0.67138671875,29.47998046875,1742308795.897709
1742308795,917589422,-0.00439453125,0.02001953125,0.978515625,0.732421875,0.3662109375,24.23095703125,1742308795.9175894
1742308795,937725685,0.015625,0.0791015625,0.91552734375,5.55419921875,-0.91552734375,18.9208984375,1742308795.9377258
1742308795,957824059,0.0107421875,0.177734375,0.76904296875,2.13623046875,-0.732421875,12.451171875,1742308795.957824
1742308795,977782623,0.072265625,0.21435546875,0.85205078125,1.8310546875,4.638671875,7.62939453125,1742308795.9777827
1742308795,997827333,0.025390625,0.11962890625,0.916015625,5.859375,1.3427734375,6.04248046875,1742308795.9978273
1742308796,17696677,-0.01171875,0.13623046875,0.89013671875,0.244140625,4.0283203125,6.103515625,1742308796.0176966
1742308796,32857273,-0.0390625,0.11279296875,0.9599609375,-7.75146484375,3.11279296875,3.96728515625,1742308796.0328572
1742308796,57826410,-0.0673828125,0.03369140625,1.0498046875,-0.244140625,0.1220703125,5.2490234375,1742308796.0578265
1742308796,78136720,0.0087890625,0.1533203125,1.0009765625,9.09423828125,-0.54931640625,3.0517578125,1742308796.0781367
1742308796,97968687,-0.08203125,0.171875,1.06494140625,-6.591796875,-0.244140625,1.3427734375,1742308796.0979686
1742308796,118075346,0.025390625,0.02685546875,1.15087890625,-1.708984375,4.94384765625,-1.3427734375,1742308796.1180754
1742308796,132861568,-0.01806640625,-0.02099609375,0.87841796875,5.4931640625,6.16455078125,-4.2724609375,1742308796.1328616
1742308796,157791632,-0.091796875,0.11083984375,0.69140625,-0.1220703125,-0.06103515625,-5.2490234375,1742308796.1577916
1742308796,177936500,-0.0302734375,0.1279296875,0.95166015625,-3.11279296875,-5.7373046875,-4.7607421875,1742308796.1779366
1742308796,197785811,-0.03955078125,0.19970703125,0.9287109375,-2.0751953125,0.732421875,-2.9296875,1742308796.1977859
1742308796,217948183,-0.009765625,0.1474609375,0.912109375,-2.685546875,4.21142578125,-2.25830078125,1742308796.2179482
1742308796,237877399,-0.025390625,0.0849609375,0.98876953125,-1.89208984375,-1.8310546875,-2.3193359375,1742308796.2378774
1742308796,257855352,0.015625,0.08544921875,0.98095703125,1.52587890625,5.43212890625,-3.662109375,1742308796.2578554
1742308796,277742456,-0.0849609375,0.1279296875,1.0654296875,6.7138671875,-2.5634765625,-3.5400390625,1742308796.2777424
1742308796,297680376,-0.09033203125,0.07666015625,1.16748046875,4.94384765625,-0.79345703125,-4.7607421875,1742308796.2976804
1742308796,317805596,-0.07958984375,-0.00439453125,1.1572265625,2.5634765625,-4.2724609375,-3.41796875,1742308796.3178055
1742308796,337671483,0.0400390625,0.041015625,0.96875,0.9765625,2.62451171875,-6.103515625,1742308796.3376715
1742308796,357795774,0.00830078125,0.06396484375,0.8779296875,2.13623046875,2.0751953125,-9.033203125,1742308796.3577957
1742308796,377847297,-0.01708984375,0.1015625,0.9091796875,2.0751953125,-2.0751953125,-9.033203125,1742308796.3778472
1742308796,397750624,0.029296875,0.18017578125,0.8125,2.3193359375,1.953125,-9.27734375,1742308796.3977506
1742308796,417694529,-0.033203125,0.154296875,0.76904296875,-5.0048828125,0.6103515625,-7.87353515625,1742308796.4176946
1742308796,437873221,-0.07958984375,0.07470703125,1.06103515625,-0.30517578125,1.708984375,-6.04248046875,1742308796.4378731
1742308796,457884007,-0.14599609375,0.06494140625,1.07275390625,7.568359375,-7.080078125,-4.33349609375,1742308796.457884
1742308796,477942441,0.02490234375,0.13671875,0.9375,-3.90625,2.44140625,-5.126953125,1742308796.4779425
1742308796,497984555,-0.08154296875,0.017578125,1.17724609375,-1.5869140625,1.708984375,-6.40869140625,1742308796.4979846
1742308796,517816522,-0.0205078125,-0.04931640625,1.02880859375,7.38525390625,2.3193359375,-9.1552734375,1742308796.5178165
1742308796,537725546,-0.19677734375,0.08447265625,1.00341796875,4.33349609375,-2.9296875,-6.40869140625,1742308796.5377254
1742308796,557861837,0.01513671875,0.04833984375,1.15185546875,-1.220703125,0.6103515625,-4.21142578125,1742308796.5578618
1742308796,577775469,-0.1025390625,0.0078125,1.158203125,6.9580078125,0.244140625,-3.41796875,1742308796.5777755
1742308796,597785999,0.01318359375,0.06982421875,1.001953125,1.3427734375,1.15966796875,-5.4931640625,1742308796.597786
1742308796,617704527,-0.01123046875,0.0302734375,0.923828125,-5.43212890625,4.638671875,-6.04248046875,1742308796.6177046
1742308796,638061302,-0.08251953125,-0.013671875,1.01318359375,2.197265625,1.40380859375,-5.43212890625,1742308796.6380613
1742308796,657875189,-0.08056640625,0.044921875,0.99951171875,3.60107421875,-8.30078125,-4.82177734375,1742308796.6578753
1742308796,677756756,-0.02001953125,0.2060546875,0.87060546875,3.23486328125,-2.44140625,-7.26318359375,1742308796.6777568
1742308796,698082171,-0.01611328125,0.23095703125,0.80517578125,-3.7841796875,-2.86865234375,-5.67626953125,1742308796.6980822
1742308796,717988475,-0.0009765625,0.12841796875,0.87060546875,-2.50244140625,0.8544921875,-5.37109375,1742308796.7179885
1742308796,737846714,-0.0263671875,0.0693359375,0.984375,5.67626953125,-1.15966796875,-7.26318359375,1742308796.7378466
1742308796,757775738,-0.0068359375,0.02685546875,0.99951171875,0.79345703125,-0.30517578125,-7.75146484375,1742308796.7577758
1742308796,777628345,-0.1318359375,-0.0244140625,0.90869140625,-4.39453125,2.44140625,-6.65283203125,1742308796.7776284
1742308796,797846046,-0.03515625,0.02734375,1.03173828125,-1.77001953125,-1.8310546875,-5.7373046875,1742308796.797846
1742308796,817848735,-0.01220703125,0.0390625,1.08837890625,0.06103515625,2.99072265625,-6.9580078125,1742308796.8178487
1742308796,838000259,-0.1171875,-0.0048828125,0.8720703125,-1.8310546875,-7.99560546875,-6.28662109375,1742308796.8380003
1742308796,857894115,0.03955078125,0.1142578125,0.86181640625,-2.74658203125,2.01416015625,-8.23974609375,1742308796.8578942
1742308796,877741730,-0.0166015625,0.12158203125,0.9638671875,-2.25830078125,3.47900390625,-8.7890625,1742308796.8777418
1742308796,897725923,-0.11181640625,0.08642578125,0.99169921875,3.7841796875,2.685546875,-7.32421875,1742308796.8977258
1742308796,917645315,-0.138671875,0.072265625,1.06787109375,2.99072265625,-3.173828125,-2.25830078125,1742308796.9176452
1742308796,937705318,-0.12841796875,0.025390625,1.0029296875,-1.77001953125,-2.5634765625,0.54931640625,1742308796.9377053
1742308796,957888298,-0.00830078125,0.041015625,0.9814453125,-4.08935546875,2.5634765625,-0.244140625,1742308796.9578884
1742308796,977804426,0.00634765625,0.05126953125,1.0,-1.40380859375,1.8310546875,-1.220703125,1742308796.9778044
1742308796,997826860,-0.02734375,0.072265625,0.9580078125,-0.3662109375,1.708984375,-2.3193359375,1742308796.9978268
1742308797,17653320,-0.05908203125,0.13330078125,1.04052734375,3.96728515625,0.48828125,-3.0517578125,1742308797.0176532
1742308797,37813833,-0.07861328125,0.1376953125,1.07861328125,4.69970703125,-2.8076171875,-1.953125,1742308797.037814
1742308797,57841575,-0.05126953125,0.01318359375,1.01025390625,5.37109375,-1.03759765625,-0.91552734375,1742308797.0578415
1742308797,77747940,0.01416015625,0.04150390625,0.9345703125,3.0517578125,-1.03759765625,-1.64794921875,1742308797.0777478
1742308797,97699042,0.005859375,0.048828125,0.94287109375,-0.3662109375,-1.0986328125,-3.0517578125,1742308797.097699
1742308797,117830338,0.03515625,0.146484375,0.88427734375,2.25830078125,-0.48828125,-2.99072265625,1742308797.1178303
1742308797,137713726,-0.02880859375,0.14892578125,0.8515625,0.0,1.5869140625,-1.40380859375,1742308797.1377137
1742308797,157809150,-0.07470703125,0.13037109375,0.88916015625,-2.99072265625,-2.38037109375,-1.220703125,1742308797.1578093
1742308797,177758012,-0.01318359375,0.0791015625,1.095703125,-0.1220703125,2.86865234375,-0.48828125,1742308797.177758
1742308797,197823547,-0.1728515625,0.08642578125,1.04248046875,1.77001953125,-5.06591796875,1.89208984375,1742308797.1978235
1742308797,217780024,0.01220703125,0.1240234375,0.85546875,-2.0751953125,-4.2724609375,-0.1220703125,1742308797.21778
1742308797,237844344,-0.0087890625,0.12451171875,1.0263671875,-1.40380859375,7.568359375,-1.03759765625,1742308797.2378442
1742308797,257893623,0.04443359375,0.02294921875,1.0166015625,3.72314453125,6.77490234375,-1.64794921875,1742308797.2578936
1742308797,277792243,-0.12158203125,0.00048828125,1.04443359375,5.859375,-0.30517578125,0.3662109375,1742308797.2777922
1742308797,298017045,-0.1328125,0.0458984375,1.11572265625,4.39453125,1.46484375,4.08935546875,1742308797.298017
1742308797,317748719,-0.0009765625,0.07080078125,0.9814453125,-2.685546875,0.54931640625,3.23486328125,1742308797.3177488
1742308797,337783534,0.03564453125,0.046875,0.9677734375,-5.55419921875,2.9296875,2.9296875,1742308797.3377836
1742308797,357859917,0.02978515625,0.06494140625,0.92626953125,-2.50244140625,2.25830078125,2.86865234375,1742308797.3578598
1742308797,377832875,-0.0166015625,0.0908203125,0.98291015625,-1.89208984375,1.03759765625,2.44140625,1742308797.377833
1742308797,397752904,-0.06689453125,0.05712890625,1.07568359375,-1.03759765625,-6.4697265625,6.77490234375,1742308797.397753
1742308797,417884168,-0.01220703125,0.13916015625,0.93359375,-0.244140625,-3.41796875,7.62939453125,1742308797.417884
1742308797,437828198,0.02099609375,0.14697265625,0.90380859375,-3.2958984375,-4.82177734375,8.48388671875,1742308797.4378283
1742308797,457845764,0.08740234375,0.0966796875,0.9208984375,0.54931640625,3.0517578125,7.75146484375,1742308797.4578457
1742308797,477833634,-0.02197265625,0.087890625,0.9580078125,2.13623046875,3.2958984375,7.62939453125,1742308797.4778337
1742308797,497687774,-0.08642578125,0.044921875,0.98388671875,-0.18310546875,-2.25830078125,11.53564453125,1742308797.4976878
1742308797,517860351,-0.00732421875,0.00244140625,0.95703125,-2.62451171875,0.67138671875,13.48876953125,1742308797.5178604
1742308797,537777660,-0.0205078125,0.0927734375,1.013671875,-1.64794921875,4.08935546875,15.0146484375,1742308797.5377777
1742308797,557841211,0.04638671875,0.0849609375,1.04345703125,1.15966796875,-0.732421875,14.22119140625,1742308797.5578413
1742308797,577776569,-0.03564453125,0.07958984375,1.0166015625,4.33349609375,-5.37109375,15.44189453125,1742308797.5777767
1742308797,597828600,0.048828125,0.05419921875,1.09912109375,-1.0986328125,4.7607421875,13.73291015625,1742308797.5978286
1742308797,617789109,0.0341796875,0.0400390625,1.01123046875,-4.0283203125,4.2724609375,15.93017578125,1742308797.617789
1742308797,637842964,-0.00390625,0.03173828125,0.89697265625,-0.79345703125,4.57763671875,18.12744140625,1742308797.637843
1742308797,657875795,-0.06982421875,0.04541015625,0.97119140625,1.03759765625,-1.77001953125,20.69091796875,1742308797.6578758
1742308797,677791280,-0.0107421875,0.05859375,1.08056640625,-0.8544921875,0.54931640625,21.484375,1742308797.6777914
1742308797,697839791,-0.0087890625,0.0498046875,0.990234375,-1.89208984375,2.62451171875,22.8271484375,1742308797.6978397
1742308797,718093809,-0.02099609375,0.0791015625,0.888671875,-2.0751953125,-5.9814453125,25.32958984375,1742308797.7180939
1742308797,737982734,0.01025390625,0.1435546875,0.89208984375,-2.38037109375,-0.244140625,23.98681640625,1742308797.7379827
1742308797,758298225,0.02099609375,0.12158203125,0.92138671875,-0.3662109375,1.89208984375,23.92578125,1742308797.7582982
1742308797,777778759,-0.04052734375,0.080078125,1.02783203125,1.708984375,-1.52587890625,25.81787109375,1742308797.7777789
1742308797,797800614,-0.01318359375,0.1005859375,1.0966796875,3.47900390625,0.67138671875,28.564453125,1742308797.7978005
1742308797,817812292,0.02099609375,0.08447265625,0.984375,7.2021484375,-2.50244140625,29.35791015625,1742308797.8178122
1742308797,838349707,0.09130859375,0.18701171875,0.8154296875,6.9580078125,0.18310546875,31.3720703125,1742308797.8383498
1742308797,857808001,0.0283203125,0.16162109375,0.81494140625,-1.03759765625,1.220703125,31.79931640625,1742308797.857808
1742308797,877780094,0.01513671875,0.0751953125,1.05517578125,-1.64794921875,5.43212890625,30.45654296875,1742308797.8777802
1742308797,897795389,-0.0673828125,0.0068359375,1.0458984375,3.2958984375,0.0,32.65380859375,1742308797.8977954
1742308797,917652473,-0.01220703125,0.00537109375,0.8984375,2.8076171875,-2.01416015625,31.982421875,1742308797.9176524
1742308797,937868570,0.1806640625,0.0576171875,0.88037109375,-1.28173828125,3.662109375,31.1279296875,1742308797.9378686
1742308797,957780567,0.05859375,0.126953125,0.90673828125,-1.52587890625,7.26318359375,32.2265625,1742308797.9577806
1742308797,977789270,-0.0302734375,0.1533203125,0.90478515625,1.52587890625,-1.5869140625,34.97314453125,1742308797.9777892
1742308797,997843733,0.03564453125,0.130859375,0.88623046875,-1.77001953125,-2.62451171875,36.68212890625,1742308797.9978437
1742308798,17793392,0.04541015625,0.0986328125,1.00634765625,-5.2490234375,3.96728515625,36.07177734375,1742308798.0177934
1742308798,38121040,0.0126953125,0.0771484375,1.15185546875,3.662109375,7.01904296875,37.353515625,1742308798.038121
1742308798,57905512,-0.0849609375,0.03369140625,1.06884765625,2.99072265625,2.197265625,38.330078125,1742308798.0579054
1742308798,77803138,0.01318359375,0.0166015625,1.10009765625,4.7607421875,0.67138671875,40.22216796875,1742308798.0778031
1742308798,97793789,0.02880859375,0.06787109375,0.93115234375,5.615234375,-1.5869140625,39.48974609375,1742308798.0977938
1742308798,117873081,0.02294921875,0.1357421875,0.70751953125,-1.8310546875,-0.8544921875,36.07177734375,1742308798.1178732
1742308798,138029143,0.08642578125,0.1923828125,0.9521484375,-2.50244140625,1.3427734375,34.97314453125,1742308798.138029
1742308798,158288918,0.0869140625,0.11669921875,1.05419921875,4.57763671875,4.0283203125,34.11865234375,1742308798.158289
1742308798,177785801,0.02978515625,0.0556640625,0.9541015625,5.126953125,4.5166015625,33.8134765625,1742308798.1777859
1742308798,197799589,-0.05859375,0.07373046875,0.95458984375,-0.48828125,-1.52587890625,36.68212890625,1742308798.1977997
1742308798,217820128,0.01904296875,-0.00048828125,0.9794921875,-0.732421875,1.46484375,38.0859375,1742308798.2178202
1742308798,237845404,0.03955078125,0.10498046875,0.79296875,-2.38037109375,-3.72314453125,40.0390625,1742308798.2378454
1742308798,257755477,0.10791015625,0.13134765625,0.81494140625,-3.60107421875,-3.35693359375,38.6962890625,1742308798.2577555
1742308798,277800433,0.1455078125,0.1083984375,0.94970703125,0.06103515625,4.08935546875,35.15625,1742308798.2778003
1742308798,297853613,0.033203125,0.11376953125,1.1337890625,0.18310546875,6.103515625,35.70556640625,1742308798.2978537
1742308798,317777447,-0.03515625,0.04833984375,1.02099609375,3.84521484375,4.150390625,39.1845703125,1742308798.3177774
1742308798,338011238,-0.0068359375,0.06396484375,0.9423828125,1.28173828125,0.91552734375,39.4287109375,1742308798.3380113
1742308798,357887423,-0.033203125,0.0263671875,1.06689453125,-3.84521484375,2.44140625,40.4052734375,1742308798.3578875
1742308798,377821306,0.0185546875,0.00146484375,1.17919921875,-1.40380859375,4.45556640625,43.64013671875,1742308798.3778212
1742308798,397833941,-0.02294921875,0.0478515625,1.08740234375,-0.6103515625,-2.38037109375,45.71533203125,1742308798.3978338
1742308798,417785999,0.12109375,0.08984375,0.8447265625,-2.197265625,0.6103515625,45.10498046875,1742308798.417786
1742308798,437829003,0.185546875,0.025390625,0.8427734375,-2.8076171875,3.11279296875,41.07666015625,1742308798.437829
1742308798,457727749,0.11572265625,0.103515625,0.76025390625,2.38037109375,8.36181640625,39.0625,1742308798.4577277
1742308798,477715168,0.01220703125,0.23583984375,0.89111328125,-0.67138671875,-2.8076171875,39.9169921875,1742308798.4777153
1742308798,497728955,-0.01708984375,0.15087890625,1.10693359375,1.953125,1.40380859375,41.748046875,1742308798.497729
1742308798,517705590,0.0517578125,0.12744140625,0.94384765625,6.2255859375,2.50244140625,41.1376953125,1742308798.5177057
1742308798,537856436,0.037109375,0.04541015625,0.87255859375,2.25830078125,3.11279296875,40.95458984375,1742308798.5378563
1742308798,557747309,0.033203125,0.0361328125,0.9912109375,-0.1220703125,2.38037109375,40.58837890625,1742308798.5577474
1742308798,577712296,0.025390625,-0.0126953125,1.11474609375,-1.64794921875,1.8310546875,41.748046875,1742308798.5777123
1742308798,597767716,-0.099609375,0.01123046875,1.2509765625,-0.42724609375,-1.5869140625,42.3583984375,1742308798.5977678
1742308798,617845728,0.03955078125,0.08642578125,0.97265625,0.0,-3.47900390625,42.8466796875,1742308798.6178458
1742308798,637827515,0.00927734375,0.08642578125,0.8955078125,-1.8310546875,4.5166015625,40.6494140625,1742308798.6378274
1742308798,657853207,0.1337890625,0.06640625,0.77783203125,1.708984375,-2.197265625,41.259765625,1742308798.6578531
1742308798,678067733,0.0966796875,0.08056640625,0.80126953125,-4.638671875,1.52587890625,40.8935546875,1742308798.6780677
1742308798,697767884,0.03271484375,0.072265625,0.90771484375,-7.50732421875,2.5634765625,42.41943359375,1742308798.697768
1742308798,717858536,0.083984375,0.1533203125,0.953125,-2.01416015625,5.615234375,44.189453125,1742308798.7178586
1742308798,737906756,-0.0419921875,0.13134765625,0.9755859375,1.220703125,4.39453125,45.22705078125,1742308798.7379067
1742308798,757806110,-0.00146484375,0.056640625,0.99365234375,0.06103515625,-1.46484375,46.56982421875,1742308798.757806
1742308798,777808601,0.06103515625,0.07421875,0.97265625,2.38037109375,1.52587890625,44.25048828125,1742308798.7778087
1742308798,797784884,0.0849609375,0.15625,1.0263671875,5.06591796875,2.3193359375,45.2880859375,1742308798.7977848
1742308798,817901393,0.02490234375,0.123046875,1.07177734375,4.5166015625,-1.15966796875,45.166015625,1742308798.8179014
1742308798,833086688,0.04833984375,0.05224609375,1.1025390625,3.662109375,1.28173828125,44.677734375,1742308798.8330867
1742308798,857843846,0.1171875,0.0537109375,0.966796875,7.8125,9.521484375,42.1142578125,1742308798.8578439
1742308798,877773664,-0.021484375,0.17724609375,0.90380859375,2.685546875,6.4697265625,40.771484375,1742308798.8777738
1742308798,898003743,-0.02880859375,0.0263671875,1.11328125,0.54931640625,3.7841796875,40.95458984375,1742308798.8980038
1742308798,917823735,-0.080078125,0.05126953125,1.07177734375,3.84521484375,2.38037109375,41.6259765625,1742308798.9178238
1742308798,937833843,0.041015625,0.06640625,0.927734375,-0.18310546875,-6.4697265625,38.26904296875,1742308798.9378338
1742308798,957882895,0.16064453125,0.10498046875,0.8623046875,2.44140625,0.732421875,34.11865234375,1742308798.957883
1742308798,977843497,0.0224609375,0.064453125,1.0576171875,-1.3427734375,3.60107421875,30.09033203125,1742308798.9778435
1742308798,997787716,0.009765625,0.02880859375,1.044921875,-2.0751953125,-1.0986328125,41.44287109375,1742308798.9977877
1742308799,18133090,0.00537109375,-0.015625,0.99072265625,-0.3662109375,3.662109375,45.95947265625,1742308799.0181332
1742308799,37932407,0.06689453125,0.087890625,0.96923828125,0.42724609375,1.3427734375,45.10498046875,1742308799.0379324
1742308799,57830606,-0.02734375,0.09619140625,0.99755859375,-5.92041015625,1.15966796875,45.41015625,1742308799.0578306
1742308799,77805189,-0.01806640625,0.013671875,0.91943359375,-4.638671875,0.3662109375,48.15673828125,1742308799.0778053
1742308799,97768733,0.09716796875,0.1162109375,0.7802734375,2.0751953125,1.3427734375,46.7529296875,1742308799.0977688
1742308799,117828918,0.1533203125,0.14990234375,0.82177734375,-1.3427734375,7.14111328125,43.15185546875,1742308799.1178288
1742308799,137824302,-0.02783203125,0.03515625,1.21337890625,4.45556640625,-1.89208984375,41.6259765625,1742308799.1378243
1742308799,157815878,0.03076171875,0.14794921875,1.013671875,5.615234375,5.79833984375,43.02978515625,1742308799.157816
1742308799,177724253,-0.0439453125,0.123046875,1.06884765625,2.74658203125,3.23486328125,43.88427734375,1742308799.1777244
1742308799,197852663,0.0546875,0.0380859375,1.11767578125,10.07080078125,6.40869140625,42.41943359375,1742308799.1978526
1742308799,218183477,-0.01220703125,0.08984375,0.91796875,0.3662109375,1.953125,42.54150390625,1742308799.2181835
1742308799,237844584,-0.01708984375,0.0263671875,1.001953125,-2.685546875,-2.62451171875,44.677734375,1742308799.2378445
1742308799,257878368,0.10107421875,0.1591796875,0.939453125,0.91552734375,3.5400390625,43.9453125,1742308799.2578783
1742308799,277807192,0.041015625,0.04638671875,1.10595703125,7.14111328125,0.8544921875,41.8701171875,1742308799.2778072
1742308799,297896273,0.07421875,0.07421875,1.07080078125,2.50244140625,4.08935546875,42.3583984375,1742308799.2978964
1742308799,312965564,-0.00927734375,0.04248046875,1.220703125,2.3193359375,9.21630859375,43.88427734375,1742308799.3129656
1742308799,337914946,0.00830078125,0.04248046875,0.845703125,2.197265625,-0.3662109375,44.73876953125,1742308799.337915
1742308799,357931802,0.087890625,0.13671875,0.72265625,0.9765625,-3.0517578125,45.654296875,1742308799.3579319
1742308799,377971603,-0.0009765625,0.21728515625,0.80322265625,-7.01904296875,5.859375,43.5791015625,1742308799.3779716
1742308799,397789065,0.07568359375,0.11962890625,0.97900390625,-6.2255859375,4.0283203125,40.6494140625,1742308799.397789
1742308799,418147014,-0.03466796875,0.04052734375,0.95751953125,-0.9765625,-0.3662109375,37.841796875,1742308799.418147
1742308799,438148895,0.02294921875,0.12255859375,0.865234375,0.91552734375,3.173828125,34.24072265625,1742308799.438149
1742308799,457766129,-0.0673828125,0.154296875,0.8955078125,-0.42724609375,-2.44140625,34.60693359375,1742308799.457766
1742308799,477798057,0.03955078125,0.09375,0.84326171875,-1.5869140625,2.8076171875,35.7666015625,1742308799.477798
1742308799,497895395,0.09814453125,0.0546875,0.82763671875,-0.42724609375,0.244140625,32.8369140625,1742308799.4978955
1742308799,517831482,0.14892578125,0.16357421875,0.876953125,2.3193359375,2.5634765625,27.7099609375,1742308799.5178316
1742308799,537914068,0.0,0.212890625,0.8623046875,2.3193359375,2.3193359375,24.0478515625,1742308799.537914
1742308799,557872011,0.0341796875,0.162109375,0.79736328125,-0.9765625,5.7373046875,22.5830078125,1742308799.557872
1742308799,577902980,-0.080078125,0.0205078125,0.98095703125,-4.94384765625,1.03759765625,22.88818359375,1742308799.577903
1742308799,597842107,0.01513671875,-0.00341796875,1.0234375,-0.42724609375,4.5166015625,25.390625,1742308799.5978422
1742308799,617831091,0.025390625,0.1025390625,0.87353515625,-0.79345703125,-2.62451171875,24.84130859375,1742308799.617831
1742308799,638080976,0.06787109375,0.0966796875,0.87646484375,-4.45556640625,1.40380859375,24.59716796875,1742308799.638081
1742308799,657799875,0.021484375,0.0185546875,1.02783203125,-4.0283203125,-0.244140625,23.25439453125,1742308799.6578
1742308799,677832444,0.005859375,0.03515625,0.857421875,-0.18310546875,5.06591796875,24.169921875,1742308799.6778324
1742308799,698026391,-0.02978515625,0.1708984375,0.76318359375,-3.60107421875,-1.89208984375,24.23095703125,1742308799.6980264
1742308799,717787884,0.04150390625,0.099609375,1.10107421875,-3.72314453125,1.5869140625,23.13232421875,1742308799.717788
1742308799,737960359,-0.02197265625,0.02392578125,1.0986328125,2.13623046875,3.47900390625,24.84130859375,1742308799.7379603
1742308799,757779964,0.01513671875,0.01611328125,0.93505859375,-3.662109375,1.89208984375,27.28271484375,1742308799.75778
1742308799,777882486,-0.03759765625,0.033203125,0.94189453125,-5.18798828125,0.8544921875,26.123046875,1742308799.7778826
1742308799,797803117,0.06689453125,0.0478515625,1.046875,-0.9765625,6.103515625,23.86474609375,1742308799.7978032
1742308799,817828582,-0.03857421875,0.0751953125,1.0517578125,-1.220703125,-0.67138671875,21.728515625,1742308799.8178287
1742308799,837976384,-0.0341796875,0.1220703125,1.0078125,0.8544921875,2.13623046875,22.0947265625,1742308799.8379765
1742308799,857791029,-0.04443359375,0.1484375,1.154296875,2.9296875,-0.67138671875,23.0712890625,1742308799.857791
1742308799,877830318,-0.029296875,0.0810546875,1.01220703125,3.35693359375,-1.40380859375,22.39990234375,1742308799.8778303
1742308799,897817926,0.0361328125,0.06201171875,0.8759765625,-0.54931640625,-2.99072265625,22.39990234375,1742308799.8978179
1742308799,917853343,0.05322265625,0.04541015625,0.8671875,2.01416015625,0.54931640625,19.71435546875,1742308799.9178534
1742308799,937975321,-0.01953125,0.07421875,0.88525390625,0.6103515625,-1.0986328125,19.47021484375,1742308799.9379754
1742308799,957862288,-0.0419921875,0.0283203125,1.044921875,-3.72314453125,-2.38037109375,23.37646484375,1742308799.9578624
1742308799,977931625,0.1162109375,-0.0556640625,0.9892578125,5.0048828125,1.220703125,23.0712890625,1742308799.9779317
1742308799,997886080,0.06689453125,0.10986328125,0.748046875,3.41796875,-0.244140625,20.93505859375,1742308799.9978862
1742308800,18200123,0.03955078125,0.0927734375,0.89794921875,-3.47900390625,4.5166015625,20.01953125,1742308800.0182002
1742308800,37898028,-0.0556640625,-0.015625,1.07470703125,2.8076171875,-4.2724609375,24.35302734375,1742308800.037898
1742308800,57830176,0.05322265625,0.04248046875,0.85595703125,7.080078125,3.7841796875,26.30615234375,1742308800.05783
1742308800,77771445,0.00439453125,0.10302734375,0.83056640625,-4.08935546875,2.99072265625,26.30615234375,1742308800.0777714
1742308800,97843755,-0.0712890625,0.06396484375,1.099609375,-1.0986328125,5.0048828125,29.35791015625,1742308800.0978436
1742308800,118319336,-0.05810546875,0.033203125,1.14990234375,7.01904296875,4.0283203125,36.2548828125,1742308800.1183193
1742308800,137963032,0.0126953125,0.09326171875,0.92333984375,4.69970703125,0.9765625,36.4990234375,1742308800.137963
1742308800,157852491,0.0595703125,0.064453125,0.84423828125,-2.74658203125,-1.15966796875,33.87451171875,1742308800.1578524
1742308800,178089316,0.087890625,0.11572265625,0.87255859375,3.173828125,1.89208984375,30.57861328125,1742308800.1780894
1742308800,193017003,-0.021484375,0.1728515625,0.890625,4.21142578125,3.60107421875,29.4189453125,1742308800.193017
1742308800,218280018,0.11962890625,0.09521484375,1.0087890625,3.72314453125,7.87353515625,30.1513671875,1742308800.21828
1742308800,232942389,-0.03662109375,0.041015625,1.0419921875,7.50732421875,0.244140625,30.70068359375,1742308800.2329423
1742308800,257918583,-0.0634765625,0.0322265625,0.9443359375,6.4697265625,-6.34765625,31.6162109375,1742308800.2579186
1742308800,277834123,0.04296875,0.03955078125,0.736328125,-1.953125,-3.41796875,32.1044921875,1742308800.2778342
1742308800,297950722,0.05615234375,0.12353515625,0.751953125,-2.8076171875,-1.220703125,33.447265625,1742308800.2979507
1742308800,317987736,0.06884765625,0.12841796875,0.9384765625,-3.23486328125,-0.9765625,31.8603515625,1742308800.3179877
1742308800,337817707,-0.0810546875,0.0380859375,1.10107421875,5.18798828125,-7.2021484375,32.958984375,1742308800.3378177
1742308800,352998102,0.06591796875,0.1201171875,1.154296875,7.38525390625,9.27734375,33.0810546875,1742308800.352998
1742308800,378050105,-0.02587890625,0.02587890625,0.92138671875,-2.74658203125,-1.64794921875,34.7900390625,1742308800.37805
1742308800,397931212,0.03173828125,0.02783203125,0.9814453125,-6.9580078125,0.3662109375,37.29248046875,1742308800.397931
1742308800,417990723,-0.01904296875,0.0732421875,1.025390625,-2.197265625,4.21142578125,40.283203125,1742308800.4179907
1742308800,433011851,-0.01513671875,0.09814453125,0.96044921875,-1.46484375,0.18310546875,43.9453125,1742308800.4330118
1742308800,457899340,0.0732421875,0.05908203125,0.98291015625,-2.197265625,2.0751953125,42.8466796875,1742308800.4578993
1742308800,477905153,0.02978515625,0.0087890625,0.9970703125,0.1220703125,5.92041015625,43.39599609375,1742308800.477905
1742308800,497817077,0.09130859375,0.0703125,0.845703125,-3.11279296875,5.4931640625,45.83740234375,1742308800.497817
1742308800,517819403,0.06298828125,0.0927734375,1.01416015625,0.18310546875,0.244140625,46.630859375,1742308800.5178194
1742308800,537787936,0.029296875,0.08740234375,1.0302734375,5.859375,1.3427734375,46.20361328125,1742308800.537788
1742308800,557871638,0.021484375,0.10546875,1.0478515625,6.04248046875,3.173828125,46.69189453125,1742308800.5578716
1742308800,577743306,0.08837890625,0.11474609375,1.01318359375,3.11279296875,3.84521484375,47.4853515625,1742308800.5777433
1742308800,597769791,0.06982421875,-0.0244140625,0.9814453125,-0.3662109375,2.74658203125,49.072265625,1742308800.5977697
1742308800,617819669,0.0888671875,0.01513671875,1.02734375,-1.40380859375,4.08935546875,50.537109375,1742308800.6178198
1742308800,637829131,0.01318359375,0.0908203125,1.1328125,-3.84521484375,5.31005859375,51.45263671875,1742308800.637829
1742308800,657801664,-0.0205078125,0.060546875,1.11083984375,4.08935546875,0.18310546875,53.03955078125,1742308800.6578016
1742308800,677660723,0.09033203125,0.17236328125,0.8876953125,7.38525390625,-5.79833984375,50.29296875,1742308800.6776607
1742308800,697731113,0.04150390625,0.17626953125,0.96533203125,-0.3662109375,6.103515625,48.03466796875,1742308800.697731
1742308800,717825664,0.05517578125,0.0615234375,0.94677734375,1.220703125,-2.13623046875,51.513671875,1742308800.7178257
1742308800,737939991,0.09228515625,0.10693359375,0.8935546875,-2.99072265625,7.8125,55.17578125,1742308800.73794
1742308800,758088399,0.02880859375,0.08544921875,0.9443359375,-1.3427734375,3.0517578125,57.31201171875,1742308800.7580884
1742308800,777946306,0.01220703125,0.07177734375,0.9794921875,-4.33349609375,4.2724609375,58.2275390625,1742308800.7779462
1742308800,797992952,0.06689453125,0.0810546875,0.86572265625,-8.9111328125,3.2958984375,60.24169921875,1742308800.797993
1742308800,818142896,0.12109375,0.083984375,0.98193359375,-0.1220703125,3.96728515625,57.2509765625,1742308800.818143
1742308800,838338632,0.0458984375,0.091796875,0.94189453125,3.173828125,3.11279296875,53.16162109375,1742308800.8383386
1742308800,857725428,-0.02978515625,0.08984375,1.0234375,2.01416015625,-3.173828125,53.1005859375,1742308800.8577254
1742308800,877996974,0.09228515625,0.09521484375,1.12353515625,-0.91552734375,0.244140625,58.16650390625,1742308800.877997
1742308800,893254266,0.1123046875,-0.02880859375,1.140625,8.72802734375,10.31494140625,58.7158203125,1742308800.8932543
1742308800,918034777,-0.0009765625,0.03369140625,1.00830078125,5.9814453125,-0.06103515625,61.34033203125,1742308800.9180348
1742308800,937823755,0.09765625,0.07275390625,1.0361328125,-2.5634765625,3.60107421875,59.26513671875,1742308800.9378238
1742308800,957875521,-0.02880859375,0.0263671875,1.19921875,0.732421875,3.173828125,61.58447265625,1742308800.9578755
1742308800,977853430,0.0546875,-0.01953125,1.1259765625,3.72314453125,3.90625,60.36376953125,1742308800.9778535
1742308800,997823563,0.0205078125,0.0244140625,0.9580078125,1.89208984375,-4.5166015625,60.97412109375,1742308800.9978235
1742308801,18045122,0.05517578125,0.11669921875,1.06103515625,-5.37109375,5.859375,60.97412109375,1742308801.0180452
1742308801,37851441,0.07958984375,0.0654296875,1.0263671875,-2.44140625,6.04248046875,63.04931640625,1742308801.0378513
1742308801,57600416,0.1015625,0.0546875,0.75927734375,-6.53076171875,-2.0751953125,63.04931640625,1742308801.0576005
1742308801,77750805,0.08349609375,-0.0068359375,0.90185546875,-3.96728515625,-1.64794921875,62.98828125,1742308801.077751
1742308801,97956938,0.08837890625,0.10302734375,0.90673828125,-5.615234375,1.0986328125,63.720703125,1742308801.097957
1742308801,117843739,0.072265625,0.18798828125,0.95947265625,-1.15966796875,2.13623046875,64.39208984375,1742308801.1178436
1742308801,137867214,0.09130859375,0.12841796875,0.84814453125,0.18310546875,1.89208984375,63.65966796875,1742308801.1378672
1742308801,157901057,0.10400390625,0.00927734375,0.82177734375,-0.42724609375,2.44140625,61.82861328125,1742308801.157901
1742308801,177880083,0.13232421875,0.0888671875,0.84765625,-1.77001953125,3.84521484375,59.99755859375,1742308801.17788
1742308801,197907238,0.08984375,0.126953125,0.8837890625,0.06103515625,2.25830078125,60.9130859375,1742308801.1979072
1742308801,217889561,0.1103515625,0.1044921875,0.97509765625,3.60107421875,6.53076171875,60.85205078125,1742308801.2178895
1742308801,237981901,0.01708984375,0.13623046875,0.9296875,1.3427734375,3.60107421875,61.4013671875,1742308801.2379818
1742308801,257980255,0.04833984375,0.076171875,0.998046875,-0.18310546875,1.89208984375,63.5986328125,1742308801.2579803
1742308801,277820047,0.02099609375,0.1416015625,1.09033203125,6.103515625,0.67138671875,59.814453125,1742308801.27782
1742308801,297949156,0.109375,0.06494140625,1.07958984375,2.99072265625,-0.8544921875,55.419921875,1742308801.297949
1742308801,317959383,-0.0673828125,0.00390625,1.111328125,11.1083984375,-1.03759765625,56.2744140625,1742308801.3179593
1742308801,337911688,0.11181640625,0.169921875,0.9970703125,5.55419921875,7.87353515625,55.84716796875,1742308801.3379116
1742308801,357865306,-0.017578125,0.10498046875,1.1865234375,1.89208984375,11.04736328125,59.9365234375,1742308801.3578653
1742308801,377866605,0.02734375,0.0693359375,1.1103515625,7.2021484375,4.82177734375,63.17138671875,1742308801.3778665
1742308801,397876287,-0.04345703125,0.09814453125,1.03173828125,1.77001953125,1.708984375,60.9130859375,1742308801.3978763
1742308801,417953907,0.048828125,0.02685546875,0.9677734375,0.732421875,-0.79345703125,62.6220703125,1742308801.417954
1742308801,437758947,0.0712890625,0.03466796875,0.9677734375,1.5869140625,5.0048828125,62.6220703125,1742308801.437759
1742308801,457814550,0.11474609375,0.03662109375,0.97265625,3.41796875,1.8310546875,60.72998046875,1742308801.4578145
1742308801,477795016,0.103515625,0.0361328125,0.87451171875,0.732421875,0.67138671875,55.48095703125,1742308801.4777951
1742308801,498059487,0.04931640625,-0.02197265625,1.1123046875,-0.30517578125,3.90625,49.13330078125,1742308801.4980595
1742308801,517939056,0.02490234375,-0.05859375,1.1220703125,4.8828125,4.150390625,46.0205078125,1742308801.517939
1742308801,537827233,0.03955078125,-0.05126953125,1.2216796875,4.45556640625,5.4931640625,43.3349609375,1742308801.5378273
1742308801,557733554,-0.05859375,0.02001953125,1.28955078125,7.38525390625,3.84521484375,42.90771484375,1742308801.5577335
1742308801,577862310,-0.04638671875,0.0791015625,0.90576171875,4.69970703125,-2.3193359375,42.1142578125,1742308801.5778623
1742308801,598109725,0.10498046875,0.10400390625,0.74072265625,-4.638671875,3.41796875,38.57421875,1742308801.5981097
1742308801,618157008,-0.02392578125,0.00439453125,0.82177734375,-0.06103515625,1.40380859375,39.1845703125,1742308801.618157
1742308801,637861278,0.044921875,0.14404296875,0.83984375,2.13623046875,-0.54931640625,37.41455078125,1742308801.6378613
1742308801,657934418,0.00390625,0.21337890625,0.81640625,-2.50244140625,1.3427734375,35.888671875,1742308801.6579344
1742308801,677758561,0.10546875,0.1904296875,0.91162109375,-3.11279296875,3.173828125,36.07177734375,1742308801.6777585
1742308801,697995032,0.04150390625,0.10302734375,0.890625,0.54931640625,4.150390625,31.982421875,1742308801.697995
1742308801,717955305,0.02685546875,0.1962890625,0.67822265625,-1.89208984375,4.0283203125,28.9306640625,1742308801.7179554
1742308801,737972220,0.025390625,0.16650390625,0.77099609375,-0.3662109375,2.86865234375,28.50341796875,1742308801.7379723
1742308801,757927150,0.01611328125,0.1640625,0.810546875,0.244140625,0.67138671875,26.123046875,1742308801.7579272
1742308801,777853024,0.01123046875,0.12158203125,1.01123046875,0.30517578125,4.33349609375,24.47509765625,1742308801.777853
1742308801,797868082,-0.00439453125,0.1181640625,0.98193359375,-4.2724609375,2.685546875,22.03369140625,1742308801.797868
1742308801,817945094,-0.05810546875,0.0859375,1.05810546875,-1.15966796875,2.9296875,20.32470703125,1742308801.817945
1742308801,837826871,-0.0517578125,0.14306640625,1.0419921875,8.11767578125,-1.89208984375,21.54541015625,1742308801.837827
1742308801,857831529,-0.0126953125,0.0185546875,1.0126953125,8.23974609375,3.60107421875,19.22607421875,1742308801.8578315
1742308801,877821372,-0.0244140625,0.0322265625,1.025390625,0.9765625,-0.42724609375,16.29638671875,1742308801.8778214
1742308801,898257333,0.02197265625,0.0224609375,1.0869140625,-2.8076171875,0.3662109375,14.22119140625,1742308801.8982573
1742308801,918100197,0.03125,0.005859375,0.99951171875,2.8076171875,2.25830078125,10.1318359375,1742308801.9181
1742308801,937970486,0.02099609375,0.09228515625,0.83642578125,4.45556640625,-1.15966796875,7.2021484375,1742308801.9379704
1742308801,957836774,-0.078125,0.1669921875,0.7578125,-0.06103515625,-2.8076171875,9.70458984375,1742308801.9578369
1742308801,977852409,-0.01416015625,0.1806640625,0.7119140625,-5.31005859375,-4.0283203125,10.92529296875,1742308801.9778523
1742308801,997907020,0.017578125,0.119140625,0.93505859375,-4.150390625,0.0,10.3759765625,1742308801.997907
1742308802,17854844,-0.04541015625,0.06689453125,1.13427734375,5.37109375,-0.30517578125,10.68115234375,1742308802.017855
1742308802,37833100,0.02294921875,0.02734375,1.19189453125,11.41357421875,1.40380859375,8.97216796875,1742308802.0378332
1742308802,57903293,-0.0224609375,-0.0029296875,1.046875,-2.62451171875,12.02392578125,6.34765625,1742308802.0579033
1742308802,77998766,-0.1796875,-0.02587890625,1.15283203125,-4.638671875,0.6103515625,7.26318359375,1742308802.0779989
1742308802,97858748,-0.05322265625,0.04296875,1.06298828125,-0.67138671875,-0.48828125,8.48388671875,1742308802.0978587
1742308802,117886860,-0.0556640625,0.06396484375,0.9296875,-1.5869140625,-4.39453125,7.4462890625,1742308802.1178868
1742308802,137862683,0.05078125,0.0283203125,0.85546875,-1.52587890625,4.57763671875,6.40869140625,1742308802.1378627
1742308802,158095631,-0.01953125,0.1796875,0.91064453125,-4.150390625,2.74658203125,6.65283203125,1742308802.1580956
1742308802,177693849,-0.07861328125,0.1669921875,0.91357421875,-0.30517578125,1.03759765625,7.9345703125,1742308802.1776938
1742308802,197937996,-0.044921875,0.1328125,0.88037109375,1.708984375,-2.25830078125,8.60595703125,1742308802.197938
1742308802,218194816,-0.01513671875,0.09423828125,0.91015625,2.44140625,-1.52587890625,7.2021484375,1742308802.2181947
1742308802,237980461,0.00732421875,0.05126953125,1.0126953125,-0.06103515625,1.8310546875,5.9814453125,1742308802.2379804
1742308802,257833018,-0.083984375,0.03759765625,1.16650390625,7.8125,3.47900390625,4.638671875,1742308802.257833
1742308802,277699912,0.04248046875,0.02001953125,1.10400390625,1.40380859375,-0.18310546875,4.39453125,1742308802.2777
1742308802,298299393,-0.03662109375,0.00146484375,1.07763671875,-0.67138671875,5.31005859375,2.62451171875,1742308802.2982993
1742308802,318397874,-0.13623046875,0.056640625,0.9765625,0.1220703125,-5.18798828125,3.47900390625,1742308802.3183978
1742308802,337793561,-0.08642578125,0.04638671875,0.90869140625,-1.5869140625,-6.77490234375,5.615234375,1742308802.3377936
1742308802,357919019,0.06298828125,0.1650390625,0.92431640625,2.13623046875,-1.77001953125,3.5400390625,1742308802.357919
1742308802,377764856,0.0224609375,0.185546875,0.85595703125,-3.90625,3.173828125,3.173828125,1742308802.377765
1742308802,397883530,-0.06005859375,0.01171875,1.01806640625,2.3193359375,2.25830078125,6.28662109375,1742308802.3978834
1742308802,417849849,0.09521484375,0.1318359375,0.87744140625,3.11279296875,3.2958984375,2.50244140625,1742308802.4178498
1742308802,437805704,-0.009765625,0.09326171875,0.81787109375,-10.31494140625,4.39453125,0.6103515625,1742308802.4378057
1742308802,457829017,-0.07861328125,0.09814453125,0.9267578125,-6.53076171875,-0.1220703125,3.0517578125,1742308802.457829
1742308802,478018315,-0.02294921875,0.16748046875,0.84130859375,-2.62451171875,-3.90625,4.57763671875,1742308802.4780183
1742308802,497951162,-0.0341796875,0.12255859375,0.9638671875,-0.48828125,0.1220703125,5.859375,1742308802.4979513
1742308802,518414673,0.06640625,0.05224609375,1.0546875,3.41796875,3.173828125,4.638671875,1742308802.5184147
1742308802,538048443,-0.0693359375,0.11572265625,0.94384765625,-1.3427734375,2.0751953125,5.67626953125,1742308802.5380485
1742308802,557764583,-0.04833984375,0.03662109375,0.97265625,-3.11279296875,2.5634765625,4.7607421875,1742308802.5577645
1742308802,578125916,-0.09619140625,0.12060546875,1.0,8.6669921875,-3.11279296875,6.77490234375,1742308802.578126
1742308802,597962442,0.02490234375,0.142578125,0.88232421875,5.0048828125,1.52587890625,6.103515625,1742308802.5979624
1742308802,617909209,0.02099609375,0.0576171875,0.84130859375,-2.5634765625,2.13623046875,2.685546875,1742308802.6179092
1742308802,637783591,0.03466796875,0.00732421875,1.09765625,3.35693359375,0.6103515625,1.46484375,1742308802.6377835
1742308802,657961721,-0.00927734375,0.08203125,0.912109375,-1.52587890625,3.72314453125,3.90625,1742308802.6579616
1742308802,677715301,-0.033203125,0.02978515625,0.88525390625,-6.34765625,-2.197265625,5.67626953125,1742308802.6777153
1742308802,697886712,-0.099609375,0.1123046875,0.86767578125,0.48828125,-9.21630859375,6.53076171875,1742308802.6978867
1742308802,717865127,0.0166015625,0.13525390625,0.947265625,3.173828125,-5.9814453125,5.9814453125,1742308802.7178652
1742308802,737985241,-0.00439453125,0.05224609375,0.97314453125,-2.62451171875,1.5869140625,4.8828125,1742308802.7379851
1742308802,752991485,0.08544921875,0.00537109375,0.9482421875,-5.7373046875,3.7841796875,4.08935546875,1742308802.7529914
1742308802,777699764,-0.0703125,0.05712890625,1.02392578125,4.5166015625,0.3662109375,4.57763671875,1742308802.7776997
1742308802,797923272,-0.08349609375,0.1318359375,0.849609375,2.0751953125,3.5400390625,5.615234375,1742308802.7979233
1742308802,818256861,-0.05859375,0.056640625,0.94140625,-5.126953125,-2.3193359375,6.4697265625,1742308802.8182569
1742308802,838259500,-0.09130859375,-0.00048828125,0.9990234375,-1.64794921875,-3.90625,8.23974609375,1742308802.8382595
1742308802,858241372,0.005859375,0.099609375,0.96728515625,-1.89208984375,-2.44140625,6.9580078125,1742308802.8582413
1742308802,878158859,0.00341796875,0.09228515625,1.068359375,-5.4931640625,3.173828125,6.591796875,1742308802.8781588
1742308802,898419294,-0.05810546875,0.0283203125,1.12255859375,4.33349609375,5.06591796875,8.4228515625,1742308802.8984194
1742308802,918195403,-0.09326171875,0.0986328125,0.953125,8.7890625,1.15966796875,10.3759765625,1742308802.9181955
1742308802,937706323,0.01416015625,0.0234375,1.02783203125,2.5634765625,0.244140625,7.6904296875,1742308802.9377062
1742308802,957709507,0.0068359375,0.037109375,1.13720703125,3.173828125,1.77001953125,6.89697265625,1742308802.9577096
1742308802,978193882,0.00390625,0.1181640625,0.95361328125,6.9580078125,0.18310546875,8.97216796875,1742308802.978194
1742308802,997990663,0.1044921875,0.12939453125,0.87890625,-0.48828125,2.25830078125,8.30078125,1742308802.9979906
1742308803,17983925,0.01611328125,0.10009765625,0.9775390625,1.77001953125,3.2958984375,5.4931640625,1742308803.017984
1742308803,37909825,-0.01708984375,0.10986328125,0.9052734375,2.3193359375,1.953125,5.4931640625,1742308803.0379097
1742308803,58064113,-0.115234375,0.0322265625,0.9560546875,-2.01416015625,-5.859375,3.7841796875,1742308803.0580642
1742308803,77939772,-0.03173828125,0.06884765625,1.12841796875,-0.1220703125,-0.6103515625,5.31005859375,1742308803.0779397
1742308803,98476369,-0.072265625,0.07666015625,0.986328125,0.1220703125,-4.39453125,5.7373046875,1742308803.0984764
1742308803,118225051,0.0537109375,0.1162109375,0.92822265625,0.0,-0.06103515625,3.90625,1742308803.118225
1742308803,132952921,-0.03125,0.08984375,0.900390625,3.7841796875,1.40380859375,0.79345703125,1742308803.132953
1742308803,157881232,0.00244140625,0.1435546875,0.74169921875,-0.42724609375,2.01416015625,0.244140625,1742308803.1578813
1742308803,177719963,-0.05126953125,0.12646484375,1.01611328125,-8.9111328125,0.67138671875,2.25830078125,1742308803.17772
1742308803,197930379,-0.005859375,0.07275390625,1.14794921875,-2.8076171875,3.173828125,3.90625,1742308803.1979303
1742308803,218014394,-0.08935546875,0.11669921875,1.03564453125,3.35693359375,-2.0751953125,6.9580078125,1742308803.2180145
1742308803,237754371,0.00341796875,0.0810546875,0.96923828125,-2.3193359375,3.7841796875,3.173828125,1742308803.2377543
1742308803,257724624,-0.00439453125,0.072265625,0.97119140625,-1.89208984375,-2.3193359375,2.25830078125,1742308803.2577245
1742308803,277690045,-0.015625,0.10009765625,0.91845703125,-3.47900390625,5.9814453125,2.9296875,1742308803.27769
1742308803,297803564,-0.07763671875,0.0537109375,0.92578125,-2.3193359375,-0.42724609375,4.8828125,1742308803.2978036
1742308803,317966331,-0.01123046875,0.13720703125,0.9912109375,-0.79345703125,-0.67138671875,3.72314453125,1742308803.3179662
1742308803,337923784,-0.02490234375,0.0498046875,1.0576171875,5.67626953125,1.52587890625,2.86865234375,1742308803.3379238
1742308803,358042839,-0.08544921875,0.05126953125,0.93603515625,4.5166015625,-1.52587890625,3.0517578125,1742308803.358043
1742308803,377879138,0.04248046875,0.10400390625,0.84765625,-6.103515625,3.662109375,2.50244140625,1742308803.3778791
1742308803,392953317,-0.0146484375,0.08984375,0.96533203125,-1.220703125,0.1220703125,2.25830078125,1742308803.3929534
1742308803,418060607,-0.02294921875,0.11962890625,0.880859375,-1.77001953125,-4.7607421875,1.40380859375,1742308803.4180605
1742308803,437669542,0.03125,0.09619140625,0.99169921875,-1.28173828125,-0.6103515625,-0.79345703125,1742308803.4376695
1742308803,457689492,-0.0986328125,0.0830078125,1.0556640625,2.5634765625,-7.568359375,-0.1220703125,1742308803.4576895
1742308803,477943973,-0.01416015625,0.11669921875,0.94775390625,-4.638671875,-2.197265625,3.0517578125,1742308803.477944
1742308803,498196950,-0.015625,0.052734375,0.958984375,-0.18310546875,2.685546875,4.150390625,1742308803.4981968
1742308803,518163907,-0.01416015625,0.07568359375,0.919921875,6.28662109375,-2.99072265625,3.35693359375,1742308803.518164
1742308803,538164400,-0.07666015625,0.083984375,1.00439453125,1.708984375,5.18798828125,2.38037109375,1742308803.5381644
1742308803,553587928,-0.0517578125,0.0390625,1.09423828125,-2.50244140625,0.6103515625,4.33349609375,1742308803.553588
1742308803,577879622,-0.03662109375,0.033203125,1.02685546875,-0.8544921875,0.6103515625,7.26318359375,1742308803.5778797
1742308803,598011253,-0.0205078125,0.04052734375,1.00634765625,-1.0986328125,2.197265625,8.7890625,1742308803.5980113
1742308803,618016003,-0.0498046875,0.0654296875,0.91650390625,-2.50244140625,0.244140625,8.7890625,1742308803.618016
1742308803,637824781,0.056640625,0.01708984375,1.12353515625,0.6103515625,-3.35693359375,7.62939453125,1742308803.6378248
1742308803,657791514,0.046875,0.0498046875,0.8740234375,2.44140625,6.28662109375,8.544921875,1742308803.6577916
1742308803,677823591,-0.0478515625,0.10595703125,0.876953125,-4.33349609375,-3.90625,12.02392578125,1742308803.6778235
1742308803,697914550,0.0107421875,0.07568359375,0.984375,-2.3193359375,1.03759765625,16.41845703125,1742308803.6979146
1742308803,718116262,0.00341796875,0.12939453125,1.01611328125,7.14111328125,-1.15966796875,18.1884765625,1742308803.7181163
1742308803,737888624,0.00146484375,0.140625,0.9365234375,3.96728515625,-3.60107421875,22.216796875,1742308803.7378886
1742308803,757867613,0.1259765625,0.1025390625,0.86669921875,1.64794921875,-2.5634765625,28.1982421875,1742308803.7578676
1742308803,777776905,0.07421875,0.09765625,0.84521484375,0.18310546875,1.03759765625,37.109375,1742308803.777777
1742308803,797984601,0.03173828125,0.1083984375,0.93896484375,-4.150390625,-0.732421875,41.9921875,1742308803.7979846
1742308803,818125929,0.06103515625,0.07763671875,1.12451171875,-3.0517578125,1.15966796875,43.0908203125,1742308803.818126
1742308803,837887282,-0.00927734375,0.16796875,1.0673828125,3.662109375,-2.01416015625,42.78564453125,1742308803.8378873
1742308803,857866719,-0.00244140625,0.11865234375,0.94189453125,3.90625,-0.42724609375,44.00634765625,1742308803.8578668
1742308803,877905677,0.0615234375,0.09521484375,0.7958984375,0.6103515625,2.8076171875,43.9453125,1742308803.8779056
1742308803,897945019,0.05859375,0.05029296875,0.853515625,-4.21142578125,2.8076171875,43.02978515625,1742308803.897945
1742308803,918094506,0.04931640625,0.06494140625,0.96435546875,-0.91552734375,0.54931640625,43.3349609375,1742308803.9180944
1742308803,937884437,0.029296875,0.1435546875,0.89013671875,0.91552734375,4.2724609375,46.5087890625,1742308803.9378843
1742308803,957752064,-0.00390625,0.12890625,0.87353515625,-4.57763671875,-0.67138671875,48.88916015625,1742308803.957752
1742308803,978222420,0.07763671875,0.11865234375,0.9736328125,-0.18310546875,3.41796875,45.166015625,1742308803.9782224
1742308803,997943421,0.05517578125,0.07421875,1.05029296875,2.74658203125,3.7841796875,43.3349609375,1742308803.9979434
1742308804,18065194,-0.02685546875,0.05859375,0.9833984375,2.01416015625,1.0986328125,45.47119140625,1742308804.0180652
1742308804,37948595,0.01513671875,0.029296875,0.9794921875,0.18310546875,1.03759765625,45.654296875,1742308804.0379486
1742308804,58033503,0.09033203125,-0.025390625,1.11474609375,4.8828125,6.591796875,41.1376953125,1742308804.0580335
1742308804,77900808,0.06982421875,0.07470703125,0.8779296875,1.77001953125,3.35693359375,37.90283203125,1742308804.077901
1742308804,97945875,0.08544921875,0.04443359375,0.80517578125,-0.67138671875,3.662109375,38.9404296875,1742308804.097946
1742308804,117939742,-0.0380859375,0.15673828125,0.72607421875,-0.06103515625,-3.2958984375,37.9638671875,1742308804.1179397
1742308804,137901928,0.0361328125,0.14599609375,1.09130859375,3.11279296875,-3.2958984375,37.109375,1742308804.137902
1742308804,157925491,-0.00341796875,0.13330078125,1.0986328125,2.50244140625,2.50244140625,37.78076171875,1742308804.1579256
1742308804,178083168,-0.0146484375,0.09375,0.99462890625,-4.21142578125,1.15966796875,38.87939453125,1742308804.1780832
1742308804,197853128,0.0390625,-0.0556640625,1.14990234375,6.77490234375,1.77001953125,34.24072265625,1742308804.197853
1742308804,217856626,0.01025390625,0.04248046875,0.91650390625,6.40869140625,5.2490234375,30.82275390625,1742308804.2178566
1742308804,237796380,-0.03173828125,0.07177734375,0.92431640625,-6.591796875,-0.42724609375,33.203125,1742308804.2377963
1742308804,257947849,-0.02978515625,0.0947265625,1.06005859375,-6.7138671875,-0.732421875,34.1796875,1742308804.257948
1742308804,277953716,-0.041015625,0.091796875,0.9892578125,0.9765625,-2.5634765625,35.888671875,1742308804.2779536
1742308804,298138177,0.0126953125,0.099609375,0.87451171875,-1.5869140625,-2.62451171875,35.94970703125,1742308804.2981381
1742308804,317735078,0.1015625,0.056640625,0.86865234375,-3.23486328125,3.173828125,35.400390625,1742308804.3177352
1742308804,337912371,0.06494140625,0.10400390625,0.83837890625,0.91552734375,3.72314453125,34.24072265625,1742308804.3379123
1742308804,357839837,0.107421875,0.1328125,0.8701171875,-2.13623046875,5.43212890625,33.50830078125,1742308804.3578398
1742308804,377871400,0.08447265625,0.1533203125,0.97412109375,-2.197265625,3.173828125,33.935546875,1742308804.3778715
1742308804,398124055,0.02978515625,0.1796875,0.89990234375,2.197265625,4.0283203125,31.8603515625,1742308804.398124
1742308804,418263395,-0.021484375,0.1484375,0.81103515625,0.79345703125,-2.3193359375,30.029296875,1742308804.4182634
1742308804,437872808,0.05419921875,0.0517578125,0.9921875,-1.220703125,1.40380859375,29.47998046875,1742308804.437873
1742308804,453044235,0.0390625,-0.0009765625,1.1279296875,5.31005859375,4.2724609375,28.80859375,1742308804.4530442
1742308804,478053344,-0.04150390625,0.0595703125,0.9052734375,4.0283203125,2.99072265625,27.83203125,1742308804.4780533
1742308804,498055883,0.09619140625,0.01904296875,1.1044921875,-5.0048828125,1.708984375,28.13720703125,1742308804.498056
1742308804,517986485,-0.00390625,0.037109375,1.12353515625,1.220703125,1.77001953125,27.89306640625,1742308804.5179865
1742308804,537880574,-0.0830078125,0.033203125,1.087890625,3.96728515625,-2.86865234375,29.84619140625,1742308804.5378807
1742308804,558186029,0.0234375,0.03466796875,0.9521484375,2.01416015625,-4.82177734375,28.25927734375,1742308804.558186
1742308804,578022614,0.06201171875,0.0654296875,0.92236328125,-4.45556640625,4.638671875,27.03857421875,1742308804.5780227
1742308804,597983712,0.02294921875,0.0478515625,0.97998046875,-4.8828125,0.3662109375,28.74755859375,1742308804.5979836
1742308804,618008747,0.0498046875,0.10302734375,0.89404296875,-5.126953125,2.8076171875,27.83203125,1742308804.6180089
1742308804,637885428,-0.01611328125,0.06982421875,1.1005859375,-1.953125,1.89208984375,26.9775390625,1742308804.6378853
1742308804,657920223,0.02392578125,0.17041015625,1.0625,4.2724609375,-0.1220703125,27.52685546875,1742308804.6579201
1742308804,678004427,-0.08740234375,0.14599609375,1.0029296875,2.01416015625,-0.67138671875,29.1748046875,1742308804.6780045
1742308804,697919892,0.00634765625,0.08837890625,0.86474609375,1.220703125,-3.41796875,29.9072265625,1742308804.6979198
1742308804,717841566,0.11474609375,0.013671875,0.92822265625,1.15966796875,1.3427734375,26.30615234375,1742308804.7178416
1742308804,737936682,0.015625,0.0068359375,1.06640625,6.2255859375,4.21142578125,24.169921875,1742308804.7379367
1742308804,757792787,0.0068359375,0.08935546875,1.02783203125,4.45556640625,6.2255859375,23.193359375,1742308804.7577927
1742308804,777756157,-0.037109375,0.1005859375,1.068359375,-0.42724609375,7.26318359375,25.634765625,1742308804.7777562
1742308804,798322704,-0.14892578125,-0.0615234375,1.03369140625,2.01416015625,-1.15966796875,27.099609375,1742308804.7983227
1742308804,817890900,-0.00244140625,0.05029296875,0.92626953125,1.708984375,-3.60107421875,24.169921875,1742308804.817891
1742308804,837936704,0.0185546875,0.0546875,1.06201171875,-3.173828125,1.953125,20.01953125,1742308804.8379366
1742308804,857870185,0.0576171875,0.05615234375,1.0185546875,2.44140625,0.0,20.3857421875,1742308804.85787
1742308804,877914133,0.0,0.15087890625,0.953125,6.28662109375,7.4462890625,21.05712890625,1742308804.8779142
1742308804,898007617,-0.03564453125,0.126953125,1.109375,2.8076171875,1.28173828125,20.81298828125,1742308804.8980076
1742308804,918044236,-0.05224609375,0.0888671875,0.99072265625,3.47900390625,1.0986328125,21.42333984375,1742308804.9180443
1742308804,937813555,-0.04150390625,0.07861328125,0.9599609375,-2.0751953125,-6.04248046875,22.3388671875,1742308804.9378135
1742308804,957844414,0.02001953125,0.10888671875,0.86962890625,-1.8310546875,-0.30517578125,22.88818359375,1742308804.9578445
1742308804,977941291,0.00048828125,0.0625,0.96875,-3.84521484375,0.30517578125,23.681640625,1742308804.9779413
1742308804,998349563,0.046875,0.01123046875,1.00927734375,-0.8544921875,-1.3427734375,26.2451171875,1742308804.9983497
1742308805,17881789,0.12255859375,0.0068359375,1.06005859375,-1.0986328125,2.38037109375,28.38134765625,1742308805.0178819
1742308805,37788388,0.1083984375,0.0576171875,1.10302734375,-2.685546875,4.7607421875,27.64892578125,1742308805.0377884
1742308805,58049616,0.0126953125,0.119140625,0.97705078125,0.48828125,-0.48828125,33.3251953125,1742308805.0580497
1742308805,77861206,0.00341796875,0.14208984375,0.8740234375,-1.52587890625,-3.35693359375,46.44775390625,1742308805.0778613
1742308805,98041505,0.240234375,0.0751953125,0.9462890625,4.33349609375,0.42724609375,51.513671875,1742308805.0980415
1742308805,117809381,0.099609375,0.072265625,0.96728515625,5.55419921875,2.0751953125,55.6640625,1742308805.1178093
1742308805,137852366,0.14306640625,0.001953125,1.02880859375,3.7841796875,4.08935546875,62.07275390625,1742308805.1378524
1742308805,157882647,0.02587890625,-0.017578125,0.912109375,0.54931640625,8.544921875,63.8427734375,1742308805.1578827
1742308805,177881375,0.01513671875,0.10693359375,0.85791015625,-8.6669921875,5.18798828125,64.51416015625,1742308805.1778815
1742308805,197918472,0.02978515625,0.05126953125,0.97900390625,-8.056640625,3.47900390625,65.97900390625,1742308805.1979184
1742308805,217854287,0.16259765625,0.02783203125,0.91162109375,1.28173828125,-4.150390625,65.85693359375,1742308805.2178543
1742308805,237741750,0.11572265625,0.0673828125,0.78466796875,1.28173828125,0.0,60.48583984375,1742308805.2377417
1742308805,257812959,0.22265625,0.20166015625,0.78662109375,-4.8828125,6.77490234375,55.48095703125,1742308805.257813
1742308805,278088204,-0.0068359375,0.109375,0.94091796875,-1.708984375,4.57763671875,58.65478515625,1742308805.278088
1742308805,298011187,-0.07763671875,0.06689453125,1.03125,1.0986328125,3.23486328125,65.4296875,1742308805.2980113
1742308805,317801368,0.02685546875,0.04736328125,1.11376953125,0.9765625,0.79345703125,67.87109375,1742308805.3178015
1742308805,337859297,0.09912109375,0.123046875,1.0712890625,12.0849609375,1.5869140625,65.673828125,1742308805.3378594
1742308805,357840553,0.08056640625,0.107421875,1.0625,5.43212890625,10.25390625,61.70654296875,1742308805.3578405
1742308805,377836849,0.11767578125,0.0712890625,1.029296875,0.9765625,6.9580078125,65.00244140625,1742308805.377837
1742308805,397886746,0.01318359375,0.0693359375,0.9501953125,3.11279296875,0.8544921875,65.0634765625,1742308805.3978868
1742308805,418044901,0.1083984375,0.12548828125,1.07275390625,9.09423828125,6.591796875,60.6689453125,1742308805.4180448
1742308805,437821258,0.08056640625,0.14794921875,1.06005859375,9.33837890625,7.6904296875,55.5419921875,1742308805.4378211
1742308805,457948532,0.15185546875,0.0576171875,1.02099609375,3.35693359375,7.8125,52.91748046875,1742308805.4579484
1742308805,477911452,0.017578125,0.04345703125,0.85888671875,0.8544921875,0.8544921875,50.72021484375,1742308805.4779115
1742308805,498032614,-0.0322265625,0.04833984375,0.83154296875,-0.06103515625,-0.48828125,49.4384765625,1742308805.4980326
1742308805,517896684,0.0498046875,0.1337890625,1.02734375,5.43212890625,4.57763671875,45.71533203125,1742308805.5178967
1742308805,537809811,0.017578125,0.2451171875,0.7685546875,-1.28173828125,4.150390625,43.9453125,1742308805.5378098
1742308805,557821915,0.02294921875,0.0673828125,0.90966796875,-1.52587890625,-0.67138671875,41.07666015625,1742308805.557822
1742308805,578003910,0.13916015625,0.044921875,0.8544921875,2.9296875,7.87353515625,37.4755859375,1742308805.578004
1742308805,598028079,-0.0498046875,0.1533203125,0.76708984375,-5.43212890625,1.03759765625,36.43798828125,1742308805.5980282
1742308805,617895765,-0.0498046875,0.19384765625,0.833984375,-9.27734375,1.953125,33.99658203125,1742308805.6178958
1742308805,637886557,-0.07666015625,0.146484375,0.91455078125,-7.99560546875,-5.31005859375,32.8369140625,1742308805.6378865
1742308805,658013927,0.0302734375,0.11376953125,1.04833984375,-0.1220703125,-2.8076171875,30.09033203125,1742308805.6580138
1742308805,677993103,0.11328125,0.1064453125,1.00732421875,4.21142578125,10.8642578125,27.28271484375,1742308805.677993
1742308805,698079641,-0.06591796875,0.10009765625,0.90576171875,0.732421875,1.15966796875,25.32958984375,1742308805.6980796
1742308805,717892990,0.04248046875,0.18017578125,0.9619140625,-3.90625,3.2958984375,25.45166015625,1742308805.717893
1742308805,737867622,0.03076171875,0.09619140625,1.044921875,0.79345703125,0.42724609375,24.47509765625,1742308805.7378676
1742308805,757855598,0.041015625,0.06689453125,0.97119140625,5.615234375,4.45556640625,23.62060546875,1742308805.7578557
1742308805,777930680,0.041015625,0.091796875,0.990234375,7.080078125,0.9765625,21.240234375,1742308805.7779307
1742308805,798398375,0.02099609375,0.0498046875,0.93408203125,2.44140625,-1.220703125,22.39990234375,1742308805.7983983
1742308805,817859239,-0.03271484375,0.0888671875,0.77392578125,-0.30517578125,-1.28173828125,25.634765625,1742308805.8178592
1742308805,838001362,0.06689453125,0.10546875,0.8310546875,-2.86865234375,-2.99072265625,26.3671875,1742308805.8380013
1742308805,857913913,0.04345703125,0.10498046875,0.96142578125,-2.9296875,3.35693359375,25.146484375,1742308805.857914
1742308805,878005442,0.03759765625,0.10107421875,1.09765625,-2.44140625,0.54931640625,25.2685546875,1742308805.8780055
1742308805,898110028,-0.04931640625,0.0947265625,1.0712890625,-1.220703125,1.0986328125,27.16064453125,1742308805.89811
1742308805,917915377,-0.0732421875,0.01806640625,1.10205078125,12.39013671875,0.06103515625,27.4658203125,1742308805.9179153
1742308805,937815064,0.01318359375,0.1357421875,0.86083984375,5.7373046875,3.35693359375,24.5361328125,1742308805.937815
1742308805,958095365,0.04833984375,0.0361328125,1.037109375,-2.99072265625,4.57763671875,26.0009765625,1742308805.9580953
1742308805,977998187,-0.05908203125,-0.04248046875,1.09912109375,-0.42724609375,1.953125,26.9775390625,1742308805.9779983
1742308805,997965107,-0.08154296875,0.0126953125,1.04736328125,1.03759765625,-0.8544921875,29.35791015625,1742308805.997965
1742308806,17938713,-0.03759765625,0.0625,1.16015625,0.06103515625,-0.54931640625,29.23583984375,1742308806.0179386
1742308806,37842590,0.05029296875,0.12353515625,0.982421875,-0.42724609375,1.89208984375,25.87890625,1742308806.0378425
1742308806,57795267,0.02978515625,0.126953125,0.7783203125,-6.34765625,6.53076171875,22.52197265625,1742308806.0577953
1742308806,78004076,0.04296875,0.03076171875,0.91796875,-3.0517578125,3.23486328125,19.8974609375,1742308806.0780041
1742308806,97900112,-0.06591796875,0.0166015625,1.021484375,7.9345703125,-2.13623046875,21.30126953125,1742308806.0979002
1742308806,117893206,0.1005859375,0.15576171875,0.8408203125,1.0986328125,5.7373046875,19.59228515625,1742308806.1178932
1742308806,138027006,0.06884765625,0.18994140625,0.76904296875,-7.2021484375,-0.244140625,18.310546875,1742308806.138027
1742308806,157902082,0.05419921875,0.14013671875,0.9404296875,-4.5166015625,-0.9765625,17.15087890625,1742308806.157902
1742308806,178064074,-0.0732421875,0.08349609375,1.0791015625,5.615234375,1.46484375,16.78466796875,1742308806.178064
1742308806,198042448,-0.04345703125,0.123046875,0.8623046875,-1.0986328125,-5.79833984375,18.85986328125,1742308806.1980424
1742308806,217880147,0.02978515625,0.08154296875,0.8642578125,-8.36181640625,2.13623046875,17.51708984375,1742308806.2178802
1742308806,237885145,0.01416015625,0.1015625,0.98291015625,-4.69970703125,-1.89208984375,16.41845703125,1742308806.2378852
1742308806,257936096,0.03173828125,0.14794921875,1.01611328125,3.90625,3.35693359375,15.9912109375,1742308806.257936
1742308806,277918725,-0.01953125,0.052734375,0.90869140625,4.150390625,-1.40380859375,16.357421875,1742308806.2779188
1742308806,297996524,-0.0390625,0.0830078125,0.8525390625,-8.056640625,2.9296875,14.46533203125,1742308806.2979965
1742308806,317880977,-0.02099609375,0.134765625,1.02587890625,-1.40380859375,-1.5869140625,15.13671875,1742308806.3178809
1742308806,337899255,-0.0107421875,0.197265625,0.8525390625,2.74658203125,-0.6103515625,17.76123046875,1742308806.3378992
1742308806,357882012,-0.0205078125,0.1650390625,0.75146484375,-5.4931640625,-2.197265625,19.83642578125,1742308806.357882
1742308806,378106182,0.03466796875,0.080078125,0.99755859375,-3.47900390625,-0.48828125,20.81298828125,1742308806.378106
1742308806,397900168,-0.00634765625,0.068359375,1.12353515625,2.197265625,2.13623046875,18.98193359375,1742308806.3979
1742308806,417846573,0.02685546875,0.099609375,1.0595703125,0.91552734375,4.39453125,19.59228515625,1742308806.4178467
1742308806,437844691,0.00927734375,-0.02294921875,0.9990234375,-0.06103515625,1.0986328125,18.61572265625,1742308806.4378448
1742308806,457889146,0.083984375,0.01513671875,1.00048828125,-0.3662109375,2.0751953125,17.7001953125,1742308806.457889
1742308806,478028514,-0.03662109375,0.06396484375,1.05322265625,9.70458984375,3.2958984375,17.76123046875,1742308806.4780285
1742308806,497839237,-0.04443359375,0.09814453125,0.90869140625,7.2021484375,1.953125,20.3857421875,1742308806.4978392
1742308806,518142255,0.03125,0.10498046875,0.87255859375,-3.90625,1.3427734375,19.10400390625,1742308806.5181422
1742308806,538003187,0.04931640625,0.06005859375,0.8388671875,-1.89208984375,0.30517578125,19.287109375,1742308806.5380032
1742308806,558098970,-0.00830078125,0.17919921875,0.81689453125,0.18310546875,-7.14111328125,20.08056640625,1742308806.558099
1742308806,578293155,0.05078125,0.1787109375,0.859375,5.31005859375,-1.89208984375,20.8740234375,1742308806.578293
1742308806,598145479,-0.01123046875,0.17529296875,0.84033203125,-2.86865234375,-2.5634765625,22.0947265625,1742308806.5981455
1742308806,617882505,0.02978515625,0.0546875,1.09619140625,-1.46484375,1.28173828125,23.74267578125,1742308806.6178825
1742308806,637967088,-0.0244140625,0.00048828125,1.11669921875,3.96728515625,-2.3193359375,22.94921875,1742308806.637967
1742308806,658023415,-0.00048828125,0.01513671875,0.83251953125,-2.86865234375,-0.79345703125,25.0244140625,1742308806.6580234
1742308806,678058653,0.02880859375,0.07666015625,1.046875,-1.52587890625,-6.591796875,33.26416015625,1742308806.6780586
1742308806,698096356,0.0546875,0.130859375,1.1337890625,4.33349609375,-1.03759765625,47.05810546875,1742308806.6980963
1742308806,718264844,0.05029296875,0.1357421875,0.92041015625,1.708984375,-4.2724609375,58.16650390625,1742308806.7182648
1742308806,738200497,0.18603515625,0.076171875,0.8837890625,-0.9765625,7.01904296875,62.80517578125,1742308806.7382004
1742308806,758043444,0.15625,0.11376953125,0.91845703125,2.13623046875,7.50732421875,61.82861328125,1742308806.7580435
1742308806,777930617,0.029296875,0.14306640625,0.94189453125,-1.03759765625,6.591796875,61.5234375,1742308806.7779305
1742308806,799249266,0.03369140625,0.1142578125,0.93408203125,2.0751953125,1.5869140625,63.78173828125,1742308806.7992492
1742308806,818015206,0.03369140625,0.17041015625,1.09619140625,7.080078125,7.26318359375,61.1572265625,1742308806.818015
1742308806,838132557,0.06298828125,0.03515625,1.1171875,6.77490234375,0.79345703125,59.326171875,1742308806.8381326
1742308806,857943024,0.041015625,-0.0126953125,1.09375,2.3193359375,2.13623046875,61.09619140625,1742308806.857943
1742308806,878074680,0.064453125,0.01220703125,0.94140625,1.220703125,3.23486328125,62.1337890625,1742308806.8780746
1742308806,898002429,0.1240234375,0.060546875,0.9443359375,3.96728515625,6.2255859375,61.6455078125,1742308806.8980024
1742308806,917862625,0.04833984375,0.0625,0.921875,-2.74658203125,2.8076171875,61.8896484375,1742308806.9178627
1742308806,937900423,0.2197265625,0.1015625,0.91259765625,-3.173828125,14.16015625,57.80029296875,1742308806.9379003
1742308806,957933998,-0.08154296875,0.060546875,0.81005859375,0.8544921875,6.7138671875,52.18505859375,1742308806.957934
1742308806,977948436,0.1669921875,0.1796875,0.71630859375,-2.99072265625,5.9814453125,41.93115234375,1742308806.9779484
1742308806,998068635,-0.1064453125,0.1513671875,0.93505859375,-4.150390625,5.67626953125,28.4423828125,1742308806.9980686
1742308807,17946526,-0.10546875,0.16943359375,1.03564453125,2.25830078125,4.2724609375,19.8974609375,1742308807.0179465
1742308807,37983714,-0.04345703125,0.14990234375,0.890625,-0.91552734375,-0.30517578125,9.27734375,1742308807.0379837
1742308807,58043270,-0.0107421875,0.08154296875,0.84326171875,-3.0517578125,2.5634765625,-0.48828125,1742308807.0580432
1742308807,78001993,0.03564453125,0.0849609375,1.037109375,0.91552734375,12.26806640625,-13.85498046875,1742308807.078002
1742308807,97984013,-0.2001953125,0.1357421875,1.02783203125,6.2255859375,5.615234375,-21.6064453125,1742308807.097984
1742308807,117919215,-0.16845703125,0.14697265625,1.17431640625,2.44140625,-0.1220703125,-29.052734375,1742308807.1179192
1742308807,137951411,-0.10595703125,0.013671875,1.19775390625,6.7138671875,4.94384765625,-39.55078125,1742308807.1379514
1742308807,157893654,-0.15234375,0.06103515625,0.9140625,9.27734375,5.4931640625,-47.91259765625,1742308807.1578937
1742308807,177965883,-0.0947265625,0.12890625,0.8359375,3.23486328125,0.3662109375,-55.2978515625,1742308807.1779659
1742308807,197892477,-0.17578125,0.14404296875,0.93310546875,3.662109375,-3.23486328125,-60.72998046875,1742308807.1978924
1742308807,217927201,-0.10400390625,0.11962890625,0.91455078125,-2.50244140625,0.0,-62.56103515625,1742308807.2179272
1742308807,237893124,-0.1259765625,0.00732421875,1.02490234375,-6.591796875,3.2958984375,-64.208984375,1742308807.237893
1742308807,257899784,-0.2099609375,-0.04345703125,0.96435546875,8.97216796875,-3.60107421875,-62.6220703125,1742308807.2578998
1742308807,277931500,-0.13134765625,0.07568359375,0.9033203125,5.43212890625,-3.23486328125,-61.21826171875,1742308807.2779315
1742308807,298044273,-0.171875,0.12841796875,0.9130859375,0.3662109375,-2.86865234375,-63.232421875,1742308807.2980442
1742308807,317877970,-0.0537109375,0.06103515625,1.15771484375,-2.44140625,-2.5634765625,-64.51416015625,1742308807.317878
1742308807,337908758,-0.173828125,0.0107421875,1.33447265625,5.859375,2.8076171875,-65.49072265625,1742308807.3379087
1742308807,358093533,-0.26025390625,-0.02099609375,1.083984375,12.02392578125,-4.94384765625,-63.17138671875,1742308807.3580935
1742308807,377838301,-0.048828125,0.328125,0.9208984375,-3.2958984375,-1.77001953125,-58.89892578125,1742308807.3778384
1742308807,397875361,-0.138671875,0.26904296875,1.09375,-7.38525390625,0.1220703125,-57.43408203125,1742308807.3978753
1742308807,418093639,-0.1162109375,0.14599609375,0.95263671875,-0.42724609375,-2.99072265625,-53.3447265625,1742308807.4180937
1742308807,437878888,-0.12060546875,0.11083984375,0.88916015625,3.2958984375,-9.21630859375,-50.537109375,1742308807.4378788
1742308807,457881932,-0.12841796875,0.12646484375,0.9443359375,5.126953125,-7.99560546875,-47.18017578125,1742308807.457882
1742308807,478026897,-0.07470703125,0.138671875,1.10302734375,0.54931640625,-5.4931640625,-40.0390625,1742308807.4780269
1742308807,497932691,-0.0732421875,0.0732421875,1.16064453125,0.18310546875,-3.96728515625,-31.005859375,1742308807.4979327
1742308807,517983704,-0.0302734375,-0.0400390625,1.09521484375,2.197265625,-1.28173828125,-21.3623046875,1742308807.5179837
1742308807,537823289,-0.0166015625,0.03759765625,0.984375,4.39453125,-0.79345703125,-15.13671875,1742308807.5378232
1742308807,558194114,-0.0546875,0.0361328125,0.97216796875,3.11279296875,-5.126953125,-6.2255859375,1742308807.5581942
1742308807,578107236,-0.0068359375,0.01318359375,0.93212890625,0.54931640625,0.79345703125,-2.99072265625,1742308807.578107
1742308807,598119432,-0.01416015625,0.31591796875,1.10986328125,2.62451171875,0.0,3.2958984375,1742308807.5981195
1742308807,617875496,-0.25830078125,0.376953125,0.5,-29.47998046875,-5.55419921875,19.8974609375,1742308807.6178756
1742308807,637964909,0.10009765625,0.48681640625,1.15576171875,-17.9443359375,0.67138671875,14.892578125,1742308807.637965
1742308807,658018865,-0.05224609375,0.3857421875,1.517578125,14.09912109375,-4.7607421875,-1.40380859375,1742308807.6580188
1742308807,678030901,0.1484375,0.43212890625,1.39990234375,30.1513671875,10.80322265625,-8.97216796875,1742308807.678031
1742308807,698059897,0.3017578125,0.39990234375,1.232421875,46.5087890625,24.71923828125,-25.0244140625,1742308807.6980598
1742308807,718005500,0.2255859375,0.27685546875,1.48779296875,69.7021484375,4.8828125,-47.607421875,1742308807.7180054
1742308807,738041120,0.0234375,0.1708984375,1.72216796875,85.38818359375,-1.77001953125,-44.25048828125,1742308807.7380412
1742308807,758007779,-0.82373046875,0.06591796875,1.86767578125,113.8916015625,4.150390625,-23.0712890625,1742308807.7580078
1742308807,778304331,-0.09619140625,0.310546875,1.423828125,133.056640625,2.0751953125,-24.90234375,1742308807.7783043
1742308807,797991626,-0.099609375,0.4951171875,1.46533203125,153.25927734375,-17.15087890625,-29.296875,1742308807.7979915
1742308807,817979309,0.068359375,0.7880859375,1.2431640625,178.52783203125,-17.4560546875,-37.841796875,1742308807.8179793
1742308807,837953297,-0.03662109375,0.89453125,1.22802734375,211.24267578125,-20.44677734375,-55.5419921875,1742308807.8379533
1742308807,857885715,-0.37255859375,0.91162109375,0.798828125,218.3837890625,-31.25,-34.85107421875,1742308807.8578856
1742308807,877941144,-0.20947265625,1.07421875,0.50634765625,228.08837890625,-24.10888671875,-26.55029296875,1742308807.8779411
1742308807,898082845,-0.0361328125,1.1708984375,0.38134765625,228.759765625,-10.31494140625,-20.01953125,1742308807.8980827
1742308807,918125697,-0.19482421875,1.04541015625,0.1796875,229.06494140625,-16.66259765625,-20.69091796875,1742308807.9181256
1742308807,938047588,-0.0341796875,1.17529296875,0.197265625,225.64697265625,5.18798828125,-10.31494140625,1742308807.9380476
1742308807,957958502,0.0771484375,1.0869140625,0.1201171875,220.76416015625,53.03955078125,1.5869140625,1742308807.9579585
1742308807,978230862,0.0693359375,1.287109375,0.037109375,206.54296875,80.01708984375,10.986328125,1742308807.978231
1742308807,997976334,0.0830078125,1.18212890625,-0.01123046875,188.04931640625,104.18701171875,11.16943359375,1742308807.9979763
1742308808,18088497,-0.06396484375,1.08984375,0.15380859375,179.26025390625,117.00439453125,21.54541015625,1742308808.0180886
1742308808,37922224,0.00439453125,1.123046875,0.03515625,171.20361328125,120.60546875,32.77587890625,1742308808.0379221
1742308808,57940690,-0.001953125,1.1044921875,0.06005859375,158.8134765625,117.49267578125,38.63525390625,1742308808.0579407
1742308808,78142134,-0.08740234375,1.068359375,0.0830078125,150.81787109375,108.0322265625,44.189453125,1742308808.0781422
1742308808,97947284,-0.15576171875,1.0107421875,0.115234375,144.775390625,91.064453125,52.978515625,1742308808.0979474
1742308808,114048061,-0.04638671875,0.9765625,0.16650390625,143.310546875,71.96044921875,56.57958984375,1742308808.114048
1742308808,138063385,-0.0009765625,0.96826171875,0.14111328125,142.15087890625,54.50439453125,53.40576171875,1742308808.1380634
1742308808,158224253,-0.09130859375,0.97265625,0.0634765625,136.962890625,32.77587890625,52.1240234375,1742308808.1582243
1742308808,178005275,-0.171875,0.99951171875,0.02001953125,126.64794921875,11.04736328125,54.99267578125,1742308808.1780052
1742308808,198076477,-0.0947265625,0.951171875,0.03125,118.71337890625,-14.58740234375,55.419921875,1742308808.1980765
1742308808,218069534,-0.056640625,0.94287109375,0.06787109375,113.28125,-40.283203125,49.31640625,1742308808.2180696
1742308808,237989727,-0.08251953125,1.00634765625,-0.00244140625,106.75048828125,-63.8427734375,43.5791015625,1742308808.2379897
1742308808,258316197,-0.0751953125,1.0078125,-0.05029296875,94.7265625,-84.77783203125,39.97802734375,1742308808.2583163
1742308808,278057762,0.00244140625,0.97314453125,0.0341796875,84.5947265625,-98.7548828125,34.0576171875,1742308808.2780578
1742308808,297952258,-0.02783203125,1.013671875,-0.005859375,75.50048828125,-109.130859375,28.564453125,1742308808.2979522
1742308808,317985988,-0.0361328125,1.04443359375,-0.08251953125,63.3544921875,-118.1640625,22.76611328125,1742308808.317986
1742308808,337945541,-0.01025390625,1.017578125,-0.02001953125,49.6826171875,-125.244140625,17.7001953125,1742308808.3379455
1742308808,358005639,0.00537109375,1.015625,0.0185546875,39.4287109375,-127.86865234375,13.427734375,1742308808.3580055
1742308808,378255852,0.04345703125,1.04541015625,-0.01025390625,29.23583984375,-127.38037109375,8.60595703125,1742308808.3782558
1742308808,397870344,0.07861328125,1.03466796875,0.0068359375,19.53125,-123.59619140625,2.50244140625,1742308808.3978703
1742308808,418020491,0.0634765625,1.02001953125,0.021484375,8.9111328125,-116.63818359375,-4.08935546875,1742308808.4180205
1742308808,438040013,0.0087890625,1.009765625,0.017578125,-0.54931640625,-110.3515625,-6.77490234375,1742308808.43804
1742308808,457975501,-0.03271484375,1.015625,-0.00244140625,-10.55908203125,-104.79736328125,-6.04248046875,1742308808.4579754
1742308808,477967534,-0.0029296875,0.99267578125,0.02587890625,-19.22607421875,-98.9990234375,-5.37109375,1742308808.4779675
1742308808,498197171,-0.00146484375,0.99072265625,0.03955078125,-25.5126953125,-93.93310546875,-6.2255859375,1742308808.498197
1742308808,518027410,-0.0478515625,0.96826171875,0.04296875,-31.55517578125,-89.4775390625,-5.43212890625,1742308808.5180273
1742308808,537929394,-0.0703125,0.9423828125,0.0537109375,-36.56005859375,-87.70751953125,-2.25830078125,1742308808.5379293
1742308808,557864626,-0.01025390625,0.9384765625,0.07080078125,-40.58837890625,-84.77783203125,-0.732421875,1742308808.5578647
1742308808,578131800,-0.021484375,0.8974609375,0.0859375,-42.3583984375,-82.82470703125,-0.91552734375,1742308808.578132
1742308808,598048792,-0.00830078125,0.8779296875,0.1162109375,-43.212890625,-80.2001953125,-2.01416015625,1742308808.5980487
1742308808,617924887,-0.0068359375,0.8671875,0.10107421875,-43.45703125,-75.86669921875,-3.662109375,1742308808.617925
1742308808,637883288,-0.01123046875,0.86669921875,0.0849609375,-44.49462890625,-70.1904296875,-4.69970703125,1742308808.6378832
1742308808,658019419,-0.046875,0.849609375,0.1015625,-44.98291015625,-63.17138671875,-3.84521484375,1742308808.6580193
1742308808,678004156,-0.0341796875,0.84814453125,0.11572265625,-44.43359375,-55.84716796875,-2.3193359375,1742308808.6780043
1742308808,697962909,-0.037109375,0.8486328125,0.11376953125,-44.677734375,-47.607421875,-1.52587890625,1742308808.697963
1742308808,718058432,-0.0625,0.85693359375,0.11767578125,-43.9453125,-39.97802734375,-0.18310546875,1742308808.7180583
1742308808,738052225,-0.07861328125,0.86083984375,0.1455078125,-41.748046875,-33.8134765625,2.685546875,1742308808.7380521
1742308808,758186053,-0.07568359375,0.857421875,0.17041015625,-37.53662109375,-29.84619140625,5.126953125,1742308808.758186
1742308808,777976035,-0.1083984375,0.84375,0.1650390625,-32.77587890625,-27.64892578125,7.75146484375,1742308808.777976
1742308808,798036101,-0.1015625,0.83984375,0.18310546875,-27.4658203125,-26.9775390625,10.986328125,1742308808.798036
1742308808,818060999,-0.1083984375,0.84423828125,0.17724609375,-21.91162109375,-25.93994140625,13.7939453125,1742308808.818061
1742308808,838033704,-0.0908203125,0.85791015625,0.15966796875,-17.2119140625,-22.4609375,16.78466796875,1742308808.8380337
1742308808,858311949,-0.0771484375,0.8720703125,0.138671875,-14.09912109375,-18.00537109375,19.287109375,1742308808.858312
1742308808,878041099,-0.08447265625,0.89697265625,0.14599609375,-11.16943359375,-11.8408203125,21.97265625,1742308808.878041
1742308808,897977995,-0.0693359375,0.88623046875,0.14404296875,-8.60595703125,-4.33349609375,24.90234375,1742308808.897978
1742308808,917892267,-0.072265625,0.92041015625,0.11767578125,-8.056640625,6.4697265625,27.2216796875,1742308808.9178922
1742308808,937930797,-0.06787109375,0.95166015625,0.138671875,-6.28662109375,16.05224609375,30.33447265625,1742308808.9379308
1742308808,958172466,-0.0048828125,0.99609375,0.142578125,-3.72314453125,25.81787109375,30.94482421875,1742308808.9581726
1742308808,978256980,-0.00537109375,1.001953125,0.1611328125,-0.79345703125,33.87451171875,29.72412109375,1742308808.978257
1742308808,998032466,-0.02734375,1.0068359375,0.17919921875,3.173828125,39.48974609375,28.564453125,1742308808.9980326
1742308809,18127956,-0.00341796875,1.041015625,0.158203125,6.77490234375,43.45703125,26.85546875,1742308809.018128
1742308809,38018513,0.0234375,1.08349609375,0.16357421875,10.3759765625,47.91259765625,23.5595703125,1742308809.0380185
1742308809,58087153,0.0029296875,1.1015625,0.1552734375,13.48876953125,51.94091796875,20.5078125,1742308809.058087
1742308809,78046320,-0.01953125,1.10107421875,0.1630859375,16.9677734375,56.396484375,18.9208984375,1742308809.0780463
1742308809,98079216,0.03271484375,1.1005859375,0.1669921875,20.20263671875,61.21826171875,16.54052734375,1742308809.0980792
1742308809,117992974,0.0283203125,1.10400390625,0.1689453125,24.23095703125,65.12451171875,11.8408203125,1742308809.1179929
1742308809,137938220,0.0048828125,1.12353515625,0.16748046875,28.564453125,68.05419921875,8.85009765625,1742308809.1379383
1742308809,158006860,-0.00244140625,1.1328125,0.13134765625,31.6162109375,70.6787109375,6.89697265625,1742308809.158007
1742308809,178017132,0.01953125,1.14501953125,0.10498046875,32.2265625,74.40185546875,4.82177734375,1742308809.1780171
1742308809,197993386,-0.005859375,1.142578125,0.1171875,32.65380859375,78.369140625,2.62451171875,1742308809.1979933
1742308809,218656435,0.00146484375,1.138671875,0.09912109375,33.14208984375,81.787109375,1.708984375,1742308809.2186565
1742308809,238024713,0.01171875,1.15234375,0.0693359375,32.16552734375,82.8857421875,-0.18310546875,1742308809.2380247
1742308809,258309100,-0.015625,1.1220703125,0.0927734375,31.67724609375,82.70263671875,-2.50244140625,1742308809.2583091
1742308809,278046984,-0.02294921875,1.13818359375,0.0634765625,31.31103515625,82.94677734375,-1.708984375,1742308809.278047
1742308809,293128992,-0.01416015625,1.13720703125,0.041015625,28.74755859375,81.787109375,-3.72314453125,1742308809.293129
1742308809,318224489,-0.03759765625,1.1259765625,0.04833984375,26.4892578125,78.30810546875,-4.82177734375,1742308809.3182244
1742308809,337940260,-0.025390625,1.11474609375,0.06884765625,25.146484375,75.439453125,-5.79833984375,1742308809.3379402
1742308809,359368120,-0.0029296875,1.109375,0.04541015625,23.5595703125,71.47216796875,-8.056640625,1742308809.359368
1742308809,378210054,-0.00439453125,1.10205078125,0.0517578125,21.97265625,67.3828125,-11.41357421875,1742308809.37821
1742308809,398081156,0.0029296875,1.08935546875,0.08203125,21.17919921875,64.63623046875,-13.916015625,1742308809.398081
1742308809,417927009,0.02734375,1.107421875,0.0751953125,21.30126953125,63.17138671875,-17.4560546875,1742308809.417927
1742308809,437980416,0.0380859375,1.13330078125,0.07177734375,21.05712890625,62.07275390625,-22.4609375,1742308809.4379804
1742308809,458212067,-0.009765625,1.142578125,0.0537109375,21.240234375,60.11962890625,-24.71923828125,1742308809.4582121
1742308809,477994559,-0.02880859375,1.1630859375,0.05126953125,19.22607421875,57.4951171875,-25.93994140625,1742308809.4779944
1742308809,497993310,-0.00927734375,1.18505859375,0.04345703125,17.4560546875,55.72509765625,-26.79443359375,1742308809.4979932
1742308809,517967165,0.001953125,1.2080078125,0.02001953125,14.46533203125,55.17578125,-29.9072265625,1742308809.5179672
1742308809,537919356,-0.0009765625,1.22119140625,0.029296875,10.986328125,54.74853515625,-32.1044921875,1742308809.5379193
1742308809,558108957,0.01416015625,1.19482421875,0.0625,9.8876953125,53.89404296875,-34.912109375,1742308809.558109
1742308809,578030076,0.0048828125,1.16015625,0.07421875,10.19287109375,51.45263671875,-38.75732421875,1742308809.57803
1742308809,597961466,-0.03076171875,1.15869140625,0.06689453125,10.009765625,48.15673828125,-41.1376953125,1742308809.5979614
1742308809,617939417,-0.01220703125,1.1494140625,0.06689453125,10.07080078125,44.73876953125,-42.54150390625,1742308809.6179395
1742308809,637970936,0.0830078125,1.1787109375,0.015625,7.62939453125,44.73876953125,-47.30224609375,1742308809.637971
1742308809,658011608,0.02685546875,1.18310546875,-0.01953125,2.8076171875,46.5087890625,-52.490234375,1742308809.6580117
1742308809,678038200,-0.005859375,1.14892578125,-0.048828125,-4.57763671875,50.4150390625,-52.91748046875,1742308809.6780381
1742308809,698158905,0.03173828125,1.11865234375,-0.0693359375,-13.7939453125,54.13818359375,-54.8095703125,1742308809.698159
1742308809,717974389,-0.01806640625,1.107421875,-0.0419921875,-22.76611328125,55.23681640625,-57.6171875,1742308809.7179744
1742308809,737969652,-0.03515625,1.07568359375,-0.033203125,-27.28271484375,58.53271484375,-57.67822265625,1742308809.7379696
1742308809,758074037,-0.009765625,1.05908203125,-0.0087890625,-33.447265625,62.92724609375,-56.45751953125,1742308809.758074
1742308809,778001651,-0.0419921875,1.05078125,-0.01318359375,-37.841796875,64.8193359375,-55.48095703125,1742308809.7780015
1742308809,797955250,-0.091796875,1.041015625,0.01123046875,-40.6494140625,68.603515625,-51.26953125,1742308809.7979553
1742308809,818081843,-0.0390625,1.0341796875,0.0009765625,-44.5556640625,72.20458984375,-45.59326171875,1742308809.8180819
1742308809,838006705,-0.0634765625,1.029296875,0.01806640625,-45.71533203125,75.5615234375,-41.3818359375,1742308809.8380067
1742308809,857975087,-0.10302734375,1.00341796875,0.029296875,-45.7763671875,73.8525390625,-37.4755859375,1742308809.857975
1742308809,878068592,-0.146484375,0.9697265625,0.025390625,-46.0205078125,70.49560546875,-31.31103515625,1742308809.8780687
1742308809,897993326,-0.1201171875,0.9697265625,0.00439453125,-47.91259765625,66.83349609375,-25.390625,1742308809.8979933
1742308809,917996461,-0.1396484375,0.94482421875,0.05419921875,-47.607421875,65.00244140625,-18.5546875,1742308809.9179964
1742308809,937979788,-0.1103515625,0.9248046875,0.0576171875,-46.38671875,64.0869140625,-12.5732421875,1742308809.9379797
1742308809,958189614,-0.140625,0.89794921875,0.01806640625,-46.38671875,61.70654296875,-6.28662109375,1742308809.9581897
1742308809,978075852,-0.1328125,0.88623046875,0.01611328125,-47.9736328125,61.46240234375,-0.79345703125,1742308809.9780757
1742308809,998131660,-0.11572265625,0.8564453125,0.0458984375,-48.095703125,60.36376953125,4.45556640625,1742308809.9981318
1742308810,17921063,-0.087890625,0.85595703125,0.01904296875,-47.9736328125,60.791015625,6.9580078125,1742308810.017921
1742308810,38023941,-0.14599609375,0.8056640625,-0.0283203125,-50.9033203125,59.99755859375,10.8642578125,1742308810.038024
1742308810,57977378,-0.1298828125,0.75830078125,-0.01025390625,-53.89404296875,56.70166015625,16.357421875,1742308810.0579774
1742308810,78093248,-0.08935546875,0.7578125,0.00634765625,-55.7861328125,51.7578125,17.39501953125,1742308810.0780933
1742308810,98043965,-0.14404296875,0.75,-0.0107421875,-58.4716796875,47.18017578125,19.04296875,1742308810.098044
1742308810,117924504,-0.21484375,0.70849609375,-0.0234375,-61.95068359375,41.8701171875,24.90234375,1742308810.1179245
1742308810,138057175,-0.12109375,0.69580078125,-0.04541015625,-66.71142578125,36.9873046875,28.86962890625,1742308810.1380572
1742308810,158006164,-0.08544921875,0.7041015625,0.01318359375,-69.091796875,32.470703125,28.50341796875,1742308810.1580062
1742308810,178029905,-0.07568359375,0.697265625,0.05615234375,-68.05419921875,29.052734375,27.28271484375,1742308810.17803
1742308810,197972717,-0.1044921875,0.70654296875,0.0126953125,-67.9931640625,26.30615234375,26.611328125,1742308810.1979728
1742308810,217930570,-0.10009765625,0.71826171875,0.029296875,-68.17626953125,24.0478515625,27.52685546875,1742308810.2179306
1742308810,237986984,-0.06591796875,0.77783203125,0.08447265625,-64.3310546875,24.59716796875,26.91650390625,1742308810.237987
1742308810,258010565,-0.1103515625,0.84716796875,0.06396484375,-55.7861328125,27.2216796875,23.92578125,1742308810.2580106
1742308810,278177221,-0.16943359375,0.80322265625,0.04296875,-49.37744140625,32.1044921875,24.23095703125,1742308810.2781773
1742308810,298071168,-0.16650390625,0.83642578125,0.02685546875,-47.4853515625,38.57421875,24.59716796875,1742308810.2980711
1742308810,317965212,-0.1669921875,0.8564453125,0.04296875,-52.30712890625,45.10498046875,25.87890625,1742308810.3179653
1742308810,338059290,-0.1435546875,0.87841796875,0.06982421875,-56.884765625,49.560546875,27.587890625,1742308810.3380592
1742308810,358156217,-0.15478515625,0.92626953125,0.07666015625,-62.1337890625,52.55126953125,26.06201171875,1742308810.3581562
1742308810,378117333,-0.21826171875,0.94287109375,0.10791015625,-64.697265625,51.08642578125,19.53125,1742308810.3781173
1742308810,397934448,-0.3232421875,0.955078125,0.14697265625,-68.603515625,44.00634765625,12.20703125,1742308810.3979344
1742308810,418304530,-0.3681640625,0.94189453125,0.19921875,-71.83837890625,32.2265625,9.21630859375,1742308810.4183044
1742308810,438004363,-0.31787109375,0.9560546875,0.21728515625,-73.486328125,20.08056640625,5.67626953125,1742308810.4380043
1742308810,458054057,-0.3466796875,0.99853515625,0.18896484375,-79.1015625,8.30078125,2.50244140625,1742308810.458054
1742308810,478143559,-0.3837890625,0.96484375,0.185546875,-85.5712890625,-0.8544921875,1.52587890625,1742308810.4781435
1742308810,498041763,-0.36328125,0.96337890625,0.23095703125,-91.12548828125,-4.57763671875,3.23486328125,1742308810.4980419
1742308810,517987007,-0.3291015625,0.94677734375,0.2998046875,-93.017578125,-3.2958984375,5.55419921875,1742308810.517987
1742308810,537950364,-0.24609375,0.92236328125,0.37841796875,-92.95654296875,-0.9765625,7.568359375,1742308810.5379503
1742308810,557918296,-0.1630859375,0.9140625,0.41748046875,-96.74072265625,-0.18310546875,7.62939453125,1742308810.5579183
1742308810,578047319,-0.1162109375,0.92529296875,0.51806640625,-103.1494140625,0.30517578125,6.89697265625,1742308810.5780473
1742308810,597902226,-0.1142578125,0.8994140625,0.640625,-103.94287109375,-1.46484375,7.26318359375,1742308810.5979023
1742308810,617903983,-0.07763671875,0.89501953125,0.71533203125,-104.91943359375,-4.150390625,8.36181640625,1742308810.617904
1742308810,638034030,-0.021484375,0.89306640625,0.80810546875,-101.9287109375,-7.6904296875,5.615234375,1742308810.638034
1742308810,658061228,0.0,0.91552734375,0.84375,-101.86767578125,-12.20703125,-1.40380859375,1742308810.6580613
1742308810,678061801,-0.00732421875,0.927734375,0.86962890625,-104.55322265625,-16.845703125,-9.09423828125,1742308810.6780617
1742308810,697960645,-0.0302734375,0.87451171875,0.95166015625,-105.52978515625,-20.69091796875,-15.2587890625,1742308810.6979606
1742308810,717986722,-0.05029296875,0.82080078125,1.0322265625,-102.9052734375,-22.76611328125,-18.4326171875,1742308810.7179868
1742308810,738427269,-0.05908203125,0.7841796875,1.05126953125,-97.2900390625,-22.64404296875,-19.287109375,1742308810.7384272
1742308810,757970940,-0.01171875,0.7626953125,1.05029296875,-91.064453125,-20.751953125,-22.88818359375,1742308810.757971
1742308810,777983577,0.03759765625,0.72802734375,1.08154296875,-85.26611328125,-16.9677734375,-29.78515625,1742308810.7779837
1742308810,797920341,-0.01025390625,0.6796875,1.1181640625,-78.2470703125,-12.63427734375,-36.07177734375,1742308810.7979202
1742308810,818076405,-0.11083984375,0.6396484375,1.10888671875,-70.4345703125,-8.23974609375,-39.306640625,1742308810.8180764
1742308810,837950704,-0.18994140625,0.59619140625,1.04638671875,-63.90380859375,-5.2490234375,-38.6962890625,1742308810.8379507
1742308810,857918221,-0.201171875,0.55322265625,1.0029296875,-59.6923828125,-2.99072265625,-37.90283203125,1742308810.8579183
1742308810,878138637,-0.18994140625,0.52001953125,1.01416015625,-54.931640625,-0.6103515625,-37.65869140625,1742308810.8781385
1742308810,897891431,-0.20068359375,0.49853515625,0.98486328125,-51.7578125,1.3427734375,-36.80419921875,1742308810.8978915
1742308810,918064934,-0.2294921875,0.4677734375,0.919921875,-49.74365234375,2.13623046875,-35.33935546875,1742308810.9180648
1742308810,938030307,-0.23876953125,0.4443359375,0.85595703125,-50.35400390625,2.197265625,-34.0576171875,1742308810.9380302
1742308810,958224355,-0.21923828125,0.41943359375,0.787109375,-52.490234375,0.06103515625,-33.02001953125,1742308810.9582243
1742308810,978277248,-0.19287109375,0.4033203125,0.767578125,-56.94580078125,-2.01416015625,-33.0810546875,1742308810.9782772
1742308810,998184124,-0.20263671875,0.34619140625,0.80712890625,-59.38720703125,-2.5634765625,-33.50830078125,1742308810.9981842
1742308811,18021525,-0.18896484375,0.30517578125,0.80126953125,-58.4716796875,-1.8310546875,-32.53173828125,1742308811.0180216
1742308811,38001392,-0.166015625,0.28564453125,0.7490234375,-57.2509765625,0.0,-31.982421875,1742308811.0380013
1742308811,58184142,-0.13671875,0.275390625,0.75830078125,-56.82373046875,2.9296875,-32.89794921875,1742308811.0581841
1742308811,73027552,-0.16748046875,0.2412109375,0.84130859375,-53.28369140625,5.92041015625,-33.26416015625,1742308811.0730276
1742308811,98253285,-0.20654296875,0.21484375,0.869140625,-45.8984375,6.9580078125,-31.67724609375,1742308811.0982533
1742308811,118056605,-0.2060546875,0.2236328125,0.83251953125,-40.771484375,7.080078125,-31.18896484375,1742308811.1180565
1742308811,138098681,-0.2197265625,0.205078125,0.81103515625,-36.2548828125,7.62939453125,-32.16552734375,1742308811.1380987
1742308811,158121844,-0.2548828125,0.17578125,0.80419921875,-31.982421875,9.1552734375,-31.06689453125,1742308811.1581218
1742308811,178148080,-0.2646484375,0.16162109375,0.78955078125,-29.296875,9.765625,-30.21240234375,1742308811.178148
1742308811,193071651,-0.298828125,0.1572265625,0.78466796875,-27.64892578125,9.765625,-30.21240234375,1742308811.1930716
1742308811,218209127,-0.3095703125,0.140625,0.8203125,-25.81787109375,7.87353515625,-30.517578125,1742308811.218209
1742308811,237918430,-0.3310546875,0.1201171875,0.86279296875,-22.5830078125,4.33349609375,-31.67724609375,1742308811.2379184
1742308811,257984730,-0.34912109375,0.109375,0.857421875,-18.5546875,0.3662109375,-32.65380859375,1742308811.2579846
1742308811,278444379,-0.33935546875,0.1064453125,0.84912109375,-14.58740234375,-1.77001953125,-33.99658203125,1742308811.2784443
1742308811,297944975,-0.3662109375,0.09765625,0.84423828125,-11.5966796875,-4.150390625,-36.0107421875,1742308811.297945
1742308811,318197966,-0.3857421875,0.103515625,0.85791015625,-9.82666015625,-5.92041015625,-37.53662109375,1742308811.318198
1742308811,338122088,-0.3896484375,0.1025390625,0.9033203125,-7.4462890625,-8.36181640625,-37.109375,1742308811.3381221
1742308811,357943649,-0.36767578125,0.1064453125,0.9677734375,-5.37109375,-10.43701171875,-36.31591796875,1742308811.3579435
1742308811,378137214,-0.34423828125,0.10888671875,1.0068359375,-3.60107421875,-11.29150390625,-35.94970703125,1742308811.378137
1742308811,398201050,-0.3203125,0.11669921875,1.03564453125,-3.23486328125,-10.80322265625,-33.8134765625,1742308811.398201
1742308811,418004627,-0.265625,0.13134765625,1.04052734375,-3.35693359375,-8.97216796875,-31.79931640625,1742308811.4180045
1742308811,437913164,-0.1904296875,0.1513671875,1.0263671875,-5.06591796875,-5.37109375,-31.67724609375,1742308811.4379132
1742308811,458420143,-0.142578125,0.15625,1.0478515625,-7.32421875,-1.28173828125,-32.16552734375,1742308811.45842
1742308811,477933027,-0.169921875,0.1435546875,1.087890625,-8.7890625,3.2958984375,-31.18896484375,1742308811.477933
1742308811,497942814,-0.22216796875,0.14111328125,1.107421875,-9.70458984375,6.16455078125,-27.03857421875,1742308811.497943
1742308811,518365695,-0.22900390625,0.13427734375,1.12353515625,-9.521484375,5.7373046875,-23.4375,1742308811.5183656
1742308811,538085686,-0.2158203125,0.12841796875,1.12255859375,-7.99560546875,2.8076171875,-21.3623046875,1742308811.5380857
1742308811,558401046,-0.216796875,0.1259765625,1.1083984375,-6.40869140625,-0.30517578125,-18.98193359375,1742308811.558401
1742308811,578196782,-0.2734375,0.14306640625,1.05712890625,-6.34765625,-5.126953125,-15.13671875,1742308811.5781968
1742308811,598032103,-0.18994140625,0.15380859375,1.037109375,-7.38525390625,-9.3994140625,-14.5263671875,1742308811.598032
1742308811,618234597,-0.125,0.1435546875,1.001953125,-8.11767578125,-11.77978515625,-16.66259765625,1742308811.6182346
1742308811,638013085,-0.09765625,0.1298828125,0.9697265625,-8.85009765625,-12.87841796875,-18.9208984375,1742308811.6380131
1742308811,658066616,-0.12353515625,0.109375,0.93603515625,-10.7421875,-10.8642578125,-20.69091796875,1742308811.6580665
1742308811,678121972,-0.1845703125,0.09912109375,0.88818359375,-11.90185546875,-10.7421875,-21.66748046875,1742308811.678122
1742308811,698128687,-0.189453125,0.10888671875,0.8310546875,-14.09912109375,-8.6669921875,-23.13232421875,1742308811.6981287
1742308811,718231692,-0.2158203125,0.10791015625,0.8095703125,-15.93017578125,-6.103515625,-24.35302734375,1742308811.7182317
1742308811,738141734,-0.21826171875,0.10009765625,0.84619140625,-16.11328125,-2.62451171875,-23.74267578125,1742308811.7381418
1742308811,758014015,-0.234375,0.09814453125,0.84375,-14.892578125,0.0,-22.88818359375,1742308811.758014
1742308811,777996410,-0.251953125,0.09716796875,0.84619140625,-15.13671875,2.62451171875,-22.0947265625,1742308811.7779963
1742308811,797970837,-0.28271484375,0.107421875,0.841796875,-15.7470703125,4.08935546875,-20.1416015625,1742308811.7979708
1742308811,818126418,-0.30224609375,0.11474609375,0.8544921875,-14.892578125,5.0048828125,-17.08984375,1742308811.8181264
1742308811,838090892,-0.31396484375,0.09423828125,0.88134765625,-14.404296875,4.5166015625,-13.00048828125,1742308811.838091
1742308811,858139144,-0.3486328125,0.07373046875,0.91845703125,-14.46533203125,2.5634765625,-8.7890625,1742308811.858139
1742308811,878199684,-0.36669921875,0.05859375,0.96044921875,-15.2587890625,-0.30517578125,-4.45556640625,1742308811.8781996
1742308811,897981916,-0.36962890625,0.04052734375,1.001953125,-15.869140625,-3.173828125,-0.67138671875,1742308811.897982
1742308811,917960535,-0.341796875,0.0048828125,1.0341796875,-15.80810546875,-4.94384765625,3.0517578125,1742308811.9179606
1742308811,938091092,-0.306640625,-0.029296875,1.07373046875,-14.892578125,-4.2724609375,5.615234375,1742308811.938091
1742308811,958215857,-0.23583984375,-0.0390625,1.09765625,-14.404296875,-2.3193359375,7.080078125,1742308811.958216
1742308811,978125610,-0.18603515625,-0.03955078125,1.1181640625,-15.9912109375,1.5869140625,6.2255859375,1742308811.9781256
1742308811,998127526,-0.1943359375,-0.029296875,1.11865234375,-16.9677734375,4.5166015625,5.7373046875,1742308811.9981275
1742308812,18201568,-0.1943359375,-0.017578125,1.140625,-16.66259765625,5.4931640625,6.40869140625,1742308812.0182016
1742308812,38381212,-0.17724609375,-0.03271484375,1.17333984375,-15.0146484375,5.2490234375,5.92041015625,1742308812.038381
1742308812,58279411,-0.1884765625,-0.0556640625,1.21337890625,-12.3291015625,2.62451171875,4.638671875,1742308812.0582795
1742308812,78214380,-0.16943359375,-0.05126953125,1.20849609375,-9.82666015625,-2.99072265625,2.38037109375,1742308812.0782144
1742308812,97899168,-0.16748046875,-0.05224609375,1.15576171875,-9.09423828125,-6.40869140625,-0.18310546875,1742308812.0978992
1742308812,117997787,-0.16552734375,-0.07080078125,1.06787109375,-8.85009765625,-6.34765625,-1.220703125,1742308812.117998
1742308812,138000116,-0.1611328125,-0.10498046875,1.03564453125,-7.9345703125,-2.0751953125,-0.48828125,1742308812.138
1742308812,158347762,-0.13720703125,-0.15771484375,1.03173828125,-6.28662109375,2.74658203125,0.244140625,1742308812.1583478
1742308812,173073985,-0.14892578125,-0.1962890625,1.01416015625,-3.47900390625,6.89697265625,0.8544921875,1742308812.173074
1742308812,193090106,-0.15771484375,-0.2060546875,0.970703125,-0.18310546875,8.1787109375,2.5634765625,1742308812.1930902
1742308812,218037017,-0.1513671875,-0.19921875,0.93359375,2.5634765625,7.38525390625,3.662109375,1742308812.2180371
1742308812,233351088,-0.1513671875,-0.19873046875,0.9169921875,6.34765625,5.43212890625,2.50244140625,1742308812.233351
1742308812,258352304,-0.15673828125,-0.16650390625,0.88720703125,10.55908203125,3.60107421875,0.54931640625,1742308812.2583523
1742308812,278198983,-0.18115234375,-0.11474609375,0.8310546875,12.87841796875,2.44140625,-1.03759765625,1742308812.278199
1742308812,298357794,-0.19580078125,-0.0654296875,0.78271484375,13.24462890625,3.2958984375,-2.62451171875,1742308812.2983577
1742308812,317959157,-0.2138671875,-0.0439453125,0.7578125,11.962890625,6.4697265625,-3.84521484375,1742308812.317959
1742308812,338225906,-0.24462890625,-0.0283203125,0.74560546875,10.6201171875,9.8876953125,-4.08935546875,1742308812.3382258
1742308812,358257420,-0.267578125,-0.02734375,0.73583984375,9.33837890625,14.46533203125,-4.57763671875,1742308812.3582575
1742308812,378307398,-0.26953125,-0.02880859375,0.72216796875,7.4462890625,18.06640625,-5.06591796875,1742308812.3783073
1742308812,398102012,-0.287109375,-0.02734375,0.720703125,5.43212890625,22.64404296875,-5.0048828125,1742308812.398102
1742308812,418301528,-0.31884765625,-0.0322265625,0.72705078125,5.18798828125,27.099609375,-4.638671875,1742308812.4183016
1742308812,438251824,-0.3330078125,-0.0361328125,0.7333984375,6.34765625,27.9541015625,-5.0048828125,1742308812.4382517
1742308812,458392779,-0.3515625,-0.0458984375,0.76416015625,7.6904296875,25.2685546875,-6.7138671875,1742308812.4583929
1742308812,478225730,-0.3994140625,-0.05126953125,0.79248046875,8.6669921875,20.44677734375,-8.7890625,1742308812.4782257
1742308812,498013368,-0.42578125,-0.0400390625,0.8115234375,9.82666015625,12.0849609375,-10.31494140625,1742308812.4980133
1742308812,517976433,-0.431640625,-0.015625,0.84375,11.8408203125,4.08935546875,-11.53564453125,1742308812.5179765
1742308812,537985322,-0.4111328125,-0.0029296875,0.89794921875,13.24462890625,-3.60107421875,-12.51220703125,1742308812.5379853
1742308812,558186438,-0.365234375,-0.00390625,0.96435546875,13.916015625,-7.99560546875,-14.22119140625,1742308812.5581865
1742308812,577955964,-0.3505859375,-0.001953125,1.00634765625,14.09912109375,-11.8408203125,-16.54052734375,1742308812.577956
1742308812,597982805,-0.33544921875,0.00048828125,1.02587890625,13.0615234375,-12.8173828125,-18.37158203125,1742308812.597983
1742308812,618047215,-0.30908203125,0.009765625,1.05517578125,12.451171875,-11.53564453125,-18.310546875,1742308812.6180472
1742308812,638014696,-0.2958984375,0.02392578125,1.0673828125,11.90185546875,-9.46044921875,-18.06640625,1742308812.6380148
1742308812,658089986,-0.29296875,0.03076171875,1.0947265625,9.8876953125,-9.27734375,-18.73779296875,1742308812.6580899
1742308812,678031258,-0.27734375,0.017578125,1.14794921875,5.92041015625,-11.90185546875,-20.6298828125,1742308812.6780312
1742308812,698001811,-0.2607421875,0.0048828125,1.1865234375,2.74658203125,-16.357421875,-22.15576171875,1742308812.6980019
1742308812,718015404,-0.20849609375,-0.01513671875,1.19970703125,1.46484375,-18.4326171875,-23.98681640625,1742308812.7180154
1742308812,738144487,-0.17138671875,-0.02978515625,1.16845703125,1.5869140625,-16.845703125,-23.4375,1742308812.7381444
1742308812,758314435,-0.11572265625,-0.0302734375,1.14501953125,1.89208984375,-11.3525390625,-23.3154296875,1742308812.7583144
1742308812,778009272,-0.10009765625,-0.02392578125,1.13330078125,1.28173828125,-4.69970703125,-24.0478515625,1742308812.7780092
1742308812,798044369,-0.09912109375,-0.0087890625,1.10693359375,0.6103515625,-2.99072265625,-25.2685546875,1742308812.7980444
1742308812,817983369,-0.0986328125,0.0078125,1.0634765625,-0.6103515625,-3.5400390625,-25.390625,1742308812.8179834
1742308812,838055460,-0.11767578125,0.00537109375,1.01806640625,-0.48828125,-3.2958984375,-24.7802734375,1742308812.8380554
1742308812,858286464,-0.1259765625,0.015625,0.9482421875,-1.15966796875,-3.11279296875,-24.4140625,1742308812.8582864
1742308812,878328634,-0.1650390625,0.0205078125,0.875,-3.2958984375,-3.2958984375,-23.92578125,1742308812.8783286
1742308812,893114345,-0.2177734375,0.00439453125,0.83544921875,-4.08935546875,-3.0517578125,-23.13232421875,1742308812.8931143
1742308812,913073058,-0.2451171875,-0.017578125,0.8017578125,-3.7841796875,-3.11279296875,-21.8505859375,1742308812.913073
1742308812,938068545,-0.27001953125,-0.02783203125,0.775390625,-2.3193359375,-2.197265625,-20.20263671875,1742308812.9380686
1742308812,958066426,-0.283203125,-0.03125,0.751953125,-0.67138671875,-0.244140625,-18.4326171875,1742308812.9580665
1742308812,978072212,-0.306640625,-0.02587890625,0.74853515625,0.244140625,2.8076171875,-16.66259765625,1742308812.9780722
1742308812,998159182,-0.3369140625,-0.03271484375,0.759765625,1.5869140625,5.55419921875,-14.2822265625,1742308812.9981592
1742308813,17962627,-0.34375,-0.0205078125,0.76904296875,2.3193359375,9.09423828125,-11.71875,1742308813.0179627
1742308813,38016251,-0.31787109375,-0.01171875,0.802734375,2.50244140625,12.5732421875,-8.85009765625,1742308813.0380163
1742308813,58128851,-0.31640625,-0.00244140625,0.853515625,2.74658203125,14.404296875,-5.55419921875,1742308813.0581288
1742308813,78071370,-0.3369140625,0.01025390625,0.8798828125,2.3193359375,14.70947265625,-3.662109375,1742308813.0780714
1742308813,98081121,-0.34814453125,0.005859375,0.91015625,0.8544921875,13.5498046875,-2.13623046875,1742308813.098081
1742308813,118240539,-0.35400390625,-0.0068359375,0.93212890625,-1.03759765625,12.26806640625,-0.244140625,1742308813.1182406
1742308813,138018063,-0.341796875,-0.02392578125,0.96044921875,-3.662109375,10.8642578125,2.01416015625,1742308813.1380181
1742308813,158098119,-0.3193359375,-0.05810546875,1.01708984375,-5.37109375,12.8173828125,4.08935546875,1742308813.1580982
1742308813,177951900,-0.31005859375,-0.0751953125,1.0625,-4.39453125,11.962890625,6.2255859375,1742308813.1779518
1742308813,197919571,-0.28662109375,-0.0966796875,1.099609375,-2.50244140625,10.8642578125,7.62939453125,1742308813.1979196
1742308813,217952235,-0.27783203125,-0.10693359375,1.09619140625,-0.91552734375,11.3525390625,8.11767578125,1742308813.2179523
1742308813,237966530,-0.2607421875,-0.111328125,1.09765625,0.0,9.33837890625,8.4228515625,1742308813.2379665
1742308813,257991386,-0.2587890625,-0.1005859375,1.14990234375,-0.3662109375,3.7841796875,7.26318359375,1742308813.2579913
1742308813,277969937,-0.2685546875,-0.10009765625,1.20751953125,-2.01416015625,-7.99560546875,3.47900390625,1742308813.2779698
1742308813,297955720,-0.26171875,-0.1044921875,1.20947265625,-1.89208984375,-18.6767578125,-1.15966796875,1742308813.2979558
1742308813,318109601,-0.2158203125,-0.09716796875,1.134765625,-2.25830078125,-24.59716796875,-3.84521484375,1742308813.3181095
1742308813,338559134,-0.16748046875,-0.11474609375,1.08837890625,-3.60107421875,-22.52197265625,-4.45556640625,1742308813.3385592
1742308813,358031342,-0.154296875,-0.14794921875,1.07666015625,-4.69970703125,-15.9912109375,-2.86865234375,1742308813.3580313
1742308813,377994053,-0.14111328125,-0.17578125,1.07177734375,-4.150390625,-9.27734375,0.18310546875,1742308813.377994
1742308813,398200703,-0.125,-0.18701171875,1.0595703125,-0.9765625,-4.57763671875,3.2958984375,1742308813.3982008
1742308813,418000435,-0.14501953125,-0.17333984375,1.00146484375,2.86865234375,-1.5869140625,6.2255859375,1742308813.4180005
1742308813,437992907,-0.166015625,-0.1572265625,0.93701171875,6.8359375,-0.244140625,7.75146484375,1742308813.4379928
1742308813,458040482,-0.21044921875,-0.138671875,0.8935546875,8.97216796875,-0.1220703125,7.99560546875,1742308813.4580405
1742308813,478015993,-0.2529296875,-0.1171875,0.853515625,10.6201171875,0.1220703125,7.6904296875,1742308813.478016
1742308813,498281748,-0.2705078125,-0.08837890625,0.7958984375,13.48876953125,1.0986328125,8.23974609375,1742308813.4982817
1742308813,518027048,-0.28125,-0.06884765625,0.76611328125,16.05224609375,4.39453125,9.033203125,1742308813.518027
1742308813,538307299,-0.3212890625,-0.044921875,0.73876953125,17.578125,7.32421875,10.68115234375,1742308813.5383072
1742308813,558379899,-0.35791015625,-0.01806640625,0.69921875,16.4794921875,7.4462890625,12.451171875,1742308813.55838
1742308813,578086830,-0.35302734375,-0.0029296875,0.69091796875,14.09912109375,7.080078125,12.8173828125,1742308813.5780869
1742308813,598259464,-0.365234375,-0.0068359375,0.703125,12.02392578125,7.32421875,12.26806640625,1742308813.5982594
1742308813,618277887,-0.3642578125,-0.00830078125,0.7158203125,9.82666015625,8.544921875,10.68115234375,1742308813.6182778
1742308813,637997139,-0.3681640625,-0.0302734375,0.75537109375,7.75146484375,10.6201171875,8.056640625,1742308813.6379972
1742308813,657972393,-0.37890625,-0.04736328125,0.814453125,4.82177734375,11.23046875,5.06591796875,1742308813.6579723
1742308813,678081634,-0.3779296875,-0.0478515625,0.88134765625,3.7841796875,10.25390625,2.0751953125,1742308813.6780818
1742308813,698011320,-0.3515625,-0.03515625,0.921875,2.8076171875,8.9111328125,-1.5869140625,1742308813.6980114
1742308813,718110513,-0.32568359375,-0.041015625,0.9716796875,1.8310546875,6.7138671875,-5.43212890625,1742308813.7181106
1742308813,738185001,-0.29736328125,-0.0517578125,1.02685546875,1.77001953125,6.04248046875,-8.9111328125,1742308813.738185
1742308813,758353315,-0.29638671875,-0.0517578125,1.05615234375,1.77001953125,5.43212890625,-11.5966796875,1742308813.7583532
1742308813,778119895,-0.29296875,-0.03466796875,1.06884765625,1.40380859375,5.43212890625,-13.12255859375,1742308813.7781198
1742308813,798186447,-0.28173828125,-0.03125,1.095703125,2.685546875,5.79833984375,-14.34326171875,1742308813.7981865
1742308813,818100133,-0.26708984375,-0.01416015625,1.11767578125,4.2724609375,4.8828125,-15.80810546875,1742308813.8181002
1742308813,838117916,-0.24365234375,0.0,1.1650390625,3.84521484375,0.42724609375,-17.7001953125,1742308813.8381178
1742308813,858026770,-0.24951171875,0.0166015625,1.197265625,1.220703125,-7.4462890625,-18.49365234375,1742308813.8580267
1742308813,878016233,-0.20849609375,0.02294921875,1.20703125,-2.38037109375,-17.51708984375,-19.10400390625,1742308813.8780162
1742308813,898271492,-0.166015625,0.01513671875,1.18994140625,-3.84521484375,-21.66748046875,-18.85986328125,1742308813.8982716
1742308813,918167290,-0.14453125,0.013671875,1.1611328125,-2.197265625,-21.728515625,-18.798828125,1742308813.9181674
1742308813,938168433,-0.10791015625,0.0078125,1.13525390625,-0.9765625,-19.1650390625,-18.49365234375,1742308813.9381685
1742308813,958280842,-0.07666015625,0.01953125,1.0859375,-0.8544921875,-13.5498046875,-18.798828125,1742308813.9582808
1742308813,973177082,-0.06591796875,0.03515625,1.0146484375,-1.708984375,-7.38525390625,-19.775390625,1742308813.9731772
1742308813,998022133,-0.07275390625,0.04150390625,0.953125,-3.5400390625,-1.220703125,-20.69091796875,1742308813.998022
1742308814,18140300,-0.10986328125,0.0244140625,0.884765625,-4.69970703125,4.150390625,-22.216796875,1742308814.0181403
1742308814,38399717,-0.166015625,0.0185546875,0.82177734375,-6.53076171875,7.75146484375,-22.76611328125,1742308814.0383997
1742308814,58185336,-0.2109375,0.01953125,0.75439453125,-7.9345703125,10.8642578125,-22.4609375,1742308814.0581853
1742308814,78319855,-0.23095703125,0.0234375,0.708984375,-9.58251953125,13.0615234375,-21.91162109375,1742308814.0783198
1742308814,98023488,-0.259765625,0.01611328125,0.69091796875,-10.8642578125,13.36669921875,-21.3623046875,1742308814.0980234
1742308814,118257817,-0.30029296875,0.0078125,0.67626953125,-11.29150390625,13.0615234375,-19.83642578125,1742308814.1182578
1742308814,138195949,-0.32861328125,-0.00634765625,0.69091796875,-11.53564453125,10.8642578125,-17.822265625,1742308814.138196
1742308814,158422662,-0.34375,-0.029296875,0.73046875,-10.43701171875,8.1787109375,-14.95361328125,1742308814.1584227
1742308814,173243731,-0.36279296875,-0.03369140625,0.76220703125,-7.99560546875,6.2255859375,-11.90185546875,1742308814.1732438
1742308814,198198221,-0.37841796875,-0.0185546875,0.7841796875,-7.14111328125,4.57763671875,-8.056640625,1742308814.1981983
1742308814,218148386,-0.37939453125,-0.009765625,0.8232421875,-6.53076171875,3.23486328125,-4.45556640625,1742308814.2181485
1742308814,238318490,-0.4091796875,-0.0322265625,0.8798828125,-4.94384765625,2.38037109375,-0.06103515625,1742308814.2383184
1742308814,253221704,-0.408203125,-0.03515625,0.9150390625,-4.33349609375,2.5634765625,4.150390625,1742308814.2532218
1742308814,277960895,-0.380859375,-0.04541015625,0.9482421875,-5.31005859375,6.4697265625,7.75146484375,1742308814.2779608
1742308814,298070582,-0.38330078125,-0.060546875,0.986328125,-5.55419921875,9.94873046875,10.7421875,1742308814.2980707
1742308814,318067404,-0.3623046875,-0.0849609375,1.02734375,-5.7373046875,10.68115234375,13.97705078125,1742308814.3180673
1742308814,338128098,-0.330078125,-0.09130859375,1.0751953125,-5.9814453125,11.3525390625,16.9677734375,1742308814.338128
1742308814,358177912,-0.3125,-0.09814453125,1.07470703125,-7.01904296875,9.521484375,18.4326171875,1742308814.358178
1742308814,378161581,-0.3095703125,-0.119140625,1.0810546875,-7.26318359375,6.40869140625,19.10400390625,1742308814.3781617
1742308814,398007008,-0.28857421875,-0.12353515625,1.07861328125,-7.080078125,3.2958984375,19.6533203125,1742308814.398007
1742308814,418031510,-0.255859375,-0.14453125,1.10986328125,-6.04248046875,-1.28173828125,18.9208984375,1742308814.4180315
1742308814,438091500,-0.24755859375,-0.16162109375,1.16162109375,-3.662109375,-9.6435546875,17.15087890625,1742308814.4380915
1742308814,458110050,-0.18896484375,-0.1748046875,1.20703125,-0.67138671875,-21.05712890625,14.34326171875,1742308814.45811
1742308814,478047702,-0.130859375,-0.14697265625,1.15771484375,1.953125,-29.60205078125,9.8876953125,1742308814.4780476
1742308814,498032683,-0.10302734375,-0.12158203125,1.0947265625,2.44140625,-31.92138671875,6.77490234375,1742308814.4980326
1742308814,518191491,-0.11083984375,-0.12744140625,1.04541015625,0.54931640625,-28.62548828125,5.67626953125,1742308814.5181916
1742308814,538517693,-0.10888671875,-0.158203125,1.0263671875,-1.46484375,-22.705078125,5.31005859375,1742308814.5385177
1742308814,558036876,-0.134765625,-0.181640625,1.01708984375,-1.15966796875,-15.2587890625,5.06591796875,1742308814.5580368
1742308814,578005728,-0.14501953125,-0.19580078125,1.013671875,1.52587890625,-9.70458984375,5.67626953125,1742308814.5780058
1742308814,598039734,-0.173828125,-0.171875,0.9677734375,3.84521484375,-6.04248046875,5.67626953125,1742308814.5980396
1742308814,618249583,-0.20458984375,-0.14599609375,0.91064453125,6.4697265625,-3.7841796875,5.4931640625,1742308814.6182497
1742308814,638445767,-0.24365234375,-0.12255859375,0.865234375,8.9111328125,-2.5634765625,5.67626953125,1742308814.6384459
1742308814,658088887,-0.29150390625,-0.0888671875,0.81201171875,10.92529296875,-1.3427734375,6.103515625,1742308814.658089
1742308814,678213774,-0.294921875,-0.06298828125,0.77197265625,12.8173828125,0.54931640625,6.40869140625,1742308814.6782138
1742308814,698046017,-0.2998046875,-0.0390625,0.71923828125,13.73291015625,1.0986328125,6.591796875,1742308814.698046
1742308814,718032214,-0.310546875,-0.03466796875,0.701171875,13.61083984375,2.99072265625,7.14111328125,1742308814.7180321
1742308814,738017900,-0.31298828125,-0.0185546875,0.69873046875,12.6953125,3.35693359375,7.8125,1742308814.7380178
1742308814,758027489,-0.3330078125,-0.01318359375,0.71240234375,11.29150390625,3.2958984375,7.568359375,1742308814.7580276
1742308814,778084183,-0.359375,-0.0166015625,0.74365234375,9.33837890625,2.86865234375,7.26318359375,1742308814.7780843
1742308814,798036780,-0.3818359375,-0.02294921875,0.77685546875,7.9345703125,2.5634765625,6.2255859375,1742308814.7980368
1742308814,818103522,-0.3974609375,-0.04443359375,0.8291015625,7.75146484375,1.52587890625,4.69970703125,1742308814.8181036
1742308814,838192953,-0.404296875,-0.06298828125,0.89404296875,8.30078125,0.91552734375,3.23486328125,1742308814.838193
1742308814,857979467,-0.4130859375,-0.0556640625,0.94677734375,9.8876953125,2.25830078125,1.28173828125,1742308814.8579795
1742308814,878197700,-0.384765625,-0.03515625,0.98388671875,10.68115234375,4.57763671875,-2.01416015625,1742308814.8781977
1742308814,898006326,-0.35498046875,-0.04345703125,1.0380859375,11.04736328125,7.6904296875,-6.04248046875,1742308814.8980064
1742308814,918017868,-0.3447265625,-0.046875,1.0615234375,11.41357421875,11.474609375,-9.3994140625,1742308814.9180179
1742308814,937985281,-0.32958984375,-0.03515625,1.064453125,10.7421875,15.625,-11.90185546875,1742308814.9379852
1742308814,958002518,-0.3212890625,-0.0244140625,1.07568359375,8.85009765625,17.7001953125,-12.75634765625,1742308814.9580026
1742308814,977955307,-0.3330078125,-0.0205078125,1.087890625,6.591796875,18.12744140625,-13.97705078125,1742308814.9779553
1742308814,997999745,-0.33642578125,-0.021484375,1.0888671875,5.43212890625,15.625,-14.892578125,1742308814.9979997
1742308815,18043158,-0.32080078125,-0.033203125,1.12109375,4.57763671875,10.7421875,-17.08984375,1742308815.018043
1742308815,38151243,-0.27587890625,-0.04833984375,1.1611328125,3.96728515625,3.173828125,-19.775390625,1742308815.0381513
1742308815,57953436,-0.21337890625,-0.04296875,1.1953125,1.708984375,-5.126953125,-21.8505859375,1742308815.0579534
1742308815,73164525,-0.12646484375,-0.0234375,1.1787109375,0.3662109375,-10.498046875,-23.193359375,1742308815.0731645
1742308815,98256103,-0.0556640625,-0.01611328125,1.150390625,-0.54931640625,-9.765625,-23.62060546875,1742308815.098256
1742308815,118384476,-0.025390625,0.0009765625,1.109375,-2.5634765625,-6.89697265625,-24.169921875,1742308815.1183844
1742308815,133173192,-0.0283203125,0.001953125,1.087890625,-4.45556640625,-2.9296875,-24.7802734375,1742308815.1331732
1742308815,158045855,-0.052734375,0.00048828125,1.03564453125,-7.32421875,0.18310546875,-24.2919921875,1742308815.1580458
1742308815,178264629,-0.07861328125,-0.00390625,0.98388671875,-9.09423828125,1.708984375,-23.5595703125,1742308815.1782646
1742308815,197987621,-0.13427734375,-0.0185546875,0.9189453125,-10.31494140625,0.18310546875,-22.4609375,1742308815.1979876
1742308815,218076058,-0.171875,-0.03271484375,0.85205078125,-11.41357421875,-1.52587890625,-21.240234375,1742308815.218076
1742308815,238081518,-0.2099609375,-0.0390625,0.77587890625,-12.02392578125,-1.8310546875,-19.47021484375,1742308815.2380815
1742308815,258044897,-0.24951171875,-0.04931640625,0.71923828125,-11.65771484375,0.0,-17.51708984375,1742308815.258045
1742308815,277990995,-0.29052734375,-0.0517578125,0.6767578125,-11.474609375,2.197265625,-15.07568359375,1742308815.277991
1742308815,298012935,-0.30029296875,-0.04931640625,0.6513671875,-9.765625,4.69970703125,-13.24462890625,1742308815.298013
1742308815,318158877,-0.32763671875,-0.03955078125,0.64697265625,-8.60595703125,5.55419921875,-11.71875,1742308815.3181589
1742308815,338153232,-0.37353515625,-0.03466796875,0.6533203125,-8.36181640625,6.16455078125,-10.19287109375,1742308815.3381531
1742308815,358069123,-0.39990234375,-0.03271484375,0.69677734375,-8.36181640625,4.8828125,-8.36181640625,1742308815.3580692
1742308815,378074710,-0.3916015625,-0.03369140625,0.74560546875,-8.4228515625,3.2958984375,-6.40869140625,1742308815.3780746
1742308815,397953096,-0.412109375,-0.02783203125,0.7890625,-9.21630859375,1.8310546875,-3.662109375,1742308815.397953
1742308815,418027485,-0.40625,-0.03515625,0.8564453125,-8.60595703125,2.0751953125,0.244140625,1742308815.4180274
1742308815,438106226,-0.400390625,-0.04833984375,0.91357421875,-7.75146484375,3.173828125,4.8828125,1742308815.4381063
1742308815,458000356,-0.3896484375,-0.052734375,0.94482421875,-7.50732421875,6.77490234375,9.21630859375,1742308815.4580004
1742308815,478171898,-0.392578125,-0.06103515625,0.96630859375,-6.7138671875,10.3759765625,13.7939453125,1742308815.4781718
1742308815,498006091,-0.3740234375,-0.08154296875,0.99658203125,-5.67626953125,11.77978515625,18.12744140625,1742308815.498006
1742308815,518168481,-0.34375,-0.099609375,1.03173828125,-4.0283203125,11.23046875,21.1181640625,1742308815.5181684
1742308815,538003090,-0.31005859375,-0.1025390625,1.052734375,-3.96728515625,8.11767578125,22.76611328125,1742308815.5380032
1742308815,558023750,-0.31689453125,-0.12158203125,1.07177734375,-5.126953125,2.99072265625,22.64404296875,1742308815.5580237
1742308815,578092763,-0.30810546875,-0.1162109375,1.06494140625,-6.89697265625,-3.173828125,23.01025390625,1742308815.5780928
1742308815,598024109,-0.294921875,-0.13037109375,1.1142578125,-8.6669921875,-11.53564453125,23.01025390625,1742308815.5980241
1742308815,617982208,-0.283203125,-0.1650390625,1.21923828125,-7.32421875,-23.49853515625,21.8505859375,1742308815.6179821
1742308815,638023028,-0.23681640625,-0.18359375,1.28173828125,-4.33349609375,-35.888671875,18.9208984375,1742308815.6380231
1742308815,657935399,-0.1455078125,-0.17333984375,1.23974609375,-2.62451171875,-41.9921875,13.73291015625,1742308815.6579354
1742308815,678002075,-0.14990234375,-0.14697265625,1.17236328125,-2.25830078125,-37.90283203125,9.765625,1742308815.678002
1742308815,698005679,-0.12841796875,-0.1650390625,1.1328125,-1.77001953125,-28.6865234375,8.85009765625,1742308815.6980057
1742308815,718077059,-0.08935546875,-0.18798828125,1.11376953125,-0.3662109375,-16.05224609375,8.36181640625,1742308815.718077
1742308815,738055159,-0.08837890625,-0.2109375,1.09375,1.89208984375,-4.5166015625,9.58251953125,1742308815.7380552
1742308815,758248717,-0.09912109375,-0.20263671875,1.072265625,5.31005859375,3.60107421875,11.5966796875,1742308815.7582488
1742308815,778072478,-0.12060546875,-0.17919921875,1.02294921875,8.36181640625,7.99560546875,13.85498046875,1742308815.7780726
1742308815,797937200,-0.14013671875,-0.1474609375,0.9658203125,11.5966796875,10.009765625,14.70947265625,1742308815.7979372
1742308815,818394250,-0.18212890625,-0.13671875,0.90234375,15.2587890625,9.82666015625,14.34326171875,1742308815.8183942
1742308815,838095897,-0.23388671875,-0.11474609375,0.84619140625,18.49365234375,8.11767578125,13.73291015625,1742308815.838096
1742308815,857997771,-0.24169921875,-0.07763671875,0.78369140625,20.69091796875,5.9814453125,13.427734375,1742308815.8579977
1742308815,878093888,-0.27978515625,-0.04296875,0.72021484375,21.30126953125,5.43212890625,12.939453125,1742308815.878094
1742308815,898020979,-0.31396484375,-0.01904296875,0.68896484375,20.3857421875,4.33349609375,12.939453125,1742308815.898021
1742308815,918205481,-0.32421875,-0.00634765625,0.671875,18.98193359375,4.39453125,13.48876953125,1742308815.9182055
1742308815,938452704,-0.33935546875,-0.0068359375,0.67431640625,17.88330078125,6.103515625,13.48876953125,1742308815.9384527
1742308815,958367282,-0.36181640625,0.0107421875,0.67236328125,16.17431640625,9.58251953125,13.18359375,1742308815.9583673
1742308815,973245951,-0.38037109375,0.01171875,0.69091796875,15.0146484375,13.7939453125,12.26806640625,1742308815.9732459
1742308815,993188850,-0.3935546875,0.00634765625,0.728515625,14.09912109375,16.54052734375,10.498046875,1742308815.9931889
1742308816,18646256,-0.404296875,0.00048828125,0.7939453125,12.8173828125,17.7001953125,7.75146484375,1742308816.0186462
1742308816,38262748,-0.39697265625,-0.00634765625,0.8623046875,11.41357421875,15.9912109375,2.9296875,1742308816.0382628
1742308816,58136716,-0.376953125,-0.005859375,0.9111328125,10.19287109375,14.16015625,-1.953125,1742308816.0581367
1742308816,78081149,-0.35693359375,0.00244140625,0.9462890625,8.6669921875,11.65771484375,-6.9580078125,1742308816.0780811
1742308816,98236625,-0.3505859375,0.0048828125,0.9658203125,7.4462890625,10.6201171875,-11.77978515625,1742308816.0982366
1742308816,118118498,-0.32958984375,0.0087890625,0.986328125,6.16455078125,10.3759765625,-15.625,1742308816.1181185
1742308816,138042226,-0.3203125,0.00927734375,1.0009765625,3.47900390625,10.19287109375,-18.5546875,1742308816.1380422
1742308816,158150214,-0.33203125,0.01025390625,1.02978515625,1.3427734375,8.48388671875,-20.69091796875,1742308816.1581502
1742308816,178070006,-0.31494140625,0.017578125,1.06787109375,-0.48828125,3.5400390625,-22.52197265625,1742308816.17807
1742308816,198004647,-0.28271484375,0.015625,1.12109375,-2.62451171875,-4.57763671875,-24.10888671875,1742308816.1980047
1742308816,218069274,-0.251953125,0.00341796875,1.18994140625,-6.89697265625,-16.11328125,-25.634765625,1742308816.2180693
1742308816,238180461,-0.22998046875,-0.013671875,1.23583984375,-9.6435546875,-28.86962890625,-27.64892578125,1742308816.2381804
1742308816,258100990,-0.1884765625,-0.02978515625,1.21923828125,-9.58251953125,-34.72900390625,-28.6865234375,1742308816.258101
1742308816,278298227,-0.171875,-0.0234375,1.15234375,-8.30078125,-33.935546875,-28.564453125,1742308816.2782981
1742308816,298212323,-0.14111328125,-0.0205078125,1.115234375,-7.38525390625,-26.30615234375,-27.77099609375,1742308816.2982123
1742308816,318249430,-0.09814453125,-0.01171875,1.0849609375,-7.4462890625,-15.869140625,-27.77099609375,1742308816.3182495
1742308816,338340521,-0.0693359375,-0.009765625,1.0546875,-8.85009765625,-5.06591796875,-28.6865234375,1742308816.3383405
1742308816,358190905,-0.0908203125,-0.02001953125,1.00634765625,-10.1318359375,3.173828125,-29.541015625,1742308816.358191
1742308816,378272364,-0.1416015625,-0.0244140625,0.96240234375,-11.53564453125,7.87353515625,-30.57861328125,1742308816.3782723
1742308816,398392543,-0.1875,-0.029296875,0.9072265625,-11.77978515625,8.36181640625,-31.8603515625,1742308816.3983924
1742308816,418099885,-0.2275390625,-0.041015625,0.83740234375,-11.77978515625,8.1787109375,-32.16552734375,1742308816.4180999
1742308816,438036318,-0.2646484375,-0.02880859375,0.76171875,-12.451171875,7.87353515625,-31.06689453125,1742308816.4380362
1742308816,458044848,-0.2861328125,-0.02490234375,0.71728515625,-13.61083984375,8.056640625,-28.80859375,1742308816.4580448
1742308816,478072002,-0.2958984375,-0.05126953125,0.7060546875,-13.427734375,8.1787109375,-26.67236328125,1742308816.478072
1742308816,498269911,-0.31396484375,-0.06396484375,0.69140625,-11.3525390625,8.48388671875,-23.681640625,1742308816.4982698
1742308816,518145543,-0.34912109375,-0.0673828125,0.68408203125,-8.60595703125,9.8876953125,-19.6533203125,1742308816.5181456
1742308816,538257178,-0.38671875,-0.08203125,0.69921875,-5.615234375,12.51220703125,-14.16015625,1742308816.5382571
1742308816,558094346,-0.41064453125,-0.07421875,0.703125,-2.50244140625,12.87841796875,-8.72802734375,1742308816.5580943
1742308816,578086492,-0.43505859375,-0.0546875,0.75439453125,-0.30517578125,10.8642578125,-3.173828125,1742308816.5780864
1742308816,598413810,-0.4375,-0.0576171875,0.82080078125,1.46484375,7.50732421875,1.953125,1742308816.5984137
1742308816,618150208,-0.4482421875,-0.0634765625,0.86474609375,2.3193359375,3.41796875,5.7373046875,1742308816.6181502
1742308816,638223539,-0.4267578125,-0.0693359375,0.923828125,1.8310546875,-0.1220703125,9.1552734375,1742308816.6382236
1742308816,658012706,-0.4072265625,-0.08154296875,0.974609375,0.79345703125,-1.77001953125,11.5966796875,1742308816.6580126
1742308816,678047572,-0.37646484375,-0.0986328125,1.021484375,0.18310546875,-3.173828125,13.671875,1742308816.6780477
1742308816,698113511,-0.3349609375,-0.1083984375,1.06591796875,0.67138671875,-2.3193359375,16.357421875,1742308816.6981134
1742308816,718192122,-0.29931640625,-0.1083984375,1.0859375,0.9765625,0.6103515625,18.06640625,1742308816.718192
1742308816,738257677,-0.26806640625,-0.11328125,1.0927734375,0.732421875,2.62451171875,18.24951171875,1742308816.7382576
1742308816,758043356,-0.2587890625,-0.11962890625,1.10009765625,-0.79345703125,5.31005859375,17.7001953125,1742308816.7580433
1742308816,778056750,-0.2998046875,-0.11083984375,1.119140625,-2.5634765625,3.0517578125,17.15087890625,1742308816.7780569
1742308816,798379556,-0.27978515625,-0.12353515625,1.17431640625,-4.08935546875,-3.173828125,15.869140625,1742308816.7983797
1742308816,818111634,-0.251953125,-0.16015625,1.24560546875,-4.2724609375,-14.83154296875,12.6953125,1742308816.8181117
1742308816,838117188,-0.16845703125,-0.1845703125,1.23876953125,-2.62451171875,-21.240234375,9.09423828125,1742308816.8381171
1742308816,858124566,-0.12841796875,-0.16845703125,1.17431640625,-0.8544921875,-20.20263671875,7.50732421875,1742308816.8581245
1742308816,878055079,-0.12109375,-0.17138671875,1.1318359375,0.30517578125,-14.22119140625,8.11767578125,1742308816.878055
1742308816,898118586,-0.1201171875,-0.18359375,1.09814453125,1.0986328125,-6.7138671875,10.19287109375,1742308816.8981185
1742308816,918128652,-0.11767578125,-0.19189453125,1.05810546875,2.74658203125,-1.77001953125,12.939453125,1742308816.9181287
1742308816,938123709,-0.1337890625,-0.18603515625,1.02099609375,4.8828125,1.52587890625,15.380859375,1742308816.9381237
1742308816,958053934,-0.17919921875,-0.169921875,0.978515625,7.8125,2.01416015625,16.6015625,1742308816.9580538
1742308816,978263299,-0.2119140625,-0.15087890625,0.93017578125,10.80322265625,0.91552734375,17.51708984375,1742308816.9782634
1742308816,998148051,-0.232421875,-0.1162109375,0.87060546875,13.18359375,-1.40380859375,16.7236328125,1742308816.998148
1742308817,18543305,-0.23876953125,-0.087890625,0.8203125,15.31982421875,-2.5634765625,16.29638671875,1742308817.0185432
1742308817,33230321,-0.25,-0.068359375,0.78955078125,16.78466796875,-1.64794921875,15.93017578125,1742308817.0332303
1742308817,58408328,-0.259765625,-0.04248046875,0.73388671875,17.2119140625,0.3662109375,14.5263671875,1742308817.0584083
1742308817,78022899,-0.25927734375,-0.01708984375,0.69482421875,15.93017578125,4.45556640625,12.3291015625,1742308817.078023
1742308817,98330247,-0.28662109375,-0.001953125,0.67724609375,14.0380859375,9.033203125,9.8876953125,1742308817.0983303
1742308817,118491929,-0.30810546875,0.01708984375,0.662109375,11.65771484375,12.51220703125,7.38525390625,1742308817.118492
1742308817,138081476,-0.34912109375,0.00927734375,0.70458984375,9.21630859375,15.380859375,4.7607421875,1742308817.1380816
1742308817,158112373,-0.375,-0.00048828125,0.7666015625,8.85009765625,15.19775390625,1.77001953125,1742308817.1581123
1742308817,178269799,-0.3994140625,-0.00537109375,0.8115234375,9.765625,12.3291015625,-0.91552734375,1742308817.1782699
1742308817,198304440,-0.4365234375,-0.01171875,0.865234375,11.5966796875,6.53076171875,-2.99072265625,1742308817.1983044
1742308817,218084677,-0.43310546875,-0.021484375,0.92724609375,14.892578125,0.6103515625,-5.43212890625,1742308817.2180846
1742308817,238147158,-0.40087890625,-0.01513671875,0.96875,17.822265625,-3.662109375,-8.60595703125,1742308817.2381473
1742308817,258111749,-0.3642578125,0.01318359375,0.97265625,18.73779296875,-4.94384765625,-12.6953125,1742308817.2581117
1742308817,278058869,-0.32861328125,0.0419921875,0.962890625,18.12744140625,-1.77001953125,-17.08984375,1742308817.2780588
1742308817,298086309,-0.30615234375,0.06982421875,0.96630859375,16.29638671875,4.0283203125,-19.83642578125,1742308817.2980864
1742308817,319165540,-0.283203125,0.0869140625,0.9609375,12.39013671875,8.6669921875,-22.216796875,1742308817.3191655
1742308817,338147367,-0.28955078125,0.08251953125,0.98876953125,7.99560546875,11.77978515625,-24.96337890625,1742308817.3381474
1742308817,358098262,-0.30078125,0.08349609375,1.02685546875,4.39453125,9.033203125,-27.28271484375,1742308817.3580983
1742308817,378143879,-0.291015625,0.07470703125,1.12890625,-0.3662109375,-0.91552734375,-29.052734375,1742308817.3781438
1742308817,398244568,-0.2470703125,0.0380859375,1.25341796875,-1.64794921875,-15.44189453125,-31.1279296875,1742308817.3982446
1742308817,418141191,-0.158203125,0.0107421875,1.283203125,0.91552734375,-25.7568359375,-33.63037109375,1742308817.4181411
1742308817,438000341,-0.10205078125,0.02392578125,1.2236328125,3.11279296875,-25.69580078125,-34.1796875,1742308817.4380004
1742308817,458201192,-0.044921875,0.0517578125,1.1728515625,3.47900390625,-17.27294921875,-33.75244140625,1742308817.4582012
1742308817,478100471,-0.01953125,0.06884765625,1.13525390625,3.23486328125,-4.8828125,-33.5693359375,1742308817.4781005
1742308817,498433612,-0.0341796875,0.05322265625,1.09765625,2.99072265625,5.37109375,-34.0576171875,1742308817.4984336
1742308817,518133176,-0.06201171875,0.04052734375,1.05322265625,3.47900390625,10.3759765625,-34.85107421875,1742308817.5181332
1742308817,538387308,-0.0927734375,0.04150390625,0.99169921875,2.5634765625,10.986328125,-36.43798828125,1742308817.5383873
1742308817,558126040,-0.125,0.0341796875,0.90771484375,0.91552734375,8.36181640625,-39.12353515625,1742308817.558126
1742308817,578093768,-0.19482421875,0.01123046875,0.82421875,0.91552734375,4.638671875,-42.41943359375,1742308817.5780938
1742308817,598227162,-0.26904296875,-0.017578125,0.75341796875,3.84521484375,0.18310546875,-44.61669921875,1742308817.5982273
1742308817,618481390,-0.3046875,-0.041015625,0.7197265625,11.3525390625,-3.84521484375,-46.32568359375,1742308817.6184814
1742308817,638075704,-0.3359375,-0.02587890625,0.71044921875,22.03369140625,-8.7890625,-47.9736328125,1742308817.6380756
1742308817,658115657,-0.3115234375,0.02001953125,0.703125,27.40478515625,-11.53564453125,-46.69189453125,1742308817.6581156
1742308817,678114489,-0.27685546875,0.06494140625,0.669921875,26.123046875,-13.3056640625,-43.39599609375,1742308817.6781144
1742308817,698303692,-0.26318359375,0.07275390625,0.6826171875,20.32470703125,-12.14599609375,-40.4052734375,1742308817.6983037
1742308817,718117914,-0.29248046875,0.06396484375,0.70849609375,15.7470703125,-10.07080078125,-36.865234375,1742308817.718118
1742308817,738173706,-0.31396484375,0.06298828125,0.73583984375,9.58251953125,-6.8359375,-33.0810546875,1742308817.7381737
1742308817,758145530,-0.3427734375,0.0478515625,0.77392578125,4.33349609375,-3.0517578125,-29.6630859375,1742308817.7581456
1742308817,778080490,-0.36083984375,0.03369140625,0.83984375,1.77001953125,1.708984375,-25.0244140625,1742308817.7780805
1742308817,798161243,-0.3818359375,0.02001953125,0.91162109375,0.8544921875,4.08935546875,-19.10400390625,1742308817.7981613
1742308817,818287917,-0.38671875,0.0107421875,0.95361328125,0.0,5.0048828125,-12.6953125,1742308817.8182878
1742308817,838262205,-0.365234375,-0.0068359375,1.00830078125,-0.9765625,5.859375,-6.65283203125,1742308817.8382623
1742308817,858215724,-0.33349609375,-0.02734375,1.03125,-1.220703125,8.056640625,-1.40380859375,1742308817.8582158
1742308817,878123163,-0.31787109375,-0.05615234375,1.05908203125,0.42724609375,11.474609375,2.685546875,1742308817.878123
1742308817,893235401,-0.318359375,-0.0927734375,1.07080078125,3.60107421875,13.24462890625,6.591796875,1742308817.8932354
1742308817,913202040,-0.2685546875,-0.130859375,1.09326171875,6.40869140625,14.16015625,9.521484375,1742308817.913202
1742308817,938129516,-0.28271484375,-0.1181640625,1.10791015625,4.94384765625,9.8876953125,14.16015625,1742308817.9381294
1742308817,958295230,-0.35986328125,-0.0927734375,1.1806640625,0.42724609375,-2.8076171875,17.02880859375,1742308817.9582953
1742308817,973253290,-0.34814453125,-0.0810546875,1.23681640625,-3.90625,-22.27783203125,15.44189453125,1742308817.9732533
1742308817,993410268,-0.26220703125,-0.10546875,1.25927734375,-8.23974609375,-38.4521484375,11.474609375,1742308817.9934103
1742308818,18492368,-0.14013671875,-0.12158203125,1.2509765625,-10.1318359375,-43.02978515625,6.591796875,1742308818.0184925
1742308818,38221339,-0.10205078125,-0.09716796875,1.2001953125,-11.04736328125,-37.2314453125,1.40380859375,1742308818.0382214
1742308818,58063655,-0.0869140625,-0.08154296875,1.16943359375,-13.24462890625,-26.55029296875,0.30517578125,1742308818.0580637
1742308818,78010357,-0.056640625,-0.0966796875,1.1435546875,-13.671875,-11.5966796875,-0.67138671875,1742308818.0780103
1742308818,98121669,-0.0673828125,-0.11279296875,1.11181640625,-12.3291015625,1.40380859375,-0.6103515625,1742308818.0981216
1742308818,118127412,-0.07177734375,-0.111328125,1.08984375,-8.97216796875,14.0380859375,1.5869140625,1742308818.1181273
1742308818,138083426,-0.1064453125,-0.0830078125,1.02490234375,-3.47900390625,22.76611328125,3.0517578125,1742308818.1380835
1742308818,158254067,-0.1943359375,-0.0439453125,0.92236328125,1.40380859375,25.7568359375,5.0048828125,1742308818.1582541
1742308818,178148032,-0.2548828125,-0.017578125,0.8349609375,4.638671875,23.01025390625,7.14111328125,1742308818.178148
1742308818,198103278,-0.2451171875,-0.0263671875,0.79150390625,7.9345703125,18.24951171875,8.7890625,1742308818.1981032
1742308818,218114268,-0.2431640625,-0.04638671875,0.78173828125,12.939453125,14.7705078125,10.498046875,1742308818.2181144
1742308818,238040202,-0.25732421875,-0.04150390625,0.7587890625,16.66259765625,13.24462890625,12.39013671875,1742308818.2380402
1742308818,258141914,-0.27392578125,-0.013671875,0.73193359375,18.49365234375,13.3056640625,13.5498046875,1742308818.258142
1742308818,278062855,-0.29736328125,0.005859375,0.72509765625,18.5546875,13.36669921875,14.2822265625,1742308818.2780628
1742308818,298241080,-0.333984375,0.01318359375,0.72802734375,17.76123046875,15.380859375,14.16015625,1742308818.2982411
1742308818,313341989,-0.3505859375,0.0068359375,0.7744140625,17.2119140625,17.39501953125,13.427734375,1742308818.313342
1742308818,338455768,-0.365234375,0.0146484375,0.81201171875,16.90673828125,20.93505859375,11.77978515625,1742308818.3384557
1742308818,358770539,-0.373046875,0.025390625,0.830078125,16.29638671875,23.681640625,8.7890625,1742308818.3587706
1742308818,378370292,-0.376953125,0.0419921875,0.86767578125,14.34326171875,27.4658203125,4.94384765625,1742308818.3783703
1742308818,398378595,-0.37451171875,0.0361328125,0.91943359375,11.53564453125,31.982421875,0.8544921875,1742308818.3983786
1742308818,418141326,-0.3720703125,0.0517578125,0.95849609375,7.26318359375,35.2783203125,-2.9296875,1742308818.4181414
1742308818,437987131,-0.3515625,0.0693359375,1.005859375,0.3662109375,37.353515625,-8.1787109375,1742308818.437987
1742308818,458142347,-0.35595703125,0.06396484375,1.04052734375,-4.39453125,37.7197265625,-12.20703125,1742308818.4581423
1742308818,478110553,-0.35400390625,0.02783203125,1.03857421875,-6.65283203125,40.34423828125,-15.7470703125,1742308818.4781106
1742308818,498212649,-0.4287109375,-0.0185546875,1.0263671875,-4.7607421875,42.48046875,-17.27294921875,1742308818.4982126
1742308818,518214008,-0.4873046875,-0.02587890625,0.982421875,0.06103515625,41.19873046875,-17.08984375,1742308818.518214
1742308818,538066820,-0.49755859375,-0.005859375,0.94873046875,2.38037109375,34.97314453125,-15.56396484375,1742308818.5380669
1742308818,558042803,-0.4716796875,0.0,0.97802734375,2.197265625,22.8271484375,-16.11328125,1742308818.5580428
1742308818,578089954,-0.423828125,-0.01806640625,1.01806640625,2.62451171875,7.99560546875,-17.578125,1742308818.57809
1742308818,598202130,-0.3505859375,-0.033203125,1.0341796875,4.8828125,-0.9765625,-19.1650390625,1742308818.5982022
1742308818,618419491,-0.294921875,-0.01611328125,1.013671875,8.11767578125,-0.48828125,-18.4326171875,1742308818.6184194
1742308818,638153550,-0.2607421875,0.02392578125,1.00830078125,9.82666015625,4.2724609375,-17.4560546875,1742308818.6381536
1742308818,658134653,-0.23583984375,0.03369140625,1.041015625,9.521484375,5.79833984375,-17.15087890625,1742308818.6581347
1742308818,678222060,-0.2041015625,0.02978515625,1.11083984375,8.11767578125,0.244140625,-15.7470703125,1742308818.678222
1742308818,698079801,-0.203125,0.02978515625,1.158203125,7.4462890625,-11.5966796875,-15.80810546875,1742308818.6980798
1742308818,718017767,-0.2236328125,0.025390625,1.13671875,7.99560546875,-23.5595703125,-15.44189453125,1742308818.7180178
1742308818,738047254,-0.24072265625,0.0322265625,1.0302734375,7.9345703125,-29.78515625,-14.22119140625,1742308818.7380474
1742308818,758091813,-0.27099609375,0.03515625,0.908203125,5.79833984375,-26.85546875,-12.8173828125,1742308818.758092
1742308818,778101716,-0.31298828125,0.02294921875,0.78515625,3.90625,-19.8974609375,-10.55908203125,1742308818.7781017
1742308818,798075298,-0.34375,0.0029296875,0.70166015625,4.45556640625,-7.99560546875,-6.89697265625,1742308818.7980752
1742308818,818106897,-0.3935546875,-0.0107421875,0.6494140625,7.6904296875,6.65283203125,-1.77001953125,1742308818.818107
1742308818,837973181,-0.4306640625,0.01708984375,0.5888671875,11.8408203125,18.5546875,3.662109375,1742308818.837973
1742308818,858147278,-0.45361328125,0.05078125,0.580078125,15.56396484375,29.60205078125,8.4228515625,1742308818.8581474
1742308818,877969371,-0.443359375,0.0791015625,0.5986328125,19.04296875,35.2783203125,11.962890625,1742308818.8779693
1742308818,898172492,-0.41796875,0.10986328125,0.62158203125,20.263671875,35.15625,14.34326171875,1742308818.8981724
1742308818,918268764,-0.4228515625,0.12890625,0.63330078125,18.06640625,29.47998046875,13.427734375,1742308818.9182687
1742308818,938061319,-0.48388671875,0.119140625,0.67724609375,13.12255859375,18.06640625,12.51220703125,1742308818.9380612
1742308818,958102263,-0.52490234375,0.1162109375,0.75,7.568359375,0.8544921875,11.1083984375,1742308818.9581022
1742308818,978048452,-0.54638671875,0.11572265625,0.8056640625,1.5869140625,-16.9677734375,8.9111328125,1742308818.9780486
1742308818,998647931,-0.5078125,0.087890625,0.876953125,-3.47900390625,-29.9072265625,6.8359375,1742308818.998648
1742308819,18079233,-0.45263671875,0.05419921875,0.9287109375,-6.103515625,-33.0810546875,5.06591796875,1742308819.0180793
1742308819,38054381,-0.462890625,0.0302734375,0.97119140625,-6.2255859375,-30.57861328125,4.39453125,1742308819.0380545
1742308819,58038170,-0.46533203125,0.01708984375,0.97021484375,-3.84521484375,-22.0947265625,6.34765625,1742308819.0580382
1742308819,78199529,-0.41552734375,0.01513671875,0.982421875,-0.67138671875,-9.8876953125,7.99560546875,1742308819.0781996
1742308819,98176694,-0.41552734375,0.02392578125,0.98388671875,0.9765625,1.40380859375,9.3994140625,1742308819.0981767
1742308819,118386566,-0.4326171875,0.06298828125,0.9599609375,-1.03759765625,9.94873046875,11.1083984375,1742308819.1183865
1742308819,138219984,-0.45751953125,0.107421875,0.9736328125,-6.34765625,13.427734375,13.5498046875,1742308819.13822
1742308819,158045371,-0.4853515625,0.130859375,0.99609375,-13.7939453125,7.4462890625,15.0146484375,1742308819.1580453
1742308819,178031336,-0.4248046875,0.1435546875,1.07666015625,-19.22607421875,-4.33349609375,14.404296875,1742308819.1780314
1742308819,198242104,-0.37939453125,0.09765625,1.21142578125,-19.47021484375,-16.29638671875,12.0849609375,1742308819.1982422
1742308819,218302437,-0.28125,0.0576171875,1.28369140625,-15.68603515625,-27.16064453125,8.48388671875,1742308819.2183025
1742308819,238083952,-0.18798828125,0.04052734375,1.2763671875,-11.1083984375,-32.470703125,3.2958984375,1742308819.2380838
1742308819,258222110,-0.18505859375,0.05810546875,1.208984375,-9.46044921875,-33.935546875,0.54931640625,1742308819.258222
1742308819,278190827,-0.1513671875,0.05078125,1.15576171875,-7.4462890625,-31.55517578125,0.8544921875,1742308819.2781909
1742308819,298121015,-0.13623046875,0.03271484375,1.10546875,-5.37109375,-27.03857421875,1.40380859375,1742308819.298121
1742308819,318042915,-0.16259765625,0.03076171875,1.052734375,-1.15966796875,-21.66748046875,2.25830078125,1742308819.318043
1742308819,338267187,-0.1806640625,0.0634765625,0.9609375,2.38037109375,-17.63916015625,1.03759765625,1742308819.338267
1742308819,358040829,-0.19189453125,0.1044921875,0.8818359375,3.90625,-13.24462890625,-1.89208984375,1742308819.3580408
1742308819,378216396,-0.24560546875,0.11865234375,0.8427734375,4.33349609375,-8.85009765625,-2.38037109375,1742308819.3782165
1742308819,398121080,-0.27587890625,0.12353515625,0.83154296875,5.4931640625,-3.5400390625,-1.708984375,1742308819.398121
1742308819,418178182,-0.29248046875,0.14013671875,0.81494140625,7.99560546875,0.732421875,-1.03759765625,1742308819.418178
1742308819,438186931,-0.30810546875,0.14111328125,0.78759765625,10.6201171875,4.21142578125,-1.03759765625,1742308819.438187
1742308819,458140063,-0.35693359375,0.150390625,0.76220703125,12.5732421875,7.14111328125,-0.79345703125,1742308819.4581401
1742308819,478159052,-0.38037109375,0.14794921875,0.73974609375,14.16015625,9.27734375,0.244140625,1742308819.478159
1742308819,498138809,-0.39501953125,0.16259765625,0.7041015625,14.16015625,12.02392578125,0.3662109375,1742308819.498139
1742308819,518153830,-0.41357421875,0.17431640625,0.71826171875,10.986328125,15.380859375,-0.79345703125,1742308819.518154
1742308819,538070194,-0.44775390625,0.208984375,0.73681640625,4.33349609375,16.05224609375,-1.77001953125,1742308819.5380702
1742308819,558032542,-0.42041015625,0.22216796875,0.8193359375,-3.5400390625,13.48876953125,-5.18798828125,1742308819.5580325
1742308819,578153805,-0.41455078125,0.1767578125,0.90625,-8.36181640625,9.82666015625,-11.23046875,1742308819.5781538
1742308819,598181370,-0.41162109375,0.11572265625,0.94873046875,-9.46044921875,7.75146484375,-18.06640625,1742308819.5981815
1742308819,618270633,-0.4228515625,0.0732421875,0.96630859375,-6.40869140625,7.75146484375,-23.5595703125,1742308819.6182706
1742308819,638232725,-0.40478515625,0.0537109375,0.94873046875,-1.953125,9.6435546875,-28.6865234375,1742308819.6382327
1742308819,658067712,-0.41015625,0.0546875,0.91748046875,1.0986328125,12.3291015625,-33.8134765625,1742308819.6580677
1742308819,678098509,-0.40380859375,0.07080078125,0.89208984375,3.0517578125,15.7470703125,-37.4755859375,1742308819.6780984
1742308819,698146011,-0.3974609375,0.09375,0.86767578125,3.2958984375,18.9208984375,-39.97802734375,1742308819.698146
1742308819,718109959,-0.37939453125,0.1171875,0.8642578125,0.8544921875,22.27783203125,-42.1142578125,1742308819.7181098
1742308819,738218838,-0.39892578125,0.11767578125,0.89404296875,-1.8310546875,23.13232421875,-44.921875,1742308819.7382188
1742308819,758110657,-0.4306640625,0.12451171875,0.92041015625,-4.150390625,19.95849609375,-45.71533203125,1742308819.7581108
1742308819,778143055,-0.45947265625,0.1318359375,0.93603515625,-7.8125,13.7939453125,-43.51806640625,1742308819.7781432
1742308819,798199676,-0.44921875,0.11376953125,1.0400390625,-11.65771484375,6.28662109375,-39.24560546875,1742308819.7981997
1742308819,818130089,-0.34521484375,0.0830078125,1.20458984375,-11.04736328125,-1.0986328125,-36.9873046875,1742308819.81813
1742308819,838131958,-0.19140625,0.0732421875,1.28271484375,-6.89697265625,-6.103515625,-37.53662109375,1742308819.838132
1742308819,858149763,-0.0810546875,0.08349609375,1.31103515625,-3.662109375,-8.60595703125,-40.34423828125,1742308819.8581498
1742308819,878149968,-0.05078125,0.0751953125,1.294921875,-1.15966796875,-7.8125,-43.0908203125,1742308819.87815
1742308819,898222718,-0.08837890625,0.05712890625,1.2236328125,2.8076171875,-6.9580078125,-46.2646484375,1742308819.8982227
1742308819,918135049,-0.10888671875,0.06396484375,1.12353515625,4.21142578125,-4.2724609375,-49.01123046875,1742308819.9181352
1742308819,938336505,-0.1513671875,0.0703125,1.02294921875,4.638671875,-1.28173828125,-51.7578125,1742308819.9383366
1742308819,958161380,-0.1845703125,0.0703125,0.923828125,4.45556640625,2.685546875,-53.89404296875,1742308819.9581614
1742308819,978422740,-0.23095703125,0.0654296875,0.83349609375,4.2724609375,4.33349609375,-55.48095703125,1742308819.9784226
1742308819,998466274,-0.29443359375,0.0654296875,0.75244140625,3.23486328125,5.43212890625,-56.2744140625,1742308819.9984663
1742308820,18108169,-0.32958984375,0.05859375,0.70751953125,2.5634765625,4.57763671875,-56.70166015625,1742308820.0181081
1742308820,38188917,-0.37548828125,0.05322265625,0.67041015625,2.3193359375,3.7841796875,-57.18994140625,1742308820.038189
1742308820,58088831,-0.42578125,0.056640625,0.67578125,3.5400390625,1.52587890625,-55.5419921875,1742308820.0580888
1742308820,78158892,-0.45556640625,0.05322265625,0.68212890625,5.4931640625,-1.220703125,-52.6123046875,1742308820.0781589
1742308820,98278969,-0.46484375,0.0400390625,0.7021484375,8.23974609375,-2.8076171875,-48.64501953125,1742308820.098279
1742308820,118262308,-0.46142578125,0.046875,0.73095703125,8.97216796875,-3.11279296875,-45.166015625,1742308820.1182623
1742308820,138226895,-0.4580078125,0.06494140625,0.7646484375,7.080078125,-3.2958984375,-40.8935546875,1742308820.138227
1742308820,158286299,-0.4609375,0.068359375,0.7958984375,3.7841796875,-2.8076171875,-36.80419921875,1742308820.1582863
1742308820,178204070,-0.43994140625,0.04345703125,0.84716796875,0.42724609375,0.3662109375,-32.89794921875,1742308820.178204
1742308820,198185105,-0.4404296875,0.013671875,0.89111328125,-2.01416015625,4.82177734375,-28.74755859375,1742308820.1981852
1742308820,218118588,-0.419921875,-0.0029296875,0.91357421875,-3.5400390625,10.31494140625,-25.45166015625,1742308820.2181187
1742308820,238455915,-0.40380859375,-0.01953125,0.94482421875,-4.2724609375,15.5029296875,-22.64404296875,1742308820.238456
1742308820,258216660,-0.40283203125,-0.03173828125,0.96728515625,-4.45556640625,19.6533203125,-19.59228515625,1742308820.2582166
1742308820,278184479,-0.41064453125,-0.04443359375,0.9736328125,-2.685546875,20.1416015625,-16.29638671875,1742308820.2781844
1742308820,298481902,-0.40234375,-0.06787109375,1.0048828125,0.91552734375,18.49365234375,-14.404296875,1742308820.298482
1742308820,318411449,-0.4150390625,-0.0751953125,1.02587890625,4.150390625,15.7470703125,-13.48876953125,1742308820.3184114
1742308820,338394052,-0.38330078125,-0.0546875,1.0107421875,6.103515625,9.1552734375,-14.22119140625,1742308820.3383942
1742308820,358227693,-0.37646484375,-0.044921875,1.06689453125,6.65283203125,-2.50244140625,-15.80810546875,1742308820.3582277
1742308820,378135415,-0.33203125,-0.04150390625,1.14111328125,7.75146484375,-19.04296875,-17.88330078125,1742308820.3781354
1742308820,398250500,-0.2666015625,-0.05322265625,1.2216796875,8.4228515625,-36.19384765625,-20.20263671875,1742308820.3982506
1742308820,418293616,-0.185546875,-0.064453125,1.25537109375,8.11767578125,-49.01123046875,-23.5595703125,1742308820.4182937
1742308820,438134362,-0.12548828125,-0.0830078125,1.24462890625,7.568359375,-54.0771484375,-26.123046875,1742308820.4381344
1742308820,458080772,-0.07958984375,-0.11669921875,1.24072265625,9.3994140625,-47.8515625,-25.634765625,1742308820.4580808
1742308820,477955726,-0.0458984375,-0.13525390625,1.2080078125,15.80810546875,-33.02001953125,-24.169921875,1742308820.4779558
1742308820,498181885,-0.06494140625,-0.1337890625,1.169921875,21.484375,-15.07568359375,-23.25439453125,1742308820.4981818
1742308820,518046278,-0.12646484375,-0.11181640625,1.083984375,24.59716796875,5.2490234375,-23.01025390625,1742308820.5180464
1742308820,538016817,-0.197265625,-0.10107421875,1.025390625,26.0009765625,21.97265625,-23.4375,1742308820.5380168
1742308820,558172287,-0.24267578125,-0.091796875,0.947265625,27.4658203125,33.8134765625,-25.390625,1742308820.5581722
1742308820,578108586,-0.2880859375,-0.0859375,0.88037109375,28.38134765625,39.24560546875,-28.9306640625,1742308820.5781085
1742308820,598728253,-0.3505859375,-0.07958984375,0.8251953125,28.25927734375,37.53662109375,-32.5927734375,1742308820.5987282
1742308820,618031199,-0.38916015625,-0.06591796875,0.77197265625,27.4658203125,31.55517578125,-35.94970703125,1742308820.6180313
1742308820,638073227,-0.40625,-0.04052734375,0.72119140625,25.93994140625,24.2919921875,-39.12353515625,1742308820.6380732
1742308820,658360219,-0.40234375,-0.015625,0.69287109375,24.169921875,20.69091796875,-41.56494140625,1742308820.6583602
1742308820,678143619,-0.40673828125,-0.0166015625,0.6845703125,23.49853515625,19.59228515625,-42.3583984375,1742308820.6781435
1742308820,698335025,-0.412109375,-0.01171875,0.69970703125,23.5595703125,21.240234375,-42.66357421875,1742308820.698335
1742308820,717984504,-0.44384765625,-0.00390625,0.72021484375,24.23095703125,24.84130859375,-42.66357421875,1742308820.7179844
1742308820,738236807,-0.49169921875,0.00146484375,0.7412109375,24.10888671875,27.28271484375,-41.3818359375,1742308820.738237
1742308820,758402197,-0.51806640625,0.009765625,0.75537109375,23.92578125,29.4189453125,-39.00146484375,1742308820.758402
1742308820,773263355,-0.52001953125,0.0009765625,0.7666015625,24.7802734375,30.82275390625,-36.07177734375,1742308820.7732635
1742308820,798331595,-0.50146484375,-0.0087890625,0.81787109375,27.40478515625,31.005859375,-34.60693359375,1742308820.7983315
1742308820,818081843,-0.50048828125,-0.01318359375,0.8720703125,30.517578125,28.564453125,-34.66796875,1742308820.8180819
1742308820,838120703,-0.48828125,-0.00537109375,0.90966796875,33.8134765625,24.59716796875,-35.15625,1742308820.8381207
1742308820,858317357,-0.47412109375,0.00634765625,0.91015625,36.376953125,19.71435546875,-36.1328125,1742308820.8583174
1742308820,878196631,-0.4384765625,0.02392578125,0.9091796875,37.29248046875,14.34326171875,-37.53662109375,1742308820.8781967
1742308820,898088417,-0.41259765625,0.0439453125,0.9150390625,35.15625,10.009765625,-38.51318359375,1742308820.8980885
1742308820,917960938,-0.4228515625,0.0537109375,0.9326171875,32.16552734375,5.2490234375,-39.306640625,1742308820.917961
1742308820,938257498,-0.4140625,0.06103515625,0.94970703125,28.99169921875,0.06103515625,-40.22216796875,1742308820.9382575
1742308820,958042690,-0.40625,0.05419921875,0.9833984375,25.634765625,-6.53076171875,-41.07666015625,1742308820.9580426
1742308820,978209200,-0.3857421875,0.05712890625,1.029296875,20.69091796875,-15.9912109375,-43.39599609375,1742308820.9782093
1742308820,998084474,-0.3525390625,0.0458984375,1.11865234375,14.34326171875,-28.564453125,-45.34912109375,1742308820.9980845
1742308821,18116261,-0.29296875,-0.0029296875,1.1708984375,11.1083984375,-37.04833984375,-46.56982421875,1742308821.0181162
1742308821,38070670,-0.25390625,-0.02978515625,1.1826171875,12.5732421875,-39.12353515625,-46.44775390625,1742308821.0380707
1742308821,58090392,-0.2080078125,-0.0263671875,1.1826171875,15.93017578125,-35.888671875,-45.10498046875,1742308821.0580904
1742308821,78143619,-0.18896484375,-0.01513671875,1.16357421875,18.85986328125,-27.77099609375,-43.39599609375,1742308821.0781436
1742308821,98155853,-0.1728515625,0.009765625,1.10888671875,19.4091796875,-17.7001953125,-42.724609375,1742308821.0981557
1742308821,118080598,-0.18359375,0.0439453125,1.03515625,16.90673828125,-7.2021484375,-41.93115234375,1742308821.1180806
1742308821,138085856,-0.224609375,0.04736328125,0.95751953125,12.87841796875,0.6103515625,-40.771484375,1742308821.1380858
1742308821,158252556,-0.27978515625,0.029296875,0.892578125,9.94873046875,5.55419921875,-40.10009765625,1742308821.1582525
1742308821,178213622,-0.33203125,0.0126953125,0.80908203125,8.4228515625,8.60595703125,-39.0625,1742308821.1782136
1742308821,198188543,-0.37890625,-0.0078125,0.74755859375,6.591796875,10.498046875,-37.2314453125,1742308821.1981885
1742308821,218060584,-0.39892578125,-0.0166015625,0.7060546875,5.7373046875,11.962890625,-34.5458984375,1742308821.2180605
1742308821,233158160,-0.4306640625,-0.01953125,0.6728515625,5.2490234375,13.61083984375,-31.79931640625,1742308821.233158
1742308821,258108956,-0.4482421875,-0.029296875,0.64794921875,4.8828125,14.70947265625,-28.4423828125,1742308821.2581089
1742308821,278752623,-0.46923828125,-0.0517578125,0.66015625,5.126953125,14.95361328125,-23.4375,1742308821.2787526
1742308821,298274578,-0.4697265625,-0.05029296875,0.66943359375,6.16455078125,13.7939453125,-18.00537109375,1742308821.2982745
1742308821,318299325,-0.482421875,-0.03857421875,0.6982421875,7.26318359375,11.8408203125,-13.5498046875,1742308821.3182993
1742308821,338152069,-0.4892578125,-0.0263671875,0.7275390625,7.87353515625,8.544921875,-9.27734375,1742308821.3381522
1742308821,358082862,-0.501953125,-0.02001953125,0.7578125,7.75146484375,4.8828125,-4.57763671875,1742308821.3580828
1742308821,378079896,-0.5087890625,-0.01904296875,0.7744140625,6.65283203125,1.8310546875,0.48828125,1742308821.37808
1742308821,398072226,-0.515625,-0.03369140625,0.796875,5.37109375,1.03759765625,5.92041015625,1742308821.3980722
1742308821,418074188,-0.52685546875,-0.048828125,0.830078125,4.33349609375,0.48828125,11.04736328125,1742308821.4180741
1742308821,438192087,-0.52099609375,-0.05419921875,0.86083984375,2.0751953125,2.01416015625,16.41845703125,1742308821.4381921
1742308821,458113600,-0.49853515625,-0.0693359375,0.8876953125,1.220703125,2.74658203125,22.5830078125,1742308821.4581137
1742308821,478001961,-0.4609375,-0.0703125,0.93408203125,-0.48828125,1.46484375,28.076171875,1742308821.478002
1742308821,498172245,-0.45068359375,-0.0830078125,0.97998046875,-3.60107421875,-2.197265625,31.67724609375,1742308821.4981723
1742308821,518432610,-0.453125,-0.095703125,1.01708984375,-6.591796875,-7.26318359375,34.72900390625,1742308821.5184326
1742308821,538333931,-0.44189453125,-0.09765625,1.0419921875,-10.07080078125,-14.6484375,36.31591796875,1742308821.538334
1742308821,558345589,-0.43017578125,-0.11572265625,1.11865234375,-13.12255859375,-24.10888671875,36.4990234375,1742308821.5583456
1742308821,573561279,-0.4052734375,-0.154296875,1.2060546875,-14.34326171875,-34.5458984375,36.68212890625,1742308821.5735612
1742308821,598508555,-0.318359375,-0.18359375,1.24609375,-13.61083984375,-41.56494140625,36.31591796875,1742308821.5985086
1742308821,618039535,-0.23193359375,-0.1904296875,1.26171875,-11.5966796875,-43.02978515625,34.912109375,1742308821.6180396
1742308821,638087770,-0.2021484375,-0.18359375,1.20751953125,-10.3759765625,-37.78076171875,34.85107421875,1742308821.6380877
1742308821,653160418,-0.19091796875,-0.18310546875,1.16064453125,-9.27734375,-27.4658203125,38.0859375,1742308821.6531603
1742308821,678344817,-0.16796875,-0.189453125,1.11865234375,-8.11767578125,-15.0146484375,41.50390625,1742308821.6783447
1742308821,698222937,-0.17138671875,-0.197265625,1.10009765625,-6.4697265625,-4.08935546875,45.34912109375,1742308821.6982229
1742308821,718183907,-0.20751953125,-0.1845703125,1.048828125,-4.8828125,1.8310546875,49.62158203125,1742308821.718184
1742308821,738397232,-0.23779296875,-0.146484375,0.97802734375,-2.8076171875,4.150390625,52.79541015625,1742308821.7383971
1742308821,758185847,-0.2646484375,-0.12060546875,0.8974609375,-0.91552734375,4.33349609375,54.50439453125,1742308821.7581859
1742308821,778188673,-0.30029296875,-0.1025390625,0.82568359375,0.3662109375,4.638671875,55.96923828125,1742308821.7781887
1742308821,798252396,-0.33251953125,-0.0849609375,0.763671875,1.64794921875,5.43212890625,58.349609375,1742308821.7982523
1742308821,818224117,-0.345703125,-0.05419921875,0.71337890625,2.44140625,6.28662109375,60.48583984375,1742308821.8182242
1742308821,838188767,-0.361328125,-0.0341796875,0.6923828125,1.89208984375,6.9580078125,61.82861328125,1742308821.8381886
1742308821,858072327,-0.3564453125,-0.0244140625,0.681640625,1.46484375,9.3994140625,62.1337890625,1742308821.8580723
1742308821,878515127,-0.3525390625,-0.01025390625,0.6875,0.6103515625,12.6953125,61.8896484375,1742308821.8785152
1742308821,898110460,-0.369140625,-0.0048828125,0.71044921875,-0.244140625,15.80810546875,60.6689453125,1742308821.8981104
1742308821,918105157,-0.40185546875,0.0078125,0.751953125,0.244140625,18.37158203125,59.08203125,1742308821.9181051
1742308821,938125232,-0.4306640625,0.02001953125,0.8076171875,1.0986328125,20.6298828125,56.45751953125,1742308821.9381251
1742308821,958369917,-0.4287109375,0.0166015625,0.8447265625,2.13623046875,22.216796875,53.22265625,1742308821.95837
1742308821,978192485,-0.44287109375,0.00830078125,0.892578125,3.96728515625,24.23095703125,49.49951171875,1742308821.9781926
1742308821,998449586,-0.44970703125,0.0166015625,0.91845703125,5.9814453125,26.123046875,44.5556640625,1742308821.9984496
1742308822,18385594,-0.45068359375,0.0400390625,0.9345703125,6.7138671875,26.7333984375,39.1845703125,1742308822.0183856
1742308822,38671558,-0.431640625,0.0654296875,0.94384765625,7.38525390625,25.5126953125,32.77587890625,1742308822.0386715
1742308822,58183880,-0.44189453125,0.0869140625,0.96240234375,6.591796875,21.728515625,27.16064453125,1742308822.058184
1742308822,73286992,-0.423828125,0.099609375,0.97314453125,5.79833984375,15.625,21.8505859375,1742308822.073287
1742308822,98256859,-0.43701171875,0.11328125,0.97900390625,4.638671875,8.6669921875,18.1884765625,1742308822.0982568
1742308822,118140290,-0.47412109375,0.13232421875,0.99658203125,3.173828125,1.40380859375,15.869140625,1742308822.1181402
1742308822,138119370,-0.48486328125,0.13916015625,0.99755859375,0.8544921875,-6.40869140625,14.404296875,1742308822.1381195
1742308822,158168339,-0.4560546875,0.1357421875,1.02294921875,-2.01416015625,-13.12255859375,13.00048828125,1742308822.1581683
1742308822,178488672,-0.39599609375,0.126953125,1.0859375,-6.34765625,-22.15576171875,11.90185546875,1742308822.1784887
1742308822,198229253,-0.3134765625,0.07275390625,1.14697265625,-9.58251953125,-25.93994140625,11.90185546875,1742308822.1982293
1742308822,218123948,-0.20654296875,0.06787109375,1.14013671875,-9.3994140625,-21.30126953125,12.39013671875,1742308822.218124
1742308822,238142805,-0.14599609375,0.09765625,1.13232421875,-9.82666015625,-9.27734375,13.671875,1742308822.2381427
1742308822,258565059,-0.126953125,0.09228515625,1.1171875,-12.451171875,4.638671875,14.95361328125,1742308822.258565
1742308822,278245159,-0.162109375,0.07080078125,1.08740234375,-16.2353515625,17.02880859375,16.4794921875,1742308822.2782452
1742308822,298308721,-0.189453125,0.0693359375,1.02783203125,-21.17919921875,26.0009765625,17.2119140625,1742308822.2983086
1742308822,318184600,-0.25830078125,0.05810546875,0.97509765625,-26.67236328125,28.74755859375,17.27294921875,1742308822.3181846
1742308822,338161760,-0.32177734375,0.03271484375,0.92529296875,-30.70068359375,26.91650390625,17.15087890625,1742308822.3381617
1742308822,358133768,-0.3828125,0.00537109375,0.8564453125,-32.1044921875,21.42333984375,17.39501953125,1742308822.3581338
1742308822,378186065,-0.40185546875,-0.0068359375,0.78564453125,-31.982421875,15.68603515625,17.822265625,1742308822.378186
1742308822,398273435,-0.43505859375,-0.00732421875,0.70703125,-31.18896484375,11.90185546875,17.02880859375,1742308822.3982735
1742308822,418189858,-0.46728515625,0.0009765625,0.65234375,-30.94482421875,7.8125,17.27294921875,1742308822.4181898
1742308822,438163947,-0.46435546875,0.00830078125,0.61572265625,-30.33447265625,5.7373046875,16.78466796875,1742308822.438164
1742308822,458146771,-0.482421875,-0.00390625,0.61083984375,-28.99169921875,4.33349609375,16.4794921875,1742308822.4581468
1742308822,478099131,-0.484375,-0.0166015625,0.65234375,-26.0009765625,3.72314453125,17.333984375,1742308822.478099
1742308822,498244165,-0.458984375,-0.0029296875,0.6708984375,-23.86474609375,4.8828125,18.85986328125,1742308822.498244
1742308822,518503089,-0.4462890625,0.001953125,0.71142578125,-22.52197265625,7.2021484375,20.20263671875,1742308822.5185032
1742308822,538186102,-0.48876953125,0.00732421875,0.7529296875,-19.8974609375,7.75146484375,22.88818359375,1742308822.538186
1742308822,558286688,-0.5068359375,0.02490234375,0.798828125,-17.822265625,8.23974609375,25.390625,1742308822.5582867
1742308822,578486795,-0.50830078125,0.03271484375,0.83837890625,-15.0146484375,7.9345703125,27.89306640625,1742308822.5784867
1742308822,598450579,-0.50048828125,0.03173828125,0.87158203125,-13.18359375,9.1552734375,31.43310546875,1742308822.5984507
1742308822,618375706,-0.49267578125,0.029296875,0.890625,-12.5732421875,10.3759765625,35.09521484375,1742308822.6183758
1742308822,638120736,-0.486328125,0.02099609375,0.9189453125,-12.6953125,10.498046875,38.818359375,1742308822.6381207
1742308822,658175401,-0.4814453125,0.00341796875,0.94287109375,-10.986328125,8.60595703125,42.17529296875,1742308822.6581755
1742308822,678203058,-0.47998046875,0.00439453125,0.96240234375,-9.1552734375,6.591796875,44.3115234375,1742308822.678203
1742308822,698125817,-0.4775390625,-0.01708984375,0.96337890625,-8.48388671875,2.9296875,45.95947265625,1742308822.6981258
1742308822,718154466,-0.4716796875,-0.0224609375,0.94775390625,-9.6435546875,-0.42724609375,46.9970703125,1742308822.7181544
1742308822,738219948,-0.4794921875,-0.02978515625,0.95458984375,-12.6953125,-6.40869140625,47.9736328125,1742308822.73822
1742308822,758381654,-0.47509765625,-0.05126953125,1.001953125,-17.39501953125,-15.380859375,47.79052734375,1742308822.7583816
1742308822,778187612,-0.4462890625,-0.0771484375,1.0712890625,-21.91162109375,-26.4892578125,45.166015625,1742308822.7781875
1742308822,798198469,-0.3994140625,-0.12109375,1.14501953125,-23.86474609375,-36.68212890625,40.6494140625,1742308822.7981985
1742308822,818102700,-0.3486328125,-0.1376953125,1.14013671875,-25.146484375,-41.1376953125,37.109375,1742308822.8181026
1742308822,838166102,-0.296875,-0.14208984375,1.10595703125,-26.3671875,-37.59765625,35.58349609375,1742308822.838166
1742308822,858171326,-0.25927734375,-0.1611328125,1.095703125,-26.67236328125,-27.64892578125,36.19384765625,1742308822.8581712
1742308822,878127174,-0.2626953125,-0.18603515625,1.10888671875,-24.10888671875,-16.2353515625,38.26904296875,1742308822.878127
1742308822,898078958,-0.27294921875,-0.18310546875,1.091796875,-21.1181640625,-8.48388671875,40.52734375,1742308822.898079
1742308822,918232441,-0.30859375,-0.1640625,1.052734375,-17.578125,-2.9296875,43.76220703125,1742308822.9182324
1742308822,938179137,-0.34814453125,-0.1328125,0.99951171875,-13.73291015625,-1.5869140625,46.9970703125,1742308822.9381793
1742308822,958164233,-0.3515625,-0.09912109375,0.9365234375,-9.94873046875,-1.40380859375,49.37744140625,1742308822.9581642
1742308822,978142129,-0.36962890625,-0.07275390625,0.87109375,-6.89697265625,-1.64794921875,50.47607421875,1742308822.978142
1742308822,998296380,-0.369140625,-0.03955078125,0.80859375,-5.4931640625,-0.91552734375,51.57470703125,1742308822.9982963
1742308823,18192578,-0.3740234375,-0.0087890625,0.740234375,-5.9814453125,1.3427734375,52.67333984375,1742308823.0181925
1742308823,38300522,-0.3798828125,0.00830078125,0.6923828125,-6.4697265625,5.06591796875,53.03955078125,1742308823.0383005
1742308823,58115375,-0.3896484375,0.01171875,0.67333984375,-6.4697265625,9.46044921875,52.490234375,1742308823.0581155
1742308823,78379930,-0.41162109375,0.0087890625,0.6669921875,-6.4697265625,12.51220703125,52.001953125,1742308823.0783799
1742308823,98192191,-0.41748046875,0.0185546875,0.65869140625,-7.6904296875,15.68603515625,50.84228515625,1742308823.0981922
1742308823,118311975,-0.4296875,0.0244140625,0.6787109375,-8.97216796875,17.51708984375,49.072265625,1742308823.118312
1742308823,138081291,-0.4541015625,0.02294921875,0.7138671875,-9.70458984375,18.24951171875,47.66845703125,1742308823.1380813
1742308823,158267989,-0.47265625,0.00341796875,0.7685546875,-8.85009765625,16.78466796875,44.73876953125,1742308823.158268
1742308823,178416030,-0.4873046875,-0.0078125,0.8447265625,-7.4462890625,12.5732421875,42.17529296875,1742308823.178416
1742308823,198785194,-0.47216796875,-0.0048828125,0.8955078125,-5.0048828125,7.6904296875,38.39111328125,1742308823.1987853
1742308823,218067976,-0.45654296875,0.01513671875,0.93017578125,-3.41796875,3.72314453125,33.8134765625,1742308823.218068
1742308823,238097231,-0.44921875,0.0361328125,0.95361328125,-2.74658203125,1.77001953125,28.86962890625,1742308823.2380972
1742308823,258422587,-0.4189453125,0.048828125,0.96435546875,-3.173828125,1.3427734375,24.658203125,1742308823.2584226
1742308823,278426082,-0.4013671875,0.06103515625,0.98046875,-4.638671875,1.220703125,19.59228515625,1742308823.2784262
1742308823,298197414,-0.43115234375,0.0751953125,0.9970703125,-8.056640625,1.8310546875,16.78466796875,1742308823.2981975
1742308823,318323535,-0.46484375,0.09423828125,1.033203125,-11.962890625,-1.89208984375,15.19775390625,1742308823.3183236
1742308823,338144340,-0.48388671875,0.1064453125,1.13232421875,-15.31982421875,-12.39013671875,13.5498046875,1742308823.3381443
1742308823,358142875,-0.46240234375,0.08544921875,1.24267578125,-17.63916015625,-27.4658203125,12.26806640625,1742308823.3581429
1742308823,378316293,-0.37060546875,0.06005859375,1.234375,-17.7001953125,-34.97314453125,10.43701171875,1742308823.3783164
1742308823,398080905,-0.267578125,0.0693359375,1.16455078125,-15.9912109375,-26.9775390625,9.6435546875,1742308823.3980808
1742308823,418305843,-0.18505859375,0.0986328125,1.1171875,-16.4794921875,-8.30078125,8.85009765625,1742308823.4183059
1742308823,438163288,-0.185546875,0.10205078125,1.10205078125,-17.76123046875,8.36181640625,7.32421875,1742308823.4381633
1742308823,458173855,-0.19091796875,0.08740234375,1.09619140625,-17.88330078125,21.91162109375,5.4931640625,1742308823.4581738
1742308823,478138598,-0.20849609375,0.08203125,1.04638671875,-17.9443359375,27.9541015625,3.72314453125,1742308823.4781387
1742308823,498156653,-0.25341796875,0.08544921875,0.97900390625,-19.6533203125,27.2216796875,1.953125,1742308823.4981565
1742308823,518146100,-0.2998046875,0.078125,0.90478515625,-22.3388671875,21.17919921875,-0.6103515625,1742308823.518146
1742308823,538133755,-0.349609375,0.05908203125,0.83984375,-23.98681640625,11.41357421875,-2.62451171875,1742308823.5381339
1742308823,558148387,-0.36669921875,0.0283203125,0.77783203125,-23.86474609375,1.89208984375,-3.5400390625,1742308823.5581484
1742308823,578132298,-0.37890625,0.01513671875,0.7197265625,-23.49853515625,-4.45556640625,-3.35693359375,1742308823.5781324
1742308823,598440085,-0.3837890625,0.00927734375,0.68408203125,-22.52197265625,-7.4462890625,-2.13623046875,1742308823.5984402
1742308823,618287898,-0.3984375,0.00390625,0.65625,-21.17919921875,-6.77490234375,-0.06103515625,1742308823.6182878
1742308823,638128863,-0.421875,-0.00146484375,0.63671875,-19.4091796875,-3.90625,2.62451171875,1742308823.6381288
1742308823,658444715,-0.42822265625,-0.0009765625,0.63037109375,-17.08984375,-1.40380859375,6.103515625,1742308823.6584446
1742308823,678290992,-0.41650390625,-0.00048828125,0.6494140625,-14.404296875,1.52587890625,9.1552734375,1742308823.678291
1742308823,698150965,-0.4375,0.00830078125,0.673828125,-12.3291015625,3.72314453125,11.962890625,1742308823.6981509
1742308823,718160444,-0.4560546875,0.0166015625,0.7041015625,-11.53564453125,3.0517578125,14.34326171875,1742308823.7181604
1742308823,738167972,-0.46630859375,0.029296875,0.73486328125,-12.26806640625,1.220703125,15.2587890625,1742308823.738168
1742308823,753632143,-0.4775390625,0.03125,0.78076171875,-13.00048828125,-2.8076171875,16.05224609375,1742308823.753632
1742308823,778711097,-0.47509765625,0.0234375,0.8349609375,-13.24462890625,-7.2021484375,16.6015625,1742308823.778711
1742308823,798169529,-0.48193359375,0.017578125,0.90087890625,-13.85498046875,-11.04736328125,18.00537109375,1742308823.7981696
1742308823,818249857,-0.46435546875,0.01416015625,0.94677734375,-15.2587890625,-14.0380859375,18.24951171875,1742308823.81825
1742308823,838182280,-0.427734375,-0.00830078125,0.990234375,-14.404296875,-15.07568359375,18.00537109375,1742308823.8381822
1742308823,858341137,-0.39697265625,-0.03076171875,1.033203125,-12.451171875,-11.29150390625,18.1884765625,1742308823.8583412
1742308823,878348344,-0.37939453125,-0.04296875,1.05859375,-10.7421875,-5.2490234375,17.76123046875,1742308823.8783484
1742308823,898176413,-0.396484375,-0.01953125,1.06640625,-12.26806640625,-1.708984375,18.00537109375,1742308823.8981764
1742308823,918193796,-0.4169921875,-0.03515625,1.13818359375,-15.07568359375,-5.859375,17.7001953125,1742308823.9181938
1742308823,938135083,-0.4228515625,-0.09326171875,1.24267578125,-16.6015625,-17.88330078125,17.27294921875,1742308823.9381351
1742308823,958175378,-0.37353515625,-0.14794921875,1.2822265625,-13.61083984375,-32.8369140625,16.66259765625,1742308823.9581754
1742308823,978219194,-0.3212890625,-0.1484375,1.166015625,-11.962890625,-40.283203125,15.5029296875,1742308823.9782193
1742308823,998125152,-0.34375,-0.14404296875,1.03515625,-13.97705078125,-37.29248046875,15.07568359375,1742308823.998125
1742308824,18153095,-0.3671875,-0.16162109375,0.93798828125,-17.27294921875,-27.9541015625,16.2353515625,1742308824.0181532
1742308824,38212429,-0.33984375,-0.185546875,0.9111328125,-19.1650390625,-17.39501953125,14.892578125,1742308824.0382125
1742308824,58415158,-0.3271484375,-0.2333984375,0.92333984375,-21.240234375,-11.1083984375,11.65771484375,1742308824.0584152
1742308824,78310170,-0.2861328125,-0.26171875,0.96533203125,-21.728515625,-9.09423828125,9.82666015625,1742308824.0783103
1742308824,98327296,-0.248046875,-0.267578125,1.0107421875,-20.263671875,-12.3291015625,9.27734375,1742308824.0983274
1742308824,118218373,-0.2294921875,-0.27587890625,1.0654296875,-16.90673828125,-19.47021484375,8.60595703125,1742308824.1182184
1742308824,138556527,-0.24169921875,-0.25048828125,1.0400390625,-11.1083984375,-27.03857421875,9.033203125,1742308824.1385565
1742308824,158324946,-0.244140625,-0.216796875,0.96337890625,-4.82177734375,-31.43310546875,10.3759765625,1742308824.158325
1742308824,178313463,-0.25048828125,-0.18994140625,0.90576171875,-0.8544921875,-28.74755859375,12.14599609375,1742308824.1783135
1742308824,198253276,-0.251953125,-0.14208984375,0.82568359375,3.173828125,-19.6533203125,14.2822265625,1742308824.1982534
1742308824,218382084,-0.26904296875,-0.103515625,0.74169921875,6.16455078125,-6.53076171875,17.2119140625,1742308824.2183821
1742308824,238146439,-0.2744140625,-0.0693359375,0.70703125,7.6904296875,9.09423828125,20.8740234375,1742308824.2381465
1742308824,258370959,-0.2919921875,-0.0595703125,0.68994140625,9.94873046875,22.94921875,24.169921875,1742308824.2583709
1742308824,278538647,-0.3212890625,-0.05078125,0.68896484375,12.5732421875,34.97314453125,25.5126953125,1742308824.2785387
1742308824,293298777,-0.35107421875,-0.04248046875,0.6943359375,13.73291015625,41.93115234375,25.7568359375,1742308824.2932987
1742308824,313308031,-0.37841796875,-0.037109375,0.697265625,14.58740234375,43.45703125,23.86474609375,1742308824.313308
1742308824,338201444,-0.3818359375,-0.02490234375,0.70068359375,14.7705078125,40.8935546875,19.1650390625,1742308824.3382015
1742308824,358959028,-0.40771484375,-0.0244140625,0.72265625,13.36669921875,34.7900390625,11.71875,1742308824.358959
1742308824,378529428,-0.44677734375,-0.0283203125,0.74658203125,11.65771484375,27.099609375,4.638671875,1742308824.3785293
1742308824,398377112,-0.45263671875,-0.03173828125,0.7744140625,9.09423828125,16.357421875,-2.8076171875,1742308824.3983772
1742308824,418180059,-0.435546875,-0.0244140625,0.806640625,5.18798828125,3.72314453125,-10.19287109375,1742308824.41818
1742308824,438155969,-0.423828125,-0.0390625,0.86962890625,0.67138671875,-9.033203125,-16.78466796875,1742308824.438156
1742308824,458152871,-0.4677734375,-0.04931640625,0.91943359375,-3.47900390625,-21.6064453125,-21.6064453125,1742308824.4581528
1742308824,478108492,-0.4931640625,-0.07568359375,1.0146484375,-5.43212890625,-33.3251953125,-22.76611328125,1742308824.4781084
1742308824,498103314,-0.48046875,-0.0908203125,1.10693359375,-3.96728515625,-41.68701171875,-21.8505859375,1742308824.4981034
1742308824,518228217,-0.462890625,-0.08056640625,1.17724609375,-0.30517578125,-48.2177734375,-18.6767578125,1742308824.5182283
1742308824,538239519,-0.42041015625,-0.06201171875,1.234375,2.74658203125,-54.38232421875,-14.16015625,1742308824.5382395
1742308824,558159012,-0.36181640625,-0.06005859375,1.3154296875,3.173828125,-59.14306640625,-10.8642578125,1742308824.558159
1742308824,578212170,-0.2646484375,-0.05859375,1.35009765625,5.7373046875,-59.99755859375,-7.32421875,1742308824.5782123
1742308824,598227856,-0.13134765625,-0.04443359375,1.29296875,10.19287109375,-49.86572265625,-5.31005859375,1742308824.5982277
1742308824,618096725,-0.00732421875,-0.00830078125,1.26513671875,9.8876953125,-29.72412109375,-5.0048828125,1742308824.6180968
1742308824,638180924,0.04150390625,0.0009765625,1.2392578125,6.8359375,-9.033203125,-6.53076171875,1742308824.638181
1742308824,658599015,0.0322265625,-0.01611328125,1.21435546875,3.7841796875,8.30078125,-8.85009765625,1742308824.658599
1742308824,678535660,-0.009765625,-0.01904296875,1.14404296875,0.8544921875,19.95849609375,-12.26806640625,1742308824.6785357
1742308824,698423856,-0.05029296875,-0.001953125,1.0322265625,-4.57763671875,25.146484375,-15.7470703125,1742308824.6984239
1742308824,718179795,-0.123046875,-0.0087890625,0.921875,-9.8876953125,25.57373046875,-19.22607421875,1742308824.7181797
1742308824,738163288,-0.19287109375,-0.01318359375,0.82373046875,-13.916015625,24.23095703125,-20.32470703125,1742308824.7381632
1742308824,758183839,-0.2568359375,-0.02197265625,0.72607421875,-15.5029296875,22.94921875,-20.93505859375,1742308824.758184
1742308824,778444424,-0.310546875,-0.0419921875,0.6669921875,-15.31982421875,21.78955078125,-20.08056640625,1742308824.7784445
1742308824,798193962,-0.357421875,-0.05126953125,0.640625,-14.34326171875,20.69091796875,-18.5546875,1742308824.798194
1742308824,818273521,-0.38232421875,-0.0537109375,0.6103515625,-12.02392578125,19.22607421875,-15.93017578125,1742308824.8182735
1742308824,838242391,-0.4169921875,-0.04638671875,0.6201171875,-9.33837890625,16.54052734375,-12.451171875,1742308824.8382423
1742308824,858491264,-0.421875,-0.044921875,0.65380859375,-7.9345703125,15.380859375,-6.28662109375,1742308824.8584912
1742308824,878156097,-0.3798828125,-0.05224609375,0.7216796875,-3.96728515625,17.2119140625,-3.41796875,1742308824.8781562
1742308824,898171975,-0.42138671875,-0.03515625,0.7822265625,-0.48828125,18.06640625,-1.52587890625,1742308824.898172
1742308824,918155821,-0.431640625,-0.00927734375,0.83251953125,1.5869140625,19.04296875,0.79345703125,1742308824.918156
1742308824,938184083,-0.44921875,-0.017578125,0.8837890625,3.35693359375,21.30126953125,4.0283203125,1742308824.938184
1742308824,958221113,-0.44287109375,-0.01953125,0.9150390625,4.39453125,22.03369140625,7.75146484375,1742308824.9582212
1742308824,978235647,-0.42041015625,-0.0107421875,0.931640625,2.5634765625,22.5830078125,10.1318359375,1742308824.9782357
1742308824,998179492,-0.43310546875,-0.01025390625,0.96435546875,-3.0517578125,23.62060546875,10.92529296875,1742308824.9981794
1742308825,18148681,-0.4287109375,-0.005859375,0.98681640625,-6.8359375,27.52685546875,11.16943359375,1742308825.0181487
1742308825,38200686,-0.38134765625,-0.00439453125,1.01025390625,-7.32421875,35.09521484375,11.474609375,1742308825.0382006
1742308825,58281524,-0.3984375,-0.01708984375,0.99267578125,-6.65283203125,41.07666015625,10.986328125,1742308825.0582814
1742308825,78300824,-0.4453125,-0.06005859375,0.97998046875,-6.8359375,42.724609375,11.474609375,1742308825.0783007
1742308825,98279677,-0.46435546875,-0.08837890625,0.97314453125,-7.87353515625,39.794921875,12.0849609375,1742308825.0982797
1742308825,118114559,-0.48095703125,-0.115234375,0.99609375,-9.521484375,28.80859375,11.16943359375,1742308825.1181145
1742308825,138378567,-0.4794921875,-0.14111328125,1.04150390625,-10.92529296875,10.498046875,8.4228515625,1742308825.1383786
1742308825,158249130,-0.42138671875,-0.15185546875,1.119140625,-13.3056640625,-12.87841796875,4.69970703125,1742308825.1582491
1742308825,178285679,-0.33203125,-0.19482421875,1.236328125,-15.68603515625,-35.21728515625,-0.3662109375,1742308825.1782856
1742308825,198227026,-0.23828125,-0.24462890625,1.24609375,-14.2822265625,-49.6826171875,-6.591796875,1742308825.198227
1742308825,218049845,-0.2001953125,-0.2509765625,1.15869140625,-11.1083984375,-48.64501953125,-9.46044921875,1742308825.2180498
1742308825,238113178,-0.15283203125,-0.232421875,1.06201171875,-8.48388671875,-36.7431640625,-8.97216796875,1742308825.2381132
1742308825,258379778,-0.09814453125,-0.2255859375,1.005859375,-6.2255859375,-19.53125,-7.568359375,1742308825.2583797
1742308825,278241061,-0.115234375,-0.23876953125,0.99853515625,-2.62451171875,-4.21142578125,-5.79833984375,1742308825.2782412
1742308825,298384267,-0.15625,-0.21435546875,0.98291015625,0.91552734375,3.60107421875,-4.33349609375,1742308825.2983842
1742308825,318162413,-0.2275390625,-0.18798828125,0.93212890625,5.79833984375,6.89697265625,-2.86865234375,1742308825.3181624
1742308825,338402740,-0.31005859375,-0.158203125,0.84619140625,11.23046875,5.06591796875,-1.3427734375,1742308825.3384027
1742308825,358355448,-0.396484375,-0.1357421875,0.7587890625,15.93017578125,1.52587890625,1.52587890625,1742308825.3583555
1742308825,378446814,-0.4345703125,-0.0966796875,0.681640625,19.04296875,-2.38037109375,6.16455078125,1742308825.3784468
1742308825,398213728,-0.45849609375,-0.0576171875,0.6328125,20.751953125,-5.0048828125,10.8642578125,1742308825.3982136
1742308825,418126339,-0.47216796875,-0.0478515625,0.60693359375,21.66748046875,-4.57763671875,15.380859375,1742308825.4181263
1742308825,438208521,-0.4873046875,-0.04443359375,0.60107421875,22.39990234375,-1.5869140625,19.59228515625,1742308825.4382086
1742308825,458300014,-0.4716796875,-0.03515625,0.6162109375,22.15576171875,2.197265625,23.193359375,1742308825.4583
1742308825,478306483,-0.4638671875,-0.041015625,0.66943359375,21.3623046875,6.28662109375,24.71923828125,1742308825.4783065
1742308825,498212566,-0.47412109375,-0.046875,0.73046875,19.287109375,9.521484375,25.93994140625,1742308825.4982126
1742308825,518223323,-0.486328125,-0.0576171875,0.7919921875,18.85986328125,7.99560546875,25.5126953125,1742308825.5182233
1742308825,538864232,-0.48974609375,-0.0654296875,0.83935546875,19.287109375,5.79833984375,24.169921875,1742308825.5388641
1742308825,558479207,-0.50048828125,-0.080078125,0.865234375,20.69091796875,2.13623046875,22.3388671875,1742308825.5584793
1742308825,578232329,-0.48388671875,-0.06884765625,0.904296875,22.0947265625,-0.1220703125,19.287109375,1742308825.5782323
1742308825,598226029,-0.46142578125,-0.046875,0.9267578125,22.27783203125,-1.03759765625,15.5029296875,1742308825.598226
1742308825,618234482,-0.4423828125,-0.029296875,0.9453125,21.8505859375,-1.89208984375,11.8408203125,1742308825.6182344
1742308825,638395928,-0.388671875,0.001953125,0.9638671875,20.56884765625,-2.01416015625,7.38525390625,1742308825.638396
1742308825,658338236,-0.31494140625,0.0224609375,0.9765625,17.822265625,-0.1220703125,1.89208984375,1742308825.6583383
1742308825,678116766,-0.33740234375,0.037109375,0.9912109375,13.427734375,2.25830078125,-3.2958984375,1742308825.6781168
1742308825,698205987,-0.38916015625,0.0478515625,0.98046875,9.21630859375,2.99072265625,-7.080078125,1742308825.698206
1742308825,718271721,-0.43017578125,0.07373046875,0.96630859375,3.662109375,-0.48828125,-11.1083984375,1742308825.7182717
1742308825,738232557,-0.46044921875,0.07275390625,1.009765625,-2.13623046875,-9.70458984375,-14.58740234375,1742308825.7382326
1742308825,758641783,-0.43896484375,0.0361328125,1.13818359375,-6.28662109375,-23.681640625,-18.1884765625,1742308825.7586417
1742308825,778325463,-0.32861328125,-0.0068359375,1.22119140625,-6.4697265625,-35.64453125,-23.3154296875,1742308825.7783256
1742308825,798340732,-0.25927734375,0.00146484375,1.19140625,-5.06591796875,-37.4755859375,-25.32958984375,1742308825.7983408
1742308825,818208030,-0.19775390625,0.0244140625,1.1357421875,-5.4931640625,-28.4423828125,-24.23095703125,1742308825.818208
1742308825,833417445,-0.1513671875,0.0283203125,1.125,-7.01904296875,-15.07568359375,-23.25439453125,1742308825.8334174
1742308825,858500651,-0.15087890625,0.00537109375,1.1328125,-9.94873046875,-0.67138671875,-21.78955078125,1742308825.8585007
1742308825,878107211,-0.142578125,-0.02685546875,1.14453125,-10.19287109375,9.33837890625,-19.34814453125,1742308825.8781073
1742308825,898184400,-0.169921875,-0.0361328125,1.08154296875,-8.97216796875,15.80810546875,-17.63916015625,1742308825.8981843
1742308825,918172981,-0.2197265625,-0.03076171875,0.98974609375,-8.056640625,18.00537109375,-15.9912109375,1742308825.918173
1742308825,938197689,-0.2568359375,-0.037109375,0.88525390625,-7.99560546875,18.1884765625,-14.5263671875,1742308825.9381976
1742308825,958223518,-0.29931640625,-0.0419921875,0.791015625,-8.60595703125,18.12744140625,-12.87841796875,1742308825.9582236
1742308825,978196707,-0.37060546875,-0.05029296875,0.71240234375,-8.97216796875,17.88330078125,-10.3759765625,1742308825.9781966
1742308825,998185383,-0.4296875,-0.0537109375,0.6552734375,-8.11767578125,17.39501953125,-7.50732421875,1742308825.9981854
1742308826,18004904,-0.46337890625,-0.05419921875,0.6044921875,-6.53076171875,15.19775390625,-5.9814453125,1742308826.018005
1742308826,38381040,-0.49951171875,-0.04296875,0.59228515625,-5.859375,12.14599609375,-4.5166015625,1742308826.038381
1742308826,58285042,-0.5322265625,-0.02099609375,0.5859375,-6.4697265625,7.87353515625,-2.197265625,1742308826.058285
1742308826,78176980,-0.517578125,-0.0087890625,0.62890625,-7.75146484375,3.90625,1.03759765625,1742308826.078177
1742308826,98227096,-0.50732421875,-0.0166015625,0.693359375,-7.32421875,1.64794921875,3.35693359375,1742308826.098227
1742308826,118409374,-0.48876953125,-0.03076171875,0.7421875,-7.2021484375,1.15966796875,5.92041015625,1742308826.1184094
1742308826,138400321,-0.494140625,-0.03173828125,0.806640625,-7.75146484375,1.77001953125,9.21630859375,1742308826.1384003
1742308826,158454309,-0.47119140625,-0.04345703125,0.8779296875,-7.50732421875,3.173828125,12.87841796875,1742308826.1584544
1742308826,178311622,-0.4404296875,-0.06005859375,0.9267578125,-6.40869140625,6.8359375,15.80810546875,1742308826.1783116
1742308826,198252617,-0.40771484375,-0.07275390625,0.96533203125,-5.67626953125,11.90185546875,18.12744140625,1742308826.1982527
1742308826,218377582,-0.38427734375,-0.0859375,0.98779296875,-4.150390625,16.11328125,20.263671875,1742308826.2183776
1742308826,238593140,-0.36572265625,-0.099609375,1.00830078125,-2.9296875,19.287109375,22.216796875,1742308826.238593
1742308826,258501366,-0.36083984375,-0.09326171875,1.00732421875,-2.38037109375,19.04296875,22.216796875,1742308826.2585013
1742308826,278254358,-0.37451171875,-0.09375,1.0234375,-2.5634765625,14.83154296875,22.03369140625,1742308826.2782543
1742308826,298232985,-0.40625,-0.0615234375,1.0439453125,-3.72314453125,1.46484375,20.1416015625,1742308826.298233
1742308826,318107002,-0.4248046875,-0.03125,1.09619140625,-7.6904296875,-20.81298828125,15.93017578125,1742308826.318107
1742308826,338357825,-0.3857421875,-0.07373046875,1.13232421875,-12.75634765625,-46.56982421875,11.5966796875,1742308826.338358
1742308826,358281731,-0.30029296875,-0.1318359375,1.14990234375,-15.9912109375,-63.96484375,8.36181640625,1742308826.3582816
1742308826,378301319,-0.22705078125,-0.1630859375,1.11083984375,-15.380859375,-67.56591796875,6.28662109375,1742308826.3783014
1742308826,393289929,-0.216796875,-0.17626953125,1.0654296875,-14.16015625,-60.85205078125,6.04248046875,1742308826.39329
1742308826,418418959,-0.1875,-0.20703125,1.05322265625,-12.6953125,-45.71533203125,7.87353515625,1742308826.418419
1742308826,438283920,-0.17236328125,-0.24609375,1.05859375,-9.033203125,-28.86962890625,11.16943359375,1742308826.438284
1742308826,458335892,-0.15625,-0.26416015625,1.06396484375,-3.662109375,-14.22119140625,15.9912109375,1742308826.4583359
1742308826,478188790,-0.1650390625,-0.2529296875,1.044921875,1.64794921875,-4.69970703125,20.81298828125,1742308826.4781888
1742308826,498188249,-0.19140625,-0.22509765625,0.99560546875,6.16455078125,0.6103515625,23.98681640625,1742308826.4981883
1742308826,518132603,-0.25927734375,-0.19287109375,0.91259765625,9.82666015625,3.11279296875,26.42822265625,1742308826.5181327
1742308826,538202240,-0.31201171875,-0.15673828125,0.8388671875,13.24462890625,3.60107421875,28.13720703125,1742308826.5382023
1742308826,558144802,-0.333984375,-0.12646484375,0.7900390625,15.7470703125,3.41796875,28.99169921875,1742308826.5581448
1742308826,578102341,-0.3623046875,-0.09765625,0.7451171875,17.02880859375,3.173828125,29.4189453125,1742308826.5781024
1742308826,598211274,-0.37109375,-0.072265625,0.69384765625,18.00537109375,3.96728515625,30.029296875,1742308826.5982113
1742308826,618402159,-0.3896484375,-0.04248046875,0.6728515625,18.6767578125,5.4931640625,30.517578125,1742308826.6184022
1742308826,638204112,-0.40869140625,-0.02734375,0.6533203125,17.4560546875,5.55419921875,30.57861328125,1742308826.638204
1742308826,658640313,-0.4169921875,-0.02685546875,0.69580078125,15.93017578125,7.080078125,30.82275390625,1742308826.6586404
1742308826,678175382,-0.3935546875,-0.0234375,0.73876953125,16.78466796875,7.2021484375,30.1513671875,1742308826.6781754
1742308826,698195354,-0.3876953125,-0.0205078125,0.7802734375,17.51708984375,6.591796875,28.38134765625,1742308826.6981955
1742308826,718198845,-0.41162109375,-0.015625,0.8232421875,18.49365234375,3.662109375,26.0009765625,1742308826.7181988
1742308826,738377219,-0.4140625,-0.01025390625,0.861328125,20.08056640625,1.28173828125,23.3154296875,1742308826.7383773
1742308826,758258948,-0.41357421875,-0.00732421875,0.89794921875,21.1181640625,-0.48828125,19.34814453125,1742308826.758259
1742308826,778152358,-0.40087890625,-0.00732421875,0.94140625,20.93505859375,-1.89208984375,13.85498046875,1742308826.7781525
1742308826,798234634,-0.37255859375,-0.00341796875,0.97021484375,21.240234375,-1.89208984375,7.87353515625,1742308826.7982347
1742308826,818215469,-0.34228515625,0.0166015625,0.99951171875,21.484375,-0.244140625,1.708984375,1742308826.8182154
1742308826,838402323,-0.32666015625,0.0224609375,1.0341796875,20.99609375,1.5869140625,-2.99072265625,1742308826.8384023
1742308826,858235604,-0.34619140625,0.03076171875,1.04931640625,19.59228515625,3.23486328125,-6.65283203125,1742308826.8582356
1742308826,878235448,-0.373046875,0.06298828125,1.05419921875,17.333984375,4.33349609375,-9.6435546875,1742308826.8782353
1742308826,898399069,-0.37158203125,0.09375,1.07470703125,12.02392578125,1.46484375,-10.68115234375,1742308826.898399
1742308826,918261534,-0.36572265625,0.10546875,1.13330078125,4.08935546875,-7.75146484375,-12.39013671875,1742308826.9182615
1742308826,938553701,-0.31298828125,0.06201171875,1.208984375,-3.35693359375,-20.5078125,-13.671875,1742308826.9385538
1742308826,958270245,-0.291015625,0.0087890625,1.22119140625,-4.94384765625,-27.28271484375,-12.5732421875,1742308826.9582703
1742308826,978223400,-0.24169921875,0.00439453125,1.181640625,-4.57763671875,-26.06201171875,-8.9111328125,1742308826.9782233
1742308826,998067209,-0.19140625,0.00830078125,1.1416015625,-4.5166015625,-20.1416015625,-5.18798828125,1742308826.9980671
1742308827,18135724,-0.12890625,0.01416015625,1.12744140625,-5.4931640625,-11.1083984375,-3.11279296875,1742308827.0181358
1742308827,38420914,-0.109375,-0.00048828125,1.1064453125,-6.65283203125,-1.64794921875,-1.52587890625,1742308827.038421
1742308827,58367475,-0.1259765625,-0.009765625,1.05908203125,-9.09423828125,7.080078125,0.91552734375,1742308827.0583675
1742308827,78356821,-0.16015625,-0.01806640625,1.00244140625,-11.474609375,13.916015625,2.99072265625,1742308827.0783567
1742308827,98185749,-0.208984375,-0.02197265625,0.93603515625,-14.16015625,18.310546875,4.2724609375,1742308827.0981858
1742308827,118168311,-0.2685546875,-0.0322265625,0.8564453125,-15.2587890625,21.42333984375,5.79833984375,1742308827.1181684
1742308827,138178617,-0.314453125,-0.04248046875,0.79052734375,-15.625,23.49853515625,8.60595703125,1742308827.1381786
1742308827,158238556,-0.35791015625,-0.05078125,0.7314453125,-14.7705078125,25.57373046875,12.0849609375,1742308827.1582386
1742308827,178211486,-0.38720703125,-0.05078125,0.697265625,-13.00048828125,27.9541015625,15.31982421875,1742308827.1782115
1742308827,198184063,-0.41943359375,-0.04931640625,0.67529296875,-10.498046875,28.4423828125,18.00537109375,1742308827.198184
1742308827,218406660,-0.4462890625,-0.041015625,0.65625,-8.056640625,27.2216796875,19.53125,1742308827.2184067
1742308827,238443655,-0.466796875,-0.02392578125,0.66162109375,-6.2255859375,24.10888671875,21.05712890625,1742308827.2384436
1742308827,258241446,-0.4609375,-0.0166015625,0.70654296875,-4.8828125,20.263671875,22.76611328125,1742308827.2582414
1742308827,278183527,-0.47265625,0.01025390625,0.74267578125,-5.37109375,15.19775390625,24.0478515625,1742308827.2781835
1742308827,298189161,-0.49658203125,0.00390625,0.78173828125,-5.92041015625,7.8125,25.634765625,1742308827.2981892
1742308827,318355566,-0.5029296875,0.00634765625,0.81396484375,-5.859375,0.48828125,28.13720703125,1742308827.3183556
1742308827,338325167,-0.4873046875,0.01904296875,0.80419921875,-7.4462890625,-5.06591796875,30.70068359375,1742308827.3383253
1742308827,358161583,-0.46923828125,0.02001953125,0.828125,-8.72802734375,-10.25390625,33.26416015625,1742308827.3581617
1742308827,378197778,-0.49072265625,0.00341796875,0.89111328125,-9.58251953125,-16.9677734375,38.4521484375,1742308827.3781977
1742308827,398527032,-0.42724609375,-0.01220703125,0.91796875,-8.85009765625,-21.3623046875,43.51806640625,1742308827.3985271
1742308827,418209814,-0.3662109375,-0.02001953125,0.9619140625,-6.89697265625,-21.3623046875,46.81396484375,1742308827.4182098
1742308827,433297017,-0.318359375,-0.02197265625,0.98193359375,-7.01904296875,-18.49365234375,48.64501953125,1742308827.433297
1742308827,458662528,-0.31884765625,-0.0419921875,1.01025390625,-8.1787109375,-12.39013671875,50.4150390625,1742308827.4586625
1742308827,478318622,-0.32373046875,-0.03662109375,1.00927734375,-11.8408203125,-5.06591796875,52.8564453125,1742308827.4783187
1742308827,498290047,-0.3134765625,-0.02783203125,1.0498046875,-16.7236328125,-2.01416015625,54.62646484375,1742308827.49829
1742308827,518239905,-0.2890625,-0.052734375,1.11767578125,-22.15576171875,-3.35693359375,55.96923828125,1742308827.51824
1742308827,538348420,-0.2451171875,-0.1162109375,1.232421875,-22.705078125,-8.4228515625,55.6640625,1742308827.5383484
1742308827,558447015,-0.1845703125,-0.14794921875,1.259765625,-20.5078125,-13.7939453125,53.466796875,1742308827.5584471
1742308827,578392329,-0.18798828125,-0.15625,1.20458984375,-18.98193359375,-18.61572265625,51.26953125,1742308827.5783923
1742308827,598205672,-0.18994140625,-0.158203125,1.125,-18.6767578125,-19.8974609375,50.537109375,1742308827.5982056
1742308827,618256619,-0.18896484375,-0.1640625,1.06787109375,-17.76123046875,-17.9443359375,49.8046875,1742308827.6182566
1742308827,638550929,-0.19970703125,-0.16552734375,1.03173828125,-18.4326171875,-16.05224609375,50.35400390625,1742308827.638551
1742308827,658398705,-0.19140625,-0.162109375,1.0234375,-18.310546875,-14.83154296875,51.1474609375,1742308827.6583986
1742308827,678572117,-0.23681640625,-0.1474609375,0.98291015625,-16.845703125,-15.13671875,52.3681640625,1742308827.6785722
1742308827,698235379,-0.26171875,-0.1103515625,0.93017578125,-14.5263671875,-15.44189453125,54.0771484375,1742308827.6982353
1742308827,718241397,-0.28857421875,-0.083984375,0.84423828125,-11.04736328125,-13.427734375,56.21337890625,1742308827.7182415
1742308827,738435194,-0.33544921875,-0.0634765625,0.77294921875,-9.09423828125,-9.1552734375,59.02099609375,1742308827.7384353
1742308827,758411291,-0.3798828125,-0.05859375,0.74365234375,-6.591796875,-5.7373046875,61.58447265625,1742308827.7584114
1742308827,778229371,-0.4150390625,-0.056640625,0.74951171875,-4.08935546875,-1.89208984375,64.75830078125,1742308827.7782295
1742308827,798190685,-0.40771484375,-0.037109375,0.71484375,-0.54931640625,1.8310546875,67.87109375,1742308827.7981906
1742308827,819343406,-0.3662109375,-0.0361328125,0.7255859375,1.64794921875,6.4697265625,69.27490234375,1742308827.8193433
1742308827,838266594,-0.3154296875,-0.0322265625,0.76025390625,3.41796875,11.23046875,68.603515625,1742308827.8382666
1742308827,858066305,-0.3046875,-0.03662109375,0.814453125,3.84521484375,15.625,66.22314453125,1742308827.8580663
1742308827,878211589,-0.31591796875,-0.025390625,0.8564453125,3.11279296875,18.4326171875,63.41552734375,1742308827.8782115
1742308827,898215815,-0.28759765625,-0.0244140625,0.90771484375,3.7841796875,21.1181640625,59.75341796875,1742308827.8982158
1742308827,918231625,-0.2734375,-0.0234375,0.9365234375,6.65283203125,23.8037109375,54.931640625,1742308827.9182317
1742308827,938237324,-0.29296875,-0.01123046875,0.9375,8.9111328125,26.06201171875,50.23193359375,1742308827.9382374
1742308827,958050123,-0.30517578125,0.0126953125,0.93994140625,9.1552734375,26.06201171875,44.25048828125,1742308827.95805
1742308827,978225328,-0.33154296875,0.04296875,0.916015625,8.23974609375,24.84130859375,38.0859375,1742308827.9782252
1742308827,998148081,-0.326171875,0.07763671875,0.91064453125,5.43212890625,22.03369140625,32.53173828125,1742308827.998148
1742308828,18207506,-0.34716796875,0.1064453125,0.92333984375,1.46484375,16.357421875,27.2216796875,1742308828.0182076
1742308828,38199187,-0.38427734375,0.10595703125,0.95654296875,-2.13623046875,7.87353515625,23.193359375,1742308828.0381992
1742308828,58247893,-0.40966796875,0.12158203125,0.986328125,-5.18798828125,-1.0986328125,20.751953125,1742308828.0582478
1742308828,78105524,-0.4013671875,0.1416015625,1.03955078125,-10.3759765625,-11.71875,18.85986328125,1742308828.0781054
1742308828,98161557,-0.39111328125,0.140625,1.15966796875,-17.15087890625,-23.86474609375,18.24951171875,1742308828.0981615
1742308828,118366297,-0.384765625,0.1181640625,1.2802734375,-20.20263671875,-36.376953125,18.85986328125,1742308828.1183662
1742308828,138521564,-0.333984375,0.1083984375,1.3037109375,-17.15087890625,-40.52734375,23.5595703125,1742308828.1385217
1742308828,153406587,-0.20751953125,0.10595703125,1.29736328125,-13.73291015625,-33.0810546875,26.91650390625,1742308828.1534066
1742308828,178210073,-0.09375,0.12255859375,1.26416015625,-13.97705078125,-19.10400390625,28.80859375,1742308828.17821
1742308828,198226874,-0.025390625,0.09765625,1.23974609375,-14.404296875,-2.8076171875,29.72412109375,1742308828.198227
1742308828,218634593,-0.02880859375,0.07470703125,1.1611328125,-14.83154296875,10.8642578125,28.4423828125,1742308828.2186346
1742308828,238460159,-0.0830078125,0.06005859375,1.091796875,-16.29638671875,18.1884765625,26.67236328125,1742308828.23846
1742308828,258203069,-0.13818359375,0.05078125,0.9794921875,-19.1650390625,20.56884765625,23.98681640625,1742308828.258203
1742308828,278223358,-0.18505859375,0.0390625,0.88427734375,-22.27783203125,20.44677734375,20.99609375,1742308828.2782233
1742308828,298265919,-0.23095703125,0.03564453125,0.78515625,-24.84130859375,19.8974609375,18.6767578125,1742308828.298266
1742308828,318713606,-0.27978515625,0.0263671875,0.71484375,-26.55029296875,19.10400390625,17.63916015625,1742308828.3187137
1742308828,338275425,-0.31689453125,0.025390625,0.67333984375,-27.28271484375,18.24951171875,16.9677734375,1742308828.3382754
1742308828,358210337,-0.349609375,0.0302734375,0.6435546875,-27.40478515625,17.333984375,17.39501953125,1742308828.3582103
1742308828,378172962,-0.38818359375,0.0234375,0.62939453125,-27.03857421875,16.6015625,17.4560546875,1742308828.3781729
1742308828,398246371,-0.3779296875,0.02099609375,0.62646484375,-27.099609375,16.54052734375,18.37158203125,1742308828.3982463
1742308828,418371078,-0.37109375,0.0224609375,0.6396484375,-25.87890625,16.7236328125,19.47021484375,1742308828.418371
1742308828,438345894,-0.37255859375,0.025390625,0.67724609375,-24.7802734375,17.39501953125,21.1181640625,1742308828.438346
1742308828,458201637,-0.37646484375,0.03515625,0.72314453125,-23.5595703125,17.51708984375,22.27783203125,1742308828.4582016
1742308828,478192774,-0.40966796875,0.0380859375,0.787109375,-22.88818359375,17.15087890625,23.62060546875,1742308828.4781928
1742308828,498175367,-0.43896484375,0.03857421875,0.8154296875,-22.8271484375,13.36669921875,25.93994140625,1742308828.4981754
1742308828,518269001,-0.42041015625,0.0361328125,0.87109375,-22.216796875,9.21630859375,28.38134765625,1742308828.518269
1742308828,538326826,-0.42724609375,0.01708984375,0.90380859375,-21.17919921875,4.638671875,31.005859375,1742308828.5383267
1742308828,558195850,-0.4296875,0.01513671875,0.9365234375,-20.32470703125,1.03759765625,33.02001953125,1742308828.5581958
1742308828,578272459,-0.42626953125,0.0,0.97119140625,-17.9443359375,-1.3427734375,32.958984375,1742308828.5782723
1742308828,598206956,-0.41162109375,-0.00634765625,0.9970703125,-14.95361328125,-2.38037109375,32.8369140625,1742308828.598207
1742308828,618290733,-0.38623046875,-0.0126953125,1.02490234375,-11.962890625,-3.11279296875,31.06689453125,1742308828.6182907
1742308828,638613650,-0.39501953125,-0.021484375,1.04345703125,-8.85009765625,-3.47900390625,28.86962890625,1742308828.6386137
1742308828,658219790,-0.41650390625,0.0029296875,1.0205078125,-8.23974609375,-2.9296875,29.23583984375,1742308828.6582198
1742308828,678218383,-0.39501953125,0.0302734375,1.03125,-12.20703125,-4.8828125,29.60205078125,1742308828.6782184
1742308828,698355346,-0.39892578125,0.0146484375,1.10888671875,-18.310546875,-10.80322265625,28.25927734375,1742308828.6983554
1742308828,718149552,-0.37255859375,-0.0458984375,1.20556640625,-22.03369140625,-20.08056640625,26.42822265625,1742308828.7181497
1742308828,738178449,-0.298828125,-0.10986328125,1.2666015625,-19.775390625,-25.69580078125,23.8037109375,1742308828.7381785
1742308828,758143666,-0.22021484375,-0.1513671875,1.23388671875,-14.6484375,-24.71923828125,20.8740234375,1742308828.7581437
1742308828,778275636,-0.24072265625,-0.15234375,1.14697265625,-10.7421875,-17.9443359375,20.08056640625,1742308828.7782757
1742308828,798199380,-0.24267578125,-0.15478515625,1.07861328125,-8.30078125,-9.8876953125,22.76611328125,1742308828.7981994
1742308828,818186101,-0.21337890625,-0.16748046875,1.046875,-6.40869140625,-0.244140625,26.4892578125,1742308828.818186
1742308828,838207958,-0.236328125,-0.16796875,1.02099609375,-3.23486328125,7.50732421875,30.70068359375,1742308828.838208
1742308828,858190263,-0.2626953125,-0.16650390625,0.982421875,0.48828125,10.92529296875,34.0576171875,1742308828.8581903
1742308828,878105046,-0.29150390625,-0.14697265625,0.9326171875,3.72314453125,10.986328125,35.58349609375,1742308828.8781052
1742308828,898249881,-0.3095703125,-0.11962890625,0.86865234375,7.080078125,9.21630859375,36.31591796875,1742308828.8982499
1742308828,918300891,-0.3330078125,-0.0869140625,0.78955078125,9.09423828125,6.53076171875,36.31591796875,1742308828.9183009
1742308828,938254971,-0.341796875,-0.07177734375,0.744140625,9.8876953125,5.06591796875,36.19384765625,1742308828.938255
1742308828,958212443,-0.35009765625,-0.046875,0.708984375,8.85009765625,3.90625,35.5224609375,1742308828.9582124
1742308828,978214332,-0.3798828125,-0.025390625,0.6591796875,7.9345703125,3.7841796875,34.5458984375,1742308828.9782143
1742308828,998193373,-0.38818359375,-0.009765625,0.6435546875,6.65283203125,5.18798828125,33.447265625,1742308828.9981933
1742308829,18362463,-0.38330078125,-0.01171875,0.65869140625,5.43212890625,6.8359375,32.28759765625,1742308829.0183625
1742308829,38340926,-0.39599609375,-0.00537109375,0.67431640625,4.5166015625,9.21630859375,30.09033203125,1742308829.0383408
1742308829,58221916,-0.423828125,-0.0068359375,0.7001953125,3.173828125,10.55908203125,27.40478515625,1742308829.0582218
1742308829,78228092,-0.4453125,-0.0068359375,0.74462890625,1.28173828125,9.27734375,24.90234375,1742308829.078228
1742308829,98205052,-0.4345703125,-0.00390625,0.80078125,0.1220703125,6.89697265625,21.8505859375,1742308829.098205
1742308829,118217788,-0.43212890625,0.00537109375,0.84765625,0.3662109375,5.2490234375,18.00537109375,1742308829.1182177
1742308829,138281052,-0.44677734375,0.01318359375,0.87646484375,0.244140625,3.41796875,14.09912109375,1742308829.138281
1742308829,158298780,-0.43017578125,0.021484375,0.91015625,-0.1220703125,2.3193359375,10.07080078125,1742308829.1582987
1742308829,178149082,-0.42919921875,0.0341796875,0.9208984375,-0.8544921875,1.46484375,5.7373046875,1742308829.178149
1742308829,198228091,-0.40185546875,0.0478515625,0.94384765625,-2.38037109375,1.03759765625,1.15966796875,1742308829.1982281
1742308829,218260379,-0.40185546875,0.052734375,0.966796875,-5.0048828125,0.6103515625,-2.50244140625,1742308829.2182603
1742308829,238230458,-0.42724609375,0.06298828125,0.9892578125,-6.2255859375,-3.2958984375,-4.45556640625,1742308829.2382305
1742308829,258217402,-0.4443359375,0.06396484375,1.02392578125,-6.4697265625,-8.4228515625,-5.43212890625,1742308829.2582173
1742308829,278225657,-0.44580078125,0.06640625,1.072265625,-8.11767578125,-14.7705078125,-6.34765625,1742308829.2782257
1742308829,298212473,-0.39697265625,0.05908203125,1.18896484375,-10.68115234375,-26.06201171875,-7.26318359375,1742308829.2982125
1742308829,318293754,-0.32421875,0.015625,1.28369140625,-11.90185546875,-38.14697265625,-7.99560546875,1742308829.3182938
1742308829,338331994,-0.2451171875,0.00341796875,1.2734375,-9.82666015625,-41.8701171875,-8.11767578125,1742308829.338332
1742308829,358425403,-0.16748046875,0.01806640625,1.22900390625,-8.11767578125,-35.64453125,-8.11767578125,1742308829.3584254
1742308829,378391386,-0.10693359375,0.0380859375,1.19873046875,-7.8125,-22.88818359375,-8.97216796875,1742308829.3783915
1742308829,398300185,-0.09619140625,0.0419921875,1.15185546875,-8.60595703125,-7.080078125,-9.70458984375,1742308829.3983002
1742308829,418231351,-0.09716796875,0.041015625,1.10400390625,-9.33837890625,7.4462890625,-10.6201171875,1742308829.4182312
1742308829,438318968,-0.14794921875,0.04443359375,1.05224609375,-11.8408203125,16.9677734375,-12.02392578125,1742308829.438319
1742308829,458249463,-0.20166015625,0.03125,0.9970703125,-14.58740234375,20.3857421875,-13.7939453125,1742308829.4582496
1742308829,478151734,-0.271484375,0.00927734375,0.9189453125,-16.357421875,19.8974609375,-14.2822265625,1742308829.4781518
1742308829,498197686,-0.322265625,0.0087890625,0.81689453125,-16.4794921875,17.08984375,-13.48876953125,1742308829.4981978
1742308829,518511642,-0.3486328125,-0.0234375,0.7763671875,-15.56396484375,15.0146484375,-11.71875,1742308829.5185115
1742308829,538778365,-0.39404296875,-0.0400390625,0.73974609375,-14.6484375,13.61083984375,-10.009765625,1742308829.5387783
1742308829,558130964,-0.41015625,-0.05029296875,0.69482421875,-12.3291015625,13.97705078125,-7.26318359375,1742308829.558131
1742308829,578332119,-0.408203125,-0.0546875,0.6611328125,-8.9111328125,17.02880859375,-4.0283203125,1742308829.5783322
1742308829,598111699,-0.4169921875,-0.04248046875,0.65087890625,-7.75146484375,20.20263671875,-0.3662109375,1742308829.5981116
1742308829,618179732,-0.41162109375,-0.02978515625,0.6455078125,-7.26318359375,19.22607421875,3.7841796875,1742308829.6181798
1742308829,638377654,-0.41064453125,-0.04150390625,0.71044921875,-6.9580078125,15.31982421875,7.4462890625,1742308829.6383777
1742308829,658227380,-0.43212890625,-0.044921875,0.767578125,-6.4697265625,10.498046875,10.19287109375,1742308829.6582274
1742308829,678282132,-0.4287109375,-0.033203125,0.7998046875,-6.2255859375,4.2724609375,12.20703125,1742308829.678282
1742308829,698373653,-0.41455078125,-0.0263671875,0.82080078125,-6.16455078125,0.18310546875,14.0380859375,1742308829.6983736
1742308829,718273588,-0.40673828125,-0.02294921875,0.82470703125,-6.16455078125,-1.0986328125,16.54052734375,1742308829.7182736
1742308829,738298324,-0.40771484375,-0.02734375,0.87060546875,-7.568359375,-0.91552734375,19.47021484375,1742308829.7382984
1742308829,758222355,-0.416015625,-0.0361328125,0.89453125,-8.85009765625,-0.6103515625,22.4609375,1742308829.7582223
1742308829,778226930,-0.4052734375,-0.0556640625,0.94287109375,-8.30078125,-0.42724609375,25.69580078125,1742308829.7782269
1742308829,798162993,-0.40771484375,-0.0654296875,0.98095703125,-4.45556640625,0.06103515625,29.1748046875,1742308829.798163
1742308829,818282835,-0.412109375,-0.072265625,1.0224609375,0.1220703125,0.0,31.31103515625,1742308829.8182828
1742308829,838271442,-0.41357421875,-0.0595703125,1.0341796875,4.150390625,-1.40380859375,33.75244140625,1742308829.8382714
1742308829,858172593,-0.4052734375,-0.0380859375,1.05859375,5.18798828125,-4.82177734375,35.58349609375,1742308829.8581727
1742308829,878137136,-0.42333984375,-0.02734375,1.0869140625,2.13623046875,-11.5966796875,36.68212890625,1742308829.878137
1742308829,898654678,-0.400390625,-0.037109375,1.1220703125,-1.89208984375,-18.5546875,36.1328125,1742308829.8986547
1742308829,918391219,-0.33447265625,-0.05908203125,1.18212890625,-6.04248046875,-24.90234375,35.888671875,1742308829.9183912
1742308829,938589109,-0.23388671875,-0.099609375,1.22705078125,-8.9111328125,-27.4658203125,33.0810546875,1742308829.938589
1742308829,958291121,-0.2236328125,-0.15283203125,1.18603515625,-10.8642578125,-24.35302734375,28.86962890625,1742308829.958291
1742308829,978323217,-0.23583984375,-0.17822265625,1.11181640625,-12.6953125,-17.63916015625,28.80859375,1742308829.9783232
1742308829,998298896,-0.240234375,-0.21728515625,1.0732421875,-13.85498046875,-8.30078125,31.73828125,1742308829.998299
1742308830,18272239,-0.2607421875,-0.2529296875,1.0634765625,-14.0380859375,-1.89208984375,36.62109375,1742308830.0182722
1742308830,38242637,-0.255859375,-0.27099609375,1.048828125,-14.70947265625,-0.48828125,42.3583984375,1742308830.0382426
1742308830,58226251,-0.26416015625,-0.26806640625,0.9970703125,-15.9912109375,-0.54931640625,45.95947265625,1742308830.0582263
1742308830,78240778,-0.29150390625,-0.27001953125,0.94921875,-16.4794921875,-1.64794921875,48.40087890625,1742308830.0782409
1742308830,98192904,-0.29833984375,-0.25439453125,0.9072265625,-15.625,-1.46484375,49.31640625,1742308830.098193
1742308830,118207271,-0.3037109375,-0.25048828125,0.87548828125,-14.22119140625,-0.79345703125,49.37744140625,1742308830.1182072
1742308830,138440233,-0.3173828125,-0.240234375,0.8466796875,-13.5498046875,0.48828125,48.88916015625,1742308830.1384401
1742308830,158273029,-0.3291015625,-0.2236328125,0.81494140625,-13.7939453125,2.0751953125,47.30224609375,1742308830.158273
1742308830,178225827,-0.33349609375,-0.2041015625,0.7724609375,-14.892578125,5.55419921875,45.47119140625,1742308830.1782258
1742308830,198237378,-0.32568359375,-0.1943359375,0.75146484375,-15.5029296875,10.6201171875,43.51806640625,1742308830.1982374
1742308830,218311041,-0.32666015625,-0.18408203125,0.7470703125,-15.56396484375,16.29638671875,41.93115234375,1742308830.218311
1742308830,238235583,-0.34228515625,-0.1591796875,0.72021484375,-16.66259765625,23.25439453125,40.58837890625,1742308830.2382355
1742308830,258385247,-0.35986328125,-0.1357421875,0.71533203125,-18.61572265625,30.33447265625,39.4287109375,1742308830.2583852
1742308830,278333949,-0.375,-0.134765625,0.74609375,-20.69091796875,33.99658203125,39.306640625,1742308830.278334
1742308830,298349372,-0.392578125,-0.13720703125,0.7822265625,-21.3623046875,33.8134765625,39.1845703125,1742308830.2983494
1742308830,318381435,-0.41064453125,-0.146484375,0.81982421875,-20.69091796875,30.57861328125,38.2080078125,1742308830.3183815
1742308830,338369178,-0.439453125,-0.17626953125,0.8623046875,-19.71435546875,24.59716796875,36.92626953125,1742308830.3383691
1742308830,358256311,-0.458984375,-0.1796875,0.87109375,-18.37158203125,17.822265625,36.1328125,1742308830.3582563
1742308830,378509049,-0.45166015625,-0.18212890625,0.88037109375,-15.9912109375,10.1318359375,34.97314453125,1742308830.378509
1742308830,398387606,-0.45654296875,-0.18896484375,0.90771484375,-13.7939453125,4.21142578125,34.97314453125,1742308830.3983877
1742308830,418642840,-0.43896484375,-0.1806640625,0.90283203125,-11.3525390625,-2.5634765625,35.70556640625,1742308830.4186428
1742308830,438238577,-0.46435546875,-0.1669921875,0.908203125,-9.8876953125,-7.75146484375,37.17041015625,1742308830.4382386
1742308830,458184655,-0.4697265625,-0.1435546875,0.9013671875,-9.82666015625,-11.29150390625,39.00146484375,1742308830.4581847
1742308830,478162573,-0.46240234375,-0.12548828125,0.88525390625,-10.1318359375,-12.8173828125,41.50390625,1742308830.4781625
1742308830,498263021,-0.47216796875,-0.1376953125,0.9287109375,-10.7421875,-15.7470703125,43.51806640625,1742308830.4982631
1742308830,518299276,-0.4619140625,-0.1552734375,1.025390625,-10.19287109375,-22.76611328125,46.9970703125,1742308830.5182993
1742308830,538407852,-0.39453125,-0.1689453125,1.0458984375,-8.11767578125,-29.296875,51.94091796875,1742308830.5384078
1742308830,558261001,-0.3212890625,-0.1611328125,1.0009765625,-5.06591796875,-29.47998046875,56.640625,1742308830.558261
1742308830,578289640,-0.24462890625,-0.12939453125,0.98974609375,-4.33349609375,-24.5361328125,60.1806640625,1742308830.5782897
1742308830,598228710,-0.17431640625,-0.1025390625,1.0078125,-5.7373046875,-19.22607421875,60.85205078125,1742308830.5982287
1742308830,618503848,-0.12841796875,-0.0966796875,1.03125,-8.6669921875,-15.380859375,60.1806640625,1742308830.6185038
1742308830,638228995,-0.125,-0.0966796875,1.0244140625,-11.5966796875,-13.97705078125,59.2041015625,1742308830.638229
1742308830,658154529,-0.1123046875,-0.087890625,1.01025390625,-14.7705078125,-13.7939453125,57.861328125,1742308830.6581545
1742308830,678225184,-0.12646484375,-0.0888671875,0.9677734375,-18.1884765625,-15.56396484375,56.82373046875,1742308830.6782253
1742308830,698258431,-0.173828125,-0.09765625,0.921875,-20.3857421875,-17.02880859375,56.70166015625,1742308830.6982584
1742308830,718258302,-0.19970703125,-0.1025390625,0.865234375,-21.8505859375,-17.39501953125,58.349609375,1742308830.7182584
1742308830,738259997,-0.2021484375,-0.09912109375,0.8310546875,-22.76611328125,-17.578125,60.546875,1742308830.73826
1742308830,758352988,-0.25732421875,-0.1044921875,0.83935546875,-23.25439453125,-18.9208984375,62.255859375,1742308830.758353
1742308830,778247290,-0.265625,-0.0888671875,0.78125,-23.3154296875,-20.6298828125,65.12451171875,1742308830.7782474
1742308830,798274521,-0.263671875,-0.06103515625,0.7578125,-23.25439453125,-21.728515625,67.2607421875,1742308830.7982745
1742308830,818394041,-0.26416015625,-0.06005859375,0.76708984375,-23.74267578125,-23.13232421875,69.15283203125,1742308830.818394
1742308830,838441656,-0.2490234375,-0.0673828125,0.79052734375,-25.2685546875,-25.20751953125,69.51904296875,1742308830.8384416
1742308830,858233076,-0.244140625,-0.0673828125,0.8037109375,-25.32958984375,-27.28271484375,68.29833984375,1742308830.858233
1742308830,878559479,-0.216796875,-0.05322265625,0.84130859375,-24.96337890625,-29.296875,66.40625,1742308830.8785596
1742308830,898342642,-0.208984375,-0.04345703125,0.85595703125,-25.93994140625,-29.541015625,64.63623046875,1742308830.8983426
1742308830,918290896,-0.24365234375,-0.0517578125,0.87841796875,-27.4658203125,-28.74755859375,63.78173828125,1742308830.9182909
1742308830,938240590,-0.2236328125,-0.0556640625,0.90234375,-29.4189453125,-26.55029296875,63.78173828125,1742308830.9382405
1742308830,958248333,-0.20703125,-0.044921875,0.931640625,-30.94482421875,-24.2919921875,62.80517578125,1742308830.9582484
1742308830,978241036,-0.23095703125,-0.0419921875,0.96630859375,-31.005859375,-22.3388671875,62.5,1742308830.978241
1742308830,998296427,-0.23779296875,-0.0361328125,0.96923828125,-30.76171875,-21.42333984375,62.68310546875,1742308830.9982965
1742308831,18277128,-0.24658203125,-0.0390625,0.99609375,-31.005859375,-20.8740234375,62.68310546875,1742308831.0182772
1742308831,38233573,-0.25927734375,-0.0458984375,1.00634765625,-30.94482421875,-20.1416015625,62.07275390625,1742308831.0382335
1742308831,58185154,-0.23876953125,-0.04296875,1.00537109375,-30.70068359375,-18.24951171875,60.546875,1742308831.058185
1742308831,78274529,-0.21044921875,-0.03564453125,1.00048828125,-30.70068359375,-14.95361328125,58.2275390625,1742308831.0782745
1742308831,98344511,-0.2080078125,-0.04052734375,0.99365234375,-32.65380859375,-13.24462890625,55.908203125,1742308831.0983446
1742308831,118332189,-0.1865234375,-0.0625,1.00439453125,-35.94970703125,-12.5732421875,52.6123046875,1742308831.1183321
1742308831,133384860,-0.1552734375,-0.10400390625,1.041015625,-37.65869140625,-12.20703125,49.13330078125,1742308831.133385
1742308831,158319096,-0.13916015625,-0.14599609375,1.05322265625,-38.14697265625,-12.26806640625,44.25048828125,1742308831.158319
1742308831,178290325,-0.1044921875,-0.1767578125,1.10009765625,-37.4755859375,-13.24462890625,37.59765625,1742308831.1782904
1742308831,198602230,-0.11767578125,-0.18896484375,1.13427734375,-34.5458984375,-14.0380859375,31.55517578125,1742308831.1986022
1742308831,218299792,-0.10400390625,-0.22265625,1.14990234375,-32.04345703125,-10.25390625,24.71923828125,1742308831.2182999
1742308831,238289710,-0.06591796875,-0.22900390625,1.14599609375,-27.77099609375,-3.84521484375,16.9677734375,1742308831.2382896
1742308831,258339084,-0.06201171875,-0.2236328125,1.12890625,-25.0244140625,1.64794921875,6.8359375,1742308831.2583392
1742308831,278265064,-0.10986328125,-0.2236328125,1.0380859375,-25.146484375,6.34765625,-1.40380859375,1742308831.278265
1742308831,298245350,-0.11083984375,-0.2470703125,0.98974609375,-26.85546875,10.43701171875,-6.89697265625,1742308831.2982454
1742308831,318320900,-0.10205078125,-0.24169921875,0.98095703125,-30.6396484375,13.85498046875,-11.3525390625,1742308831.318321
1742308831,338247585,-0.08154296875,-0.21923828125,1.00146484375,-34.97314453125,17.02880859375,-15.625,1742308831.3382475
1742308831,358365120,-0.05859375,-0.248046875,1.04931640625,-36.7431640625,20.01953125,-21.78955078125,1742308831.358365
1742308831,378321597,-0.09765625,-0.29736328125,1.0830078125,-33.935546875,20.81298828125,-27.89306640625,1742308831.3783216
1742308831,398375995,-0.15234375,-0.30810546875,1.0556640625,-28.6865234375,21.30126953125,-32.89794921875,1742308831.398376
1742308831,418299672,-0.1240234375,-0.29150390625,1.0048828125,-24.169921875,20.69091796875,-37.04833984375,1742308831.4182997
1742308831,438355798,-0.12255859375,-0.23974609375,0.94580078125,-25.2685546875,19.8974609375,-43.3349609375,1742308831.4383557
1742308831,458256242,-0.1513671875,-0.25341796875,0.91455078125,-26.611328125,19.04296875,-49.37744140625,1742308831.4582562
1742308831,478325008,-0.12646484375,-0.27685546875,0.90380859375,-24.658203125,18.9208984375,-55.419921875,1742308831.478325
1742308831,498864917,-0.125,-0.28125,0.8740234375,-22.15576171875,18.9208984375,-61.5234375,1742308831.498865
1742308831,518314443,-0.1611328125,-0.29150390625,0.84814453125,-19.8974609375,18.73779296875,-65.5517578125,1742308831.5183144
1742308831,538274440,-0.17041015625,-0.30615234375,0.82861328125,-17.63916015625,19.6533203125,-69.15283203125,1742308831.5382745
1742308831,558382919,-0.173828125,-0.29248046875,0.81494140625,-17.27294921875,19.287109375,-71.47216796875,1742308831.558383
1742308831,578315620,-0.17431640625,-0.310546875,0.82568359375,-14.404296875,17.88330078125,-74.462890625,1742308831.5783157
1742308831,598339522,-0.20361328125,-0.33349609375,0.84912109375,-9.82666015625,15.56396484375,-75.62255859375,1742308831.5983396
1742308831,618450977,-0.18798828125,-0.3505859375,0.84912109375,-6.40869140625,13.97705078125,-75.62255859375,1742308831.6184509
1742308831,638278940,-0.1904296875,-0.3603515625,0.8203125,-3.84521484375,12.6953125,-76.96533203125,1742308831.638279
1742308831,658264345,-0.1982421875,-0.38037109375,0.826171875,-2.9296875,13.0615234375,-78.125,1742308831.6582644
1742308831,678180726,-0.181640625,-0.40185546875,0.84375,-1.0986328125,13.916015625,-80.26123046875,1742308831.6781807
1742308831,698832220,-0.17431640625,-0.40771484375,0.85107421875,1.953125,16.78466796875,-81.6650390625,1742308831.6988323
1742308831,718558390,-0.181640625,-0.40771484375,0.84375,5.67626953125,18.6767578125,-82.33642578125,1742308831.7185583
1742308831,738255568,-0.19580078125,-0.39697265625,0.826171875,8.4228515625,21.78955078125,-82.03125,1742308831.7382555
1742308831,758381999,-0.16015625,-0.40283203125,0.8525390625,10.55908203125,24.10888671875,-82.45849609375,1742308831.758382
1742308831,778304843,-0.17529296875,-0.41259765625,0.87890625,15.80810546875,25.69580078125,-83.984375,1742308831.7783048
1742308831,798286153,-0.1982421875,-0.4375,0.8564453125,22.0947265625,25.45166015625,-85.44921875,1742308831.7982862
1742308831,813427528,-0.20849609375,-0.46240234375,0.818359375,28.01513671875,22.27783203125,-86.42578125,1742308831.8134274
1742308831,838799658,-0.2412109375,-0.47509765625,0.82470703125,32.3486328125,17.76123046875,-87.21923828125,1742308831.8387997
1742308831,858573861,-0.25634765625,-0.46142578125,0.794921875,35.33935546875,9.1552734375,-88.56201171875,1742308831.858574
1742308831,878305119,-0.232421875,-0.42919921875,0.76611328125,35.0341796875,0.244140625,-89.17236328125,1742308831.8783052
1742308831,898394078,-0.18701171875,-0.4326171875,0.80322265625,34.97314453125,-7.75146484375,-90.4541015625,1742308831.898394
1742308831,918692703,-0.1884765625,-0.42626953125,0.82421875,36.56005859375,-14.22119140625,-91.1865234375,1742308831.9186926
1742308831,938289143,-0.1708984375,-0.3857421875,0.83251953125,37.353515625,-17.63916015625,-90.9423828125,1742308831.9382892
1742308831,958260852,-0.150390625,-0.31787109375,0.8564453125,36.07177734375,-18.73779296875,-89.4775390625,1742308831.9582608
1742308831,978256274,-0.13134765625,-0.27392578125,0.93359375,35.09521484375,-16.357421875,-85.26611328125,1742308831.9782562
1742308831,998445170,-0.0947265625,-0.2412109375,1.02685546875,37.9638671875,-11.04736328125,-81.787109375,1742308831.9984453
1742308832,18568496,-0.0654296875,-0.1982421875,1.0576171875,41.748046875,-3.5400390625,-79.65087890625,1742308832.0185685
1742308832,38334474,-0.064453125,-0.16845703125,1.05615234375,45.10498046875,3.72314453125,-77.1484375,1742308832.0383344
1742308832,58220645,-0.06640625,-0.146484375,1.044921875,47.2412109375,11.16943359375,-74.5849609375,1742308832.0582206
1742308832,78279010,-0.06396484375,-0.1259765625,1.02197265625,49.560546875,18.12744140625,-71.35009765625,1742308832.078279
1742308832,98268926,-0.0634765625,-0.09326171875,0.99072265625,51.20849609375,25.81787109375,-68.17626953125,1742308832.098269
1742308832,118356860,-0.06005859375,-0.07080078125,0.95751953125,51.1474609375,30.94482421875,-65.3076171875,1742308832.118357
1742308832,138594331,-0.08154296875,-0.04736328125,0.93359375,48.64501953125,36.43798828125,-61.58447265625,1742308832.1385944
1742308832,158554871,-0.08935546875,-0.025390625,0.908203125,45.2880859375,40.0390625,-57.43408203125,1742308832.1585548
1742308832,178202576,-0.12255859375,-0.0166015625,0.8974609375,40.71044921875,41.19873046875,-53.3447265625,1742308832.1782026
1742308832,198286925,-0.16162109375,-0.01416015625,0.91943359375,37.04833984375,38.6962890625,-48.88916015625,1742308832.198287
1742308832,218181384,-0.15966796875,-0.01171875,0.90283203125,33.447265625,33.26416015625,-44.12841796875,1742308832.2181814
1742308832,238340679,-0.15478515625,0.0078125,0.90771484375,29.296875,24.96337890625,-40.4052734375,1742308832.2383406
1742308832,258262722,-0.17919921875,0.01513671875,0.951171875,26.79443359375,15.80810546875,-36.62109375,1742308832.2582626
1742308832,278254943,-0.169921875,0.0166015625,0.98388671875,27.2216796875,7.2021484375,-32.470703125,1742308832.278255
1742308832,298400861,-0.13818359375,0.017578125,0.9931640625,26.9775390625,-0.67138671875,-29.60205078125,1742308832.2984009
1742308832,318280088,-0.0947265625,0.01513671875,1.00244140625,26.91650390625,-8.4228515625,-27.52685546875,1742308832.31828
1742308832,338268116,-0.08154296875,0.03271484375,0.9931640625,26.06201171875,-14.09912109375,-27.099609375,1742308832.338268
1742308832,358358994,-0.0498046875,0.0400390625,0.9951171875,24.59716796875,-17.333984375,-27.28271484375,1742308832.358359
1742308832,378271373,-0.00830078125,0.04541015625,1.01171875,23.92578125,-16.7236328125,-28.1982421875,1742308832.3782713
1742308832,398257098,0.0,0.04638671875,1.01904296875,23.3154296875,-13.24462890625,-29.78515625,1742308832.398257
1742308832,418383080,-0.0107421875,0.05859375,1.02490234375,22.64404296875,-8.36181640625,-30.57861328125,1742308832.4183831
1742308832,438298947,-0.01611328125,0.0498046875,1.0146484375,21.1181640625,-4.0283203125,-31.43310546875,1742308832.438299
1742308832,458335584,0.0,0.04638671875,1.021484375,19.287109375,1.89208984375,-32.53173828125,1742308832.4583356
1742308832,478122522,-0.0283203125,0.0517578125,1.01025390625,18.9208984375,8.11767578125,-32.77587890625,1742308832.4781225
1742308832,498275512,-0.041015625,0.04736328125,1.0078125,18.798828125,15.31982421875,-32.2265625,1742308832.4982755
1742308832,518296789,-0.05029296875,0.03955078125,0.99853515625,17.76123046875,22.39990234375,-31.73828125,1742308832.5182967
1742308832,538490452,-0.08349609375,0.04052734375,0.97802734375,16.2353515625,28.076171875,-31.8603515625,1742308832.5384905
1742308832,558359503,-0.11572265625,0.048828125,0.9443359375,14.16015625,32.53173828125,-31.25,1742308832.5583594
1742308832,578435404,-0.14892578125,0.064453125,0.95166015625,11.65771484375,35.15625,-28.564453125,1742308832.5784354
1742308832,598551594,-0.18310546875,0.07568359375,1.31298828125,9.33837890625,27.83203125,-24.658203125,1742308832.5985515
1742308832,618551111,-0.1611328125,0.0048828125,1.36279296875,12.451171875,13.5498046875,-22.94921875,1742308832.618551
1742308832,638605956,-0.12744140625,-0.0576171875,0.955078125,17.39501953125,8.30078125,-26.0009765625,1742308832.638606
1742308832,658302909,-0.171875,-0.0546875,0.74755859375,18.12744140625,9.1552734375,-27.28271484375,1742308832.658303
1742308832,678455355,-0.19580078125,0.01708984375,0.71875,12.51220703125,7.9345703125,-23.3154296875,1742308832.6784554
1742308832,698327286,-0.19091796875,0.0625,0.779296875,1.46484375,3.60107421875,-17.7001953125,1742308832.6983273
1742308832,718311154,-0.20458984375,0.05224609375,0.9013671875,-8.4228515625,-3.41796875,-11.90185546875,1742308832.718311
1742308832,738312335,-0.208984375,0.04541015625,1.03759765625,-12.63427734375,-9.521484375,-8.6669921875,1742308832.7383122
1742308832,758366540,-0.20703125,0.048828125,1.10498046875,-9.94873046875,-13.97705078125,-5.67626953125,1742308832.7583666
1742308832,778244583,-0.18603515625,0.064453125,1.03857421875,-2.99072265625,-17.27294921875,-3.60107421875,1742308832.7782445
1742308832,798372517,-0.16259765625,0.07080078125,0.9501953125,2.01416015625,-20.6298828125,-1.64794921875,1742308832.7983725
1742308832,818356257,-0.158203125,0.0634765625,0.92578125,2.50244140625,-24.658203125,-0.18310546875,1742308832.8183563
1742308832,838350334,-0.15771484375,0.02490234375,0.94384765625,-1.64794921875,-26.79443359375,-0.244140625,1742308832.8383503
1742308832,858263321,-0.1357421875,0.001953125,0.96826171875,-6.591796875,-26.9775390625,0.6103515625,1742308832.8582633
1742308832,878329302,-0.0859375,0.05126953125,0.990234375,-9.82666015625,-25.5126953125,2.44140625,1742308832.8783293
1742308832,898367315,-0.021484375,0.0009765625,0.97021484375,-8.23974609375,-19.34814453125,2.50244140625,1742308832.8983674
1742308832,918318639,-0.00341796875,-0.03076171875,0.9921875,-6.8359375,-12.8173828125,2.62451171875,1742308832.9183187
1742308832,938259019,-0.00244140625,-0.01513671875,1.052734375,-4.57763671875,-4.638671875,2.44140625,1742308832.9382591
1742308832,958232519,-0.021484375,-0.07568359375,1.00927734375,-0.79345703125,3.35693359375,2.38037109375,1742308832.9582324
1742308832,978402278,-0.04052734375,-0.029296875,0.98193359375,2.5634765625,8.60595703125,2.74658203125,1742308832.9784024
1742308832,998339746,-0.05615234375,-0.0126953125,0.99267578125,4.5166015625,12.6953125,2.9296875,1742308832.9983397
1742308833,18529120,-0.06884765625,0.0,0.9951171875,4.21142578125,12.5732421875,1.15966796875,1742308833.0185292
1742308833,38290200,-0.11572265625,0.02978515625,0.94970703125,2.86865234375,10.1318359375,-0.79345703125,1742308833.0382903
1742308833,58413205,-0.15185546875,0.03076171875,0.92529296875,0.42724609375,4.57763671875,-0.3662109375,1742308833.0584133
1742308833,78347216,-0.142578125,0.0068359375,0.94970703125,-3.173828125,-3.2958984375,-0.3662109375,1742308833.0783472
1742308833,98392172,-0.14599609375,-0.0029296875,0.9794921875,-4.33349609375,-9.27734375,0.1220703125,1742308833.0983922
1742308833,118320967,-0.09814453125,-0.013671875,0.9716796875,-4.21142578125,-12.51220703125,-0.1220703125,1742308833.118321
1742308833,138301314,-0.05810546875,-0.02783203125,0.9931640625,-2.01416015625,-12.26806640625,-0.244140625,1742308833.1383014
1742308833,158364990,-0.017578125,-0.0234375,1.0146484375,0.244140625,-7.14111328125,-0.1220703125,1742308833.158365
1742308833,178424762,-0.015625,-0.0322265625,0.98486328125,1.708984375,0.30517578125,-0.48828125,1742308833.1784248
1742308833,198734842,-0.01953125,-0.00927734375,0.96435546875,2.13623046875,7.26318359375,-0.30517578125,1742308833.1987348
1742308833,218493714,-0.0244140625,-0.01025390625,0.97412109375,2.99072265625,12.51220703125,-0.30517578125,1742308833.2184937
1742308833,238413581,-0.07470703125,0.00048828125,0.9873046875,2.8076171875,13.36669921875,-0.48828125,1742308833.2384136
1742308833,258266502,-0.1357421875,0.01220703125,0.95849609375,1.953125,9.6435546875,-0.48828125,1742308833.2582664
1742308833,278373507,-0.1435546875,0.01513671875,0.935546875,0.30517578125,3.2958984375,-0.42724609375,1742308833.2783735
1742308833,298394975,-0.15478515625,-0.00830078125,0.96630859375,-0.6103515625,-4.33349609375,-0.42724609375,1742308833.298395
1742308833,318389658,-0.109375,-0.02001953125,0.97509765625,-1.0986328125,-8.60595703125,-0.30517578125,1742308833.3183897
1742308833,338271828,-0.08544921875,-0.00390625,0.978515625,-1.5869140625,-11.1083984375,-0.244140625,1742308833.3382719
1742308833,358207503,-0.05810546875,-0.00244140625,0.97998046875,-0.9765625,-9.46044921875,-0.42724609375,1742308833.3582075
1742308833,373467343,-0.0107421875,-0.0146484375,0.97509765625,0.06103515625,-4.57763671875,-0.244140625,1742308833.3734674
1742308833,393671245,-0.03173828125,-0.00732421875,0.98486328125,0.6103515625,0.30517578125,-0.1220703125,1742308833.3936713
1742308833,418330339,-0.03369140625,-0.00830078125,0.9716796875,0.6103515625,6.04248046875,-0.3662109375,1742308833.4183304
1742308833,438308830,-0.04150390625,-0.00732421875,0.98486328125,1.220703125,8.6669921875,-0.67138671875,1742308833.4383087
1742308833,459089987,-0.10888671875,-0.0078125,0.98388671875,2.197265625,9.27734375,-0.3662109375,1742308833.45909
1742308833,478935165,-0.11572265625,-0.01123046875,0.96484375,2.74658203125,6.591796875,-0.06103515625,1742308833.4789352
1742308833,498867704,-0.12841796875,-0.00048828125,0.9599609375,1.89208984375,1.28173828125,-0.18310546875,1742308833.4988678
1742308833,518394509,-0.126953125,0.0048828125,0.96044921875,0.8544921875,-3.47900390625,-0.244140625,1742308833.5183945
1742308833,538475338,-0.10693359375,0.01025390625,0.9658203125,-0.54931640625,-7.26318359375,-0.244140625,1742308833.5384753
1742308833,558325400,-0.080078125,0.0107421875,0.96875,-1.708984375,-7.6904296875,-0.42724609375,1742308833.5583253
1742308833,578313127,-0.0556640625,0.0,0.9677734375,-2.0751953125,-6.2255859375,-0.30517578125,1742308833.578313
1742308833,598430070,-0.05322265625,-0.00927734375,0.9814453125,-1.89208984375,-3.5400390625,-0.244140625,1742308833.5984302
1742308833,618311076,-0.04638671875,-0.02099609375,0.98486328125,-0.732421875,0.54931640625,-0.3662109375,1742308833.6183112
1742308833,638303699,-0.0595703125,-0.0224609375,0.9853515625,0.8544921875,3.11279296875,-0.1220703125,1742308833.6383038
1742308833,658236801,-0.0849609375,-0.0283203125,0.9873046875,1.953125,4.150390625,-0.244140625,1742308833.6582367
1742308833,678325232,-0.0703125,-0.01806640625,0.982421875,3.5400390625,4.5166015625,-0.18310546875,1742308833.6783252
1742308833,698206270,-0.099609375,-0.0185546875,0.96875,3.41796875,4.7607421875,0.0,1742308833.6982062
1742308833,718099309,-0.10302734375,0.01611328125,0.966796875,2.01416015625,3.11279296875,-0.18310546875,1742308833.7180994
1742308833,733357584,-0.0888671875,0.013671875,0.9541015625,0.8544921875,1.0986328125,-0.3662109375,1742308833.7333577
1742308833,758254891,-0.1044921875,0.01171875,0.96533203125,-0.1220703125,-1.5869140625,-0.30517578125,1742308833.758255
1742308833,778336729,-0.11083984375,0.00146484375,0.97021484375,-1.52587890625,-3.35693359375,-0.18310546875,1742308833.7783368
1742308833,798291976,-0.09619140625,-0.0087890625,0.9736328125,-1.953125,-4.7607421875,-0.06103515625,1742308833.798292
1742308833,818257879,-0.07275390625,-0.0166015625,0.98095703125,-1.46484375,-4.94384765625,-0.42724609375,1742308833.8182578
1742308833,838299941,-0.06005859375,-0.01806640625,0.99267578125,-0.48828125,-2.9296875,-0.6103515625,1742308833.8383
1742308833,858184660,-0.05712890625,-0.02099609375,0.986328125,0.79345703125,-0.48828125,-0.18310546875,1742308833.8581846
1742308833,878477891,-0.05810546875,-0.00830078125,0.97802734375,1.953125,2.3193359375,-0.1220703125,1742308833.8784778
1742308833,898393394,-0.05908203125,-0.00830078125,0.97265625,2.197265625,4.0283203125,-0.06103515625,1742308833.8983934
1742308833,918271712,-0.087890625,-0.00146484375,0.9755859375,1.708984375,5.06591796875,0.06103515625,1742308833.9182718
1742308833,938285647,-0.10546875,0.0048828125,0.97412109375,1.220703125,4.2724609375,-0.06103515625,1742308833.9382856
1742308833,958271037,-0.09619140625,0.00341796875,0.962890625,0.42724609375,2.38037109375,-0.3662109375,1742308833.958271
1742308833,978419564,-0.10693359375,0.00146484375,0.970703125,-0.1220703125,-0.244140625,-0.244140625,1742308833.9784195
1742308833,998320187,-0.107421875,-0.01025390625,0.9697265625,-0.6103515625,-3.0517578125,-0.1220703125,1742308833.99832
1742308834,18255885,-0.08154296875,0.00146484375,0.9697265625,-1.0986328125,-5.0048828125,-0.3662109375,1742308834.018256
1742308834,38326608,-0.0849609375,-0.015625,0.98193359375,-1.3427734375,-7.14111328125,-0.06103515625,1742308834.0383265
1742308834,58248831,-0.0478515625,-0.02197265625,0.98388671875,-0.42724609375,-3.7841796875,0.30517578125,1742308834.0582488
1742308834,78334561,-0.04443359375,-0.0068359375,0.99560546875,1.52587890625,-0.42724609375,0.06103515625,1742308834.0783346
1742308834,98315659,-0.05712890625,-0.013671875,0.97119140625,2.44140625,4.57763671875,-0.48828125,1742308834.0983157
1742308834,118220924,-0.05029296875,-0.0205078125,0.974609375,2.38037109375,6.65283203125,-0.42724609375,1742308834.1182208
1742308834,138266497,-0.087890625,0.00341796875,0.974609375,2.13623046875,7.50732421875,-0.6103515625,1742308834.1382666
1742308834,158205198,-0.111328125,0.005859375,0.96728515625,1.46484375,5.4931640625,-0.18310546875,1742308834.1582053
1742308834,178369290,-0.12060546875,0.00732421875,0.953125,0.42724609375,1.28173828125,-0.06103515625,1742308834.1783693
1742308834,198256443,-0.12744140625,0.001953125,0.962890625,-0.18310546875,-2.62451171875,-0.30517578125,1742308834.1982565
1742308834,218280482,-0.10693359375,-0.01025390625,0.9697265625,-1.5869140625,-5.7373046875,-0.18310546875,1742308834.2182806
1742308834,238199857,-0.0791015625,-0.0009765625,0.97314453125,-1.8310546875,-6.77490234375,-0.30517578125,1742308834.2382
1742308834,258211481,-0.0693359375,-0.009765625,0.9833984375,-1.28173828125,-5.79833984375,-0.1220703125,1742308834.2582114
1742308834,278715673,-0.05615234375,-0.01220703125,0.9892578125,-0.1220703125,-3.0517578125,-0.18310546875,1742308834.2787156
1742308834,298439576,-0.0400390625,-0.01513671875,0.9814453125,0.67138671875,1.15966796875,0.0,1742308834.2984395
1742308834,318280781,-0.0517578125,-0.01318359375,0.97509765625,1.52587890625,4.45556640625,-0.18310546875,1742308834.3182807
1742308834,338332018,-0.07763671875,-0.0087890625,0.9853515625,1.77001953125,6.2255859375,-0.3662109375,1742308834.338332
1742308834,358205573,-0.0927734375,-0.00244140625,0.97314453125,1.8310546875,6.28662109375,-0.42724609375,1742308834.3582056
1742308834,378402302,-0.11962890625,0.00048828125,0.96435546875,1.3427734375,3.7841796875,-0.30517578125,1742308834.3784022
1742308834,398238740,-0.1328125,-0.00634765625,0.95166015625,0.06103515625,-0.54931640625,-0.30517578125,1742308834.3982387
1742308834,418552643,-0.0966796875,-0.0068359375,0.9677734375,0.06103515625,-4.33349609375,-0.30517578125,1742308834.4185526
1742308834,438339933,-0.07958984375,-0.02294921875,0.9765625,-0.06103515625,-4.94384765625,-0.30517578125,1742308834.43834
1742308834,453330204,-0.07666015625,0.009765625,0.982421875,-0.8544921875,-4.7607421875,-0.30517578125,1742308834.4533303
1742308834,478460548,-0.048828125,-0.0048828125,0.96435546875,-0.30517578125,-2.01416015625,-0.244140625,1742308834.4784606
1742308834,498436783,-0.052734375,-0.01708984375,0.9775390625,1.03759765625,0.91552734375,0.0,1742308834.4984367
1742308834,518232936,-0.0712890625,-0.0029296875,0.99169921875,0.9765625,2.62451171875,-0.30517578125,1742308834.5182328
1742308834,538253935,-0.06787109375,-0.01171875,0.96875,0.79345703125,3.90625,-0.3662109375,1742308834.538254
1742308834,558286037,-0.09716796875,0.00537109375,0.97412109375,1.0986328125,3.2958984375,-0.18310546875,1742308834.558286
1742308834,578876622,-0.09912109375,0.0,0.96630859375,1.3427734375,2.3193359375,-0.244140625,1742308834.5788767
1742308834,598473687,-0.10693359375,-0.00439453125,0.9716796875,0.6103515625,-0.30517578125,-0.18310546875,1742308834.5984738
1742308834,618331308,-0.1123046875,-0.00341796875,0.96923828125,0.0,-2.13623046875,-0.244140625,1742308834.6183312
1742308834,638343219,-0.07763671875,-0.0068359375,0.9775390625,-0.3662109375,-3.5400390625,-0.30517578125,1742308834.6383433
1742308834,658294560,-0.0771484375,0.00146484375,0.98291015625,-0.3662109375,-3.72314453125,-0.18310546875,1742308834.6582947
1742308834,678307208,-0.0703125,-0.005859375,0.96728515625,0.06103515625,-2.13623046875,-0.18310546875,1742308834.6783073
1742308834,698386250,-0.0615234375,-0.00634765625,0.97021484375,0.48828125,-0.54931640625,-0.1220703125,1742308834.6983862
1742308834,718165220,-0.0615234375,-0.00830078125,0.98046875,0.1220703125,1.77001953125,-0.42724609375,1742308834.7181652
1742308834,738191915,-0.07421875,-0.013671875,0.9814453125,0.54931640625,2.9296875,-0.30517578125,1742308834.7381918
1742308834,758370917,-0.0859375,-0.00048828125,0.974609375,0.8544921875,2.62451171875,0.0,1742308834.7583709
1742308834,778304627,-0.09912109375,-0.005859375,0.97314453125,0.8544921875,0.30517578125,0.1220703125,1742308834.7783046
1742308834,799142968,-0.07666015625,-0.01806640625,0.9736328125,1.708984375,-0.18310546875,0.244140625,1742308834.799143
1742308834,818223723,-0.09033203125,-0.015625,0.99462890625,1.708984375,-0.06103515625,-0.18310546875,1742308834.8182237
1742308834,838264272,-0.09423828125,-0.0107421875,0.97216796875,1.15966796875,0.48828125,-0.42724609375,1742308834.8382642
1742308834,858185599,-0.05322265625,-0.01171875,0.97119140625,0.6103515625,0.3662109375,-0.244140625,1742308834.8581855
1742308834,878282848,-0.0810546875,0.0078125,0.97802734375,0.18310546875,0.8544921875,0.1220703125,1742308834.8782828
1742308834,898214542,-0.09423828125,0.0029296875,0.9736328125,0.30517578125,-0.06103515625,-0.48828125,1742308834.8982146
1742308834,918363243,-0.08056640625,-0.0126953125,0.9716796875,-0.18310546875,-0.91552734375,-0.42724609375,1742308834.9183633
1742308834,938221343,-0.09130859375,-0.0029296875,0.98681640625,-0.244140625,-0.732421875,-0.3662109375,1742308834.9382215
1742308834,958193258,-0.08203125,-0.01220703125,0.9736328125,-0.244140625,-0.9765625,-0.42724609375,1742308834.9581933
1742308834,978268845,-0.07666015625,-0.00439453125,0.96923828125,0.06103515625,-0.79345703125,-0.18310546875,1742308834.9782689
1742308834,998247095,-0.08203125,-0.009765625,0.97607421875,0.54931640625,-0.42724609375,-0.1220703125,1742308834.9982471
1742308835,18531293,-0.07763671875,-0.00927734375,0.98876953125,1.0986328125,0.1220703125,-0.244140625,1742308835.0185313
1742308835,38400329,-0.07861328125,-0.0029296875,0.97705078125,1.0986328125,1.03759765625,-0.67138671875,1742308835.0384004
1742308835,58287669,-0.0751953125,-0.00146484375,0.966796875,0.67138671875,1.40380859375,-0.1220703125,1742308835.0582876
1742308835,78203998,-0.0859375,0.0,0.97021484375,0.244140625,1.708984375,-0.1220703125,1742308835.078204
1742308835,98314903,-0.099609375,-0.00634765625,0.9765625,0.1220703125,1.28173828125,-0.18310546875,1742308835.098315
1742308835,118157734,-0.1015625,0.00146484375,0.97119140625,-0.244140625,-0.54931640625,-0.30517578125,1742308835.1181576
1742308835,138343641,-0.11083984375,-0.00634765625,0.96875,-0.54931640625,-2.01416015625,-0.91552734375,1742308835.1383436
1742308835,158266242,-0.06640625,-0.0048828125,0.978515625,0.06103515625,-3.90625,-0.42724609375,1742308835.1582663
1742308835,178394778,-0.06591796875,-0.02685546875,0.98095703125,0.42724609375,-0.9765625,-0.1220703125,1742308835.1783948
1742308835,198545520,-0.06787109375,0.0078125,0.98681640625,0.42724609375,-0.732421875,0.06103515625,1742308835.1985455
1742308835,218185519,-0.07470703125,-0.009765625,0.96630859375,1.3427734375,2.74658203125,-0.30517578125,1742308835.2181854
1742308835,238279914,-0.0654296875,-0.013671875,0.9755859375,2.01416015625,4.2724609375,-0.48828125,1742308835.2382798
1742308835,258164437,-0.109375,0.0166015625,0.98291015625,1.46484375,3.7841796875,-0.1220703125,1742308835.2581644
1742308835,278210932,-0.09423828125,0.00048828125,0.94677734375,0.48828125,2.86865234375,0.0,1742308835.2782109
1742308835,298211830,-0.1064453125,0.0107421875,0.9697265625,-0.18310546875,-0.3662109375,-0.244140625,1742308835.2982118
1742308835,318028199,-0.109375,-0.0087890625,0.97802734375,-0.79345703125,-2.197265625,-0.30517578125,1742308835.3180282
1742308835,338232697,-0.083984375,-0.00927734375,0.97705078125,-1.52587890625,-4.39453125,-0.3662109375,1742308835.3382328
1742308835,358127620,-0.09033203125,-0.001953125,0.978515625,-1.0986328125,-4.5166015625,-0.06103515625,1742308835.3581276
1742308835,378455596,-0.05615234375,-0.01806640625,0.9775390625,-0.1220703125,-3.60107421875,0.48828125,1742308835.3784556
1742308835,398211106,-0.05419921875,-0.01513671875,0.9951171875,0.9765625,-1.03759765625,-0.06103515625,1742308835.398211
1742308835,418438738,-0.04833984375,-0.0146484375,0.98583984375,1.40380859375,2.3193359375,-0.42724609375,1742308835.4184387
1742308835,438147979,-0.0615234375,-0.001953125,0.974609375,1.40380859375,4.150390625,-0.30517578125,1742308835.438148
1742308835,458141582,-0.078125,-0.00048828125,0.97607421875,1.40380859375,5.31005859375,-0.18310546875,1742308835.4581416
1742308835,478186637,-0.09130859375,0.00244140625,0.97314453125,1.28173828125,4.94384765625,0.0,1742308835.4781866
1742308835,498360001,-0.1171875,-0.0009765625,0.962890625,0.91552734375,2.0751953125,-0.244140625,1742308835.49836
1742308835,518135125,-0.111328125,0.00244140625,0.96435546875,0.244140625,-1.28173828125,-0.3662109375,1742308835.518135
1742308835,538169333,-0.10498046875,-0.0068359375,0.974609375,-0.732421875,-5.2490234375,-0.3662109375,1742308835.5381694
1742308835,558107164,-0.0751953125,-0.001953125,0.97021484375,-0.67138671875,-4.8828125,-0.48828125,1742308835.5581071
1742308835,578298511,-0.0576171875,-0.005859375,0.98046875,-0.244140625,-4.8828125,0.0,1742308835.5782986
1742308835,598232951,-0.06298828125,-0.00927734375,0.986328125,0.42724609375,-1.28173828125,-0.18310546875,1742308835.598233
1742308835,618246136,-0.05322265625,-0.01611328125,0.97802734375,0.67138671875,0.79345703125,-0.48828125,1742308835.618246
1742308835,638199326,-0.06640625,-0.0068359375,0.9814453125,1.03759765625,3.23486328125,-0.42724609375,1742308835.6381993
1742308835,658173538,-0.08154296875,-0.0048828125,0.9794921875,1.28173828125,4.45556640625,-0.1220703125,1742308835.6581736
1742308835,678253470,-0.0830078125,-0.00390625,0.97314453125,1.46484375,4.0283203125,-0.1220703125,1742308835.6782534
1742308835,698315132,-0.1025390625,-0.0009765625,0.96728515625,1.52587890625,2.44140625,-0.244140625,1742308835.6983151
1742308835,718259138,-0.1103515625,-0.0009765625,0.96435546875,1.03759765625,-0.1220703125,-0.42724609375,1742308835.718259
1742308835,738201929,-0.1044921875,0.0029296875,0.9755859375,0.30517578125,-2.0751953125,-0.48828125,1742308835.7382019
1742308835,758345440,-0.08837890625,0.00146484375,0.96728515625,-0.18310546875,-3.84521484375,-0.1220703125,1742308835.7583454
1742308835,778390559,-0.0595703125,-0.00146484375,0.96826171875,-0.91552734375,-3.2958984375,0.42724609375,1742308835.7783906
1742308835,798443389,-0.06396484375,-0.00634765625,0.9775390625,-0.732421875,0.3662109375,-0.244140625,1742308835.7984433
1742308835,818142423,-0.048828125,-0.0185546875,0.98681640625,0.0,1.3427734375,-0.6103515625,1742308835.8181424
1742308835,838138714,-0.07275390625,-0.01904296875,0.9921875,0.9765625,2.0751953125,-0.244140625,1742308835.8381388
1742308835,858141660,-0.0810546875,-0.00927734375,0.98388671875,1.89208984375,3.23486328125,-0.06103515625,1742308835.8581417
1742308835,878170556,-0.07958984375,-0.00634765625,0.970703125,2.38037109375,3.7841796875,-0.06103515625,1742308835.8781705
1742308835,898243960,-0.09130859375,0.00537109375,0.9658203125,1.40380859375,4.57763671875,-0.18310546875,1742308835.898244
1742308835,918360593,-0.1083984375,0.0048828125,0.97265625,-0.06103515625,2.197265625,-0.244140625,1742308835.9183607
1742308835,938362323,-0.09716796875,-0.00146484375,0.96923828125,-0.6103515625,1.5869140625,-0.79345703125,1742308835.9383624
1742308835,958041999,-0.107421875,-0.00048828125,0.98291015625,0.244140625,-1.77001953125,-0.18310546875,1742308835.958042
1742308835,978162152,-0.115234375,-0.00732421875,0.96484375,0.91552734375,-3.662109375,-0.244140625,1742308835.978162
1742308835,998085840,-0.0830078125,-0.015625,0.9638671875,1.0986328125,-4.45556640625,-0.3662109375,1742308835.9980857
1742308836,18079558,-0.06591796875,0.00341796875,0.98095703125,0.91552734375,-3.84521484375,-0.30517578125,1742308836.0180795
1742308836,38059907,-0.0654296875,-0.00439453125,0.9736328125,0.6103515625,-3.0517578125,0.8544921875,1742308836.03806
1742308836,58080925,-0.05712890625,0.01025390625,0.97265625,0.06103515625,-0.54931640625,-0.79345703125,1742308836.058081
1742308836,78098775,-0.05615234375,0.0048828125,0.958984375,-0.244140625,0.6103515625,-0.18310546875,1742308836.0780988
1742308836,98450487,-0.07958984375,-0.0048828125,0.9736328125,-0.79345703125,0.3662109375,-0.244140625,1742308836.0984504
1742308836,118049682,-0.08349609375,-0.017578125,0.994140625,0.1220703125,1.3427734375,-0.30517578125,1742308836.1180496
1742308836,138101737,-0.07861328125,-0.0244140625,0.9873046875,1.03759765625,1.220703125,0.3662109375,1742308836.1381018
1742308836,158215612,-0.0859375,-0.01123046875,0.9833984375,2.13623046875,1.77001953125,-0.1220703125,1742308836.1582155
1742308836,178229398,-0.0859375,-0.00048828125,0.97216796875,2.50244140625,1.77001953125,0.0,1742308836.1782293
1742308836,198122234,-0.103515625,0.009765625,0.9658203125,1.3427734375,0.18310546875,-0.1220703125,1742308836.1981223
1742308836,218064218,-0.08056640625,0.009765625,0.9638671875,-0.18310546875,0.244140625,-0.48828125,1742308836.2180643
1742308836,238208362,-0.0751953125,0.00146484375,0.96337890625,-1.52587890625,-0.6103515625,-0.6103515625,1742308836.2382083
1742308836,258145931,-0.10107421875,0.0,0.98046875,-1.77001953125,-1.40380859375,-0.6103515625,1742308836.258146
1742308836,278103753,-0.12255859375,-0.02294921875,0.97802734375,-1.15966796875,-4.2724609375,-0.1220703125,1742308836.2781038
1742308836,298035722,-0.095703125,-0.0146484375,0.98193359375,0.67138671875,-6.53076171875,0.1220703125,1742308836.2980356
1742308836,317999497,-0.07275390625,-0.02587890625,0.99560546875,1.89208984375,-5.0048828125,0.06103515625,1742308836.3179996
1742308836,333632699,-0.041015625,0.0009765625,0.99072265625,1.5869140625,-2.86865234375,-0.79345703125,1742308836.3336327
1742308836,358103511,-0.05224609375,0.01123046875,0.955078125,1.5869140625,0.30517578125,-0.30517578125,1742308836.3581035
1742308836,378040920,-0.05859375,0.00341796875,0.96337890625,0.42724609375,1.52587890625,-0.06103515625,1742308836.378041
1742308836,398110158,-0.08154296875,0.001953125,0.98095703125,-0.18310546875,3.0517578125,-0.1220703125,1742308836.3981102
1742308836,418124072,-0.0654296875,-0.00439453125,0.974609375,-0.30517578125,4.33349609375,-0.3662109375,1742308836.418124
1742308836,438137443,-0.09375,-0.00048828125,0.966796875,-0.1220703125,3.41796875,-0.30517578125,1742308836.4381375
1742308836,458095810,-0.10009765625,-0.01220703125,0.98291015625,0.18310546875,2.25830078125,-0.18310546875,1742308836.4580958
1742308836,478131098,-0.10791015625,-0.00927734375,0.97998046875,0.67138671875,0.6103515625,-0.06103515625,1742308836.478131
1742308836,498151540,-0.0888671875,-0.01171875,0.9677734375,1.0986328125,-0.3662109375,-0.1220703125,1742308836.4981515
1742308836,518195884,-0.078125,-0.00341796875,0.98828125,1.15966796875,-0.732421875,-0.42724609375,1742308836.5181959
1742308836,538182889,-0.08642578125,-0.001953125,0.9794921875,1.0986328125,-0.732421875,-0.3662109375,1742308836.538183
1742308836,558085708,-0.0751953125,0.00927734375,0.96044921875,0.0,-0.67138671875,-0.3662109375,1742308836.5580857
1742308836,578197790,-0.083984375,0.0009765625,0.96630859375,-0.42724609375,-0.732421875,0.0,1742308836.5781977
1742308836,598140638,-0.10009765625,-0.01123046875,0.982421875,-0.48828125,-0.79345703125,-0.9765625,1742308836.5981407
1742308836,618120219,-0.0537109375,-0.02197265625,0.99853515625,0.06103515625,-1.220703125,-0.8544921875,1742308836.6181202
1742308836,638078138,-0.09619140625,-0.0068359375,0.9638671875,0.6103515625,0.91552734375,-0.30517578125,1742308836.6380782
1742308836,658065527,-0.056640625,-0.00244140625,0.9658203125,0.67138671875,1.77001953125,-0.54931640625,1742308836.6580656
1742308836,678140172,-0.0693359375,-0.00048828125,0.978515625,1.52587890625,3.0517578125,0.06103515625,1742308836.6781402
1742308836,698260446,-0.0869140625,0.0068359375,0.97021484375,1.953125,3.96728515625,0.48828125,1742308836.6982605
1742308836,718179680,-0.11572265625,-0.0107421875,0.9560546875,1.0986328125,1.953125,-0.42724609375,1742308836.7181797
1742308836,738078660,-0.1044921875,0.0068359375,0.97412109375,0.54931640625,-0.18310546875,-0.6103515625,1742308836.7380786
1742308836,758186327,-0.1455078125,-0.0009765625,0.96044921875,-0.1220703125,-5.37109375,-0.244140625,1742308836.7581863
1742308836,778165748,-0.119140625,0.00048828125,0.9638671875,-0.91552734375,-10.55908203125,0.48828125,1742308836.7781658
1742308836,798169647,0.00244140625,-0.03662109375,1.0048828125,-0.3662109375,-8.60595703125,1.220703125,1742308836.7981696
1742308836,818144045,-0.0322265625,-0.021484375,1.01416015625,1.5869140625,2.01416015625,1.15966796875,1742308836.818144
1742308836,838124522,-0.06396484375,-0.0068359375,0.96826171875,3.662109375,5.37109375,1.28173828125,1742308836.8381245
1742308836,857947827,-0.087890625,0.009765625,0.9716796875,2.74658203125,3.2958984375,0.67138671875,1742308836.8579478
1742308836,878084708,-0.08642578125,0.0185546875,0.97705078125,1.03759765625,3.72314453125,-0.06103515625,1742308836.8780847
1742308836,898312941,-0.07275390625,-0.00146484375,0.93896484375,-0.91552734375,2.99072265625,0.0,1742308836.898313
1742308836,918120504,-0.10498046875,0.01025390625,0.96533203125,-1.708984375,2.197265625,-0.244140625,1742308836.9181206
1742308836,938092310,-0.13134765625,-0.0048828125,0.98779296875,-1.5869140625,-1.28173828125,-0.3662109375,1742308836.9380922
1742308836,958307264,-0.2060546875,0.0029296875,0.97021484375,-1.64794921875,-10.8642578125,-1.40380859375,1742308836.9583073
1742308836,978189285,-0.03369140625,-0.01806640625,0.9765625,-2.44140625,-13.7939453125,-0.6103515625,1742308836.9781892
1742308836,998083977,-0.029296875,-0.02880859375,0.99072265625,-1.0986328125,-3.2958984375,0.67138671875,1742308836.998084
1742308837,18011517,-0.05322265625,-0.02880859375,0.9853515625,0.48828125,2.99072265625,0.54931640625,1742308837.0180116
1742308837,38009745,-0.07958984375,-0.025390625,1.00390625,2.74658203125,1.03759765625,0.244140625,1742308837.0380096
1742308837,58028580,-0.06005859375,-0.0107421875,1.0087890625,5.79833984375,5.0048828125,0.9765625,1742308837.0580287
1742308837,78173581,-0.10791015625,0.01171875,0.9541015625,5.31005859375,5.79833984375,2.13623046875,1742308837.0781736
1742308837,98561987,-0.0947265625,0.0048828125,0.94677734375,3.23486328125,8.36181640625,2.9296875,1742308837.098562
1742308837,118014946,-0.13525390625,0.01513671875,0.96728515625,0.48828125,8.23974609375,5.06591796875,1742308837.118015
1742308837,138072274,-0.123046875,-0.00927734375,0.9658203125,-0.244140625,4.21142578125,5.92041015625,1742308837.1380723
1742308837,158043912,-0.12548828125,-0.015625,0.984375,0.732421875,-0.30517578125,7.62939453125,1742308837.1580439
1742308837,178078138,-0.16259765625,0.037109375,0.95263671875,0.42724609375,-7.38525390625,7.99560546875,1742308837.1780782
1742308837,198176582,-0.05322265625,0.00390625,0.9482421875,-1.03759765625,-9.1552734375,7.01904296875,1742308837.1981766
1742308837,217962987,-0.072265625,0.01416015625,0.97802734375,-1.5869140625,-6.2255859375,6.77490234375,1742308837.217963
1742308837,238468728,-0.07177734375,-0.005859375,0.9658203125,-2.0751953125,-5.67626953125,7.01904296875,1742308837.2384686
1742308837,258009008,-0.0498046875,0.00146484375,0.98876953125,-1.0986328125,-4.150390625,6.7138671875,1742308837.258009
1742308837,278584984,-0.056640625,-0.00341796875,0.9912109375,-0.18310546875,-1.52587890625,6.40869140625,1742308837.278585
1742308837,298121488,-0.06005859375,-0.0244140625,0.98095703125,-0.1220703125,0.54931640625,5.0048828125,1742308837.2981215
1742308837,318249851,-0.05078125,-0.0126953125,0.98583984375,0.54931640625,1.03759765625,3.0517578125,1742308837.31825
1742308837,338445728,-0.046875,-0.02294921875,0.98974609375,2.25830078125,2.74658203125,1.77001953125,1742308837.3384457
1742308837,358222373,-0.06884765625,-0.0068359375,0.994140625,3.60107421875,4.82177734375,1.77001953125,1742308837.3582225
1742308837,378134272,-0.08056640625,0.01171875,0.9501953125,3.35693359375,4.39453125,1.953125,1742308837.3781343
1742308837,398546645,-0.0751953125,0.0126953125,0.93896484375,1.46484375,1.40380859375,1.40380859375,1742308837.3985467
1742308837,419047874,-0.0849609375,0.0029296875,0.97021484375,0.06103515625,-0.9765625,-0.18310546875,1742308837.4190478
1742308837,437992296,-0.0966796875,-0.00439453125,1.00244140625,0.48828125,-2.0751953125,-1.953125,1742308837.4379923
1742308837,457932833,-0.08251953125,0.00732421875,0.96826171875,0.18310546875,-5.4931640625,-4.0283203125,1742308837.457933
1742308837,478511529,-0.068359375,0.01416015625,0.94873046875,-0.18310546875,-6.34765625,-5.18798828125,1742308837.4785116
1742308837,498358345,-0.056640625,0.01416015625,0.96630859375,-1.3427734375,-5.615234375,-5.92041015625,1742308837.4983582
1742308837,518189290,-0.04443359375,0.0009765625,0.98486328125,-2.0751953125,-2.44140625,-6.16455078125,1742308837.5181892
1742308837,538724693,-0.05615234375,0.00341796875,0.9833984375,-2.0751953125,1.15966796875,-6.4697265625,1742308837.5387247
1742308837,558543896,-0.06201171875,-0.0029296875,0.98095703125,-1.5869140625,2.86865234375,-7.26318359375,1742308837.558544
1742308837,578128012,-0.0693359375,-0.0126953125,0.98486328125,-1.46484375,2.9296875,-8.60595703125,1742308837.578128
1742308837,598284212,-0.06298828125,-0.013671875,0.98046875,-0.91552734375,2.38037109375,-10.80322265625,1742308837.5982842
1742308837,614048336,-0.07470703125,-0.00927734375,0.97509765625,-0.3662109375,0.30517578125,-13.7939453125,1742308837.6140482
1742308837,643681051,-0.0673828125,-0.01953125,0.98095703125,1.28173828125,-2.99072265625,-16.11328125,1742308837.643681
1742308837,659375965,-0.06787109375,-0.01318359375,0.98828125,1.46484375,-2.86865234375,-16.66259765625,1742308837.659376
1742308837,678448665,-0.0439453125,-0.0048828125,0.97509765625,1.89208984375,-0.6103515625,-16.357421875,1742308837.6784487
1742308837,698471595,-0.0537109375,0.00634765625,0.9580078125,0.91552734375,2.86865234375,-14.83154296875,1742308837.6984715
1742308837,718158616,-0.07763671875,0.01123046875,0.96826171875,-0.54931640625,6.2255859375,-12.6953125,1742308837.7181587
1742308837,738120815,-0.1005859375,0.00244140625,0.97607421875,-1.0986328125,6.89697265625,-9.94873046875,1742308837.7381208
1742308837,757995885,-0.12841796875,-0.00146484375,0.97412109375,-1.28173828125,5.37109375,-6.89697265625,1742308837.7579958
1742308837,778361221,-0.12890625,-0.01171875,0.9736328125,-1.15966796875,1.3427734375,-3.7841796875,1742308837.7783613
1742308837,798064432,-0.09619140625,-0.05126953125,0.96484375,0.6103515625,2.197265625,-2.685546875,1742308837.7980645
1742308837,818191227,-0.1171875,-0.0478515625,1.0107421875,2.25830078125,1.03759765625,-0.91552734375,1742308837.8181913
1742308837,833118648,-0.1103515625,-0.01806640625,1.01220703125,4.7607421875,0.732421875,0.06103515625,1742308837.8331187
1742308837,858350807,-0.07373046875,0.0,0.95556640625,5.0048828125,-0.79345703125,-0.06103515625,1742308837.8583508
1742308837,878071969,-0.06689453125,0.03271484375,0.94580078125,3.173828125,-0.48828125,-0.30517578125,1742308837.878072
1742308837,898087956,-0.07080078125,0.03515625,0.95849609375,-0.06103515625,0.0,-0.42724609375,1742308837.898088
1742308837,918170562,-0.08251953125,0.01220703125,0.9541015625,-2.8076171875,0.06103515625,-0.3662109375,1742308837.9181705
1742308837,938042656,-0.083984375,-0.00048828125,0.9755859375,-3.72314453125,0.18310546875,-0.18310546875,1742308837.9380426
1742308837,958169387,-0.0908203125,-0.02978515625,0.9990234375,-2.50244140625,-0.6103515625,-0.244140625,1742308837.9581695
1742308837,973187680,-0.09375,-0.03955078125,1.00244140625,0.3662109375,-1.220703125,-0.1220703125,1742308837.9731877
1742308837,998383459,-0.08056640625,-0.037109375,0.982421875,2.5634765625,-1.40380859375,-0.06103515625,1742308837.9983835
1742308838,17927116,-0.06982421875,-0.013671875,0.9892578125,3.23486328125,-1.220703125,-0.244140625,1742308838.0179272
1742308838,38131754,-0.06982421875,0.0029296875,0.982421875,3.47900390625,0.1220703125,-0.18310546875,1742308838.0381317
1742308838,58201457,-0.068359375,0.02392578125,0.953125,1.953125,1.77001953125,-0.18310546875,1742308838.0582016
1742308838,78096678,-0.072265625,0.02392578125,0.95068359375,0.0,2.50244140625,-0.244140625,1742308838.0780966
1742308838,98117489,-0.0908203125,0.00390625,0.97119140625,-1.64794921875,2.3193359375,-0.3662109375,1742308838.0981176
1742308838,117971113,-0.10546875,-0.01416015625,0.97802734375,-2.13623046875,0.3662109375,-0.54931640625,1742308838.1179712
1742308838,137999859,-0.10107421875,-0.017578125,0.97216796875,-1.89208984375,-2.74658203125,-0.18310546875,1742308838.1379998
1742308838,158311368,-0.0966796875,-0.0224609375,0.97802734375,-0.6103515625,-5.126953125,0.30517578125,1742308838.1583114
1742308838,178140930,-0.052734375,-0.0400390625,0.99658203125,1.46484375,-3.173828125,-0.06103515625,1742308838.1781409
1742308838,198009945,-0.0537109375,-0.0029296875,1.0068359375,2.3193359375,-2.9296875,0.0,1742308838.19801
1742308838,218040195,-0.0556640625,-0.0029296875,0.96435546875,3.0517578125,2.01416015625,-0.42724609375,1742308838.2180402
1742308838,238155271,-0.04150390625,0.00830078125,0.96337890625,1.8310546875,3.84521484375,-0.3662109375,1742308838.2381554
1742308838,258104184,-0.08251953125,0.0166015625,0.97705078125,0.48828125,5.615234375,-0.244140625,1742308838.258104
1742308838,278216156,-0.0869140625,0.00244140625,0.9638671875,-0.42724609375,4.69970703125,-0.244140625,1742308838.2782161
1742308838,298295747,-0.11474609375,-0.00244140625,0.96533203125,-0.48828125,1.8310546875,-0.42724609375,1742308838.2982957
1742308838,318169433,-0.11767578125,-0.0224609375,0.98486328125,-0.42724609375,-0.6103515625,-0.6103515625,1742308838.3181694
1742308838,337989139,-0.1015625,-0.0146484375,0.98486328125,0.06103515625,-3.96728515625,-0.30517578125,1742308838.337989
1742308838,358734439,-0.083984375,-0.00732421875,0.96728515625,0.732421875,-4.57763671875,-0.06103515625,1742308838.3587344
1742308838,373218232,-0.07080078125,-0.001953125,0.970703125,0.79345703125,-4.33349609375,-0.06103515625,1742308838.3732183
1742308838,398455094,-0.060546875,-0.00146484375,0.9794921875,0.3662109375,-2.5634765625,-0.30517578125,1742308838.3984551
1742308838,418487360,-0.048828125,0.00341796875,0.97021484375,0.0,0.54931640625,-0.42724609375,1742308838.4184873
1742308838,438127976,-0.060546875,-0.00244140625,0.96923828125,-0.42724609375,2.62451171875,-0.30517578125,1742308838.438128
1742308838,458063578,-0.08544921875,-0.01123046875,0.99169921875,0.06103515625,3.84521484375,-0.1220703125,1742308838.4580636
1742308838,479204400,-0.09912109375,-0.01953125,0.98291015625,0.9765625,3.35693359375,0.0,1742308838.4792044
1742308838,498107856,-0.10693359375,-0.00439453125,0.97021484375,1.28173828125,1.46484375,-0.1220703125,1742308838.498108
1742308838,518070688,-0.11962890625,-0.00537109375,0.97607421875,0.8544921875,-1.953125,-0.48828125,1742308838.5180707
1742308838,538101546,-0.06689453125,-0.00634765625,0.97314453125,1.28173828125,-2.44140625,-0.48828125,1742308838.5381014
1742308838,558335301,-0.068359375,-0.0029296875,0.97607421875,1.15966796875,-2.01416015625,-0.1220703125,1742308838.5583353
1742308838,579372803,-0.08056640625,-0.0048828125,0.974609375,0.42724609375,-0.8544921875,0.0,1742308838.579373
1742308838,598009943,-0.05029296875,-0.0048828125,0.96630859375,-0.67138671875,0.732421875,-0.18310546875,1742308838.5980098
1742308838,617953992,-0.0693359375,-0.001953125,0.98193359375,-0.06103515625,1.89208984375,-0.48828125,1742308838.617954
1742308838,633139908,-0.08251953125,-0.00830078125,0.986328125,0.42724609375,2.3193359375,-0.42724609375,1742308838.6331398
1742308838,658188688,-0.095703125,-0.0146484375,0.970703125,1.03759765625,1.40380859375,0.06103515625,1742308838.6581886
1742308838,678290869,-0.09375,-0.0048828125,0.97412109375,1.28173828125,0.732421875,0.0,1742308838.6782908
1742308838,697870466,-0.0908203125,-0.0107421875,0.9736328125,0.732421875,-0.8544921875,-0.18310546875,1742308838.6978705
1742308838,718343466,-0.09033203125,0.0009765625,0.974609375,0.30517578125,-1.5869140625,-0.42724609375,1742308838.7183435
1742308838,737944309,-0.072265625,-0.001953125,0.9755859375,-0.1220703125,-1.40380859375,-0.3662109375,1742308838.7379444
1742308838,758362242,-0.0693359375,0.0,0.97607421875,-0.244140625,-1.46484375,-0.1220703125,1742308838.7583623
1742308838,779306919,-0.07666015625,-0.00732421875,0.9775390625,0.0,0.0,-0.1220703125,1742308838.779307
1742308838,798138637,-0.076171875,-0.0146484375,0.9716796875,-0.06103515625,0.42724609375,-0.30517578125,1742308838.7981386
1742308838,817979654,-0.07421875,-0.01416015625,0.98193359375,0.30517578125,1.28173828125,-0.48828125,1742308838.8179796
1742308838,838560614,-0.08251953125,-0.01513671875,0.982421875,0.6103515625,1.3427734375,-0.30517578125,1742308838.8385606
1742308838,858183152,-0.09033203125,-0.0048828125,0.9716796875,1.0986328125,0.42724609375,-0.06103515625,1742308838.8581831
1742308838,878080580,-0.08544921875,-0.00146484375,0.9638671875,0.9765625,-1.03759765625,0.06103515625,1742308838.8780806
1742308838,898043252,-0.0947265625,-0.00390625,0.970703125,0.0,-2.50244140625,0.06103515625,1742308838.8980432
1742308838,917895820,-0.060546875,-0.01904296875,0.9775390625,-0.06103515625,-0.42724609375,-0.1220703125,1742308838.9178958
1742308838,937950932,-0.06591796875,-0.00341796875,0.98828125,0.06103515625,-0.79345703125,-0.54931640625,1742308838.9379508
1742308838,958229676,-0.08154296875,-0.01123046875,0.9794921875,1.220703125,1.89208984375,-0.1220703125,1742308838.9582298
1742308838,978287028,-0.06787109375,-0.0224609375,0.9775390625,1.220703125,1.220703125,-0.18310546875,1742308838.978287
1742308838,997924060,-0.0927734375,0.001953125,0.98388671875,1.15966796875,1.953125,-0.30517578125,1742308838.997924
1742308839,17892222,-0.076171875,-0.00048828125,0.966796875,0.9765625,0.8544921875,-0.54931640625,1742308839.0178921
1742308839,37889474,-0.08056640625,0.009765625,0.9609375,0.42724609375,-0.18310546875,-0.42724609375,1742308839.0378895
1742308839,58255308,-0.08642578125,-0.00048828125,0.9765625,-0.06103515625,-0.30517578125,-0.244140625,1742308839.0582552
1742308839,78179830,-0.0927734375,-0.01123046875,0.97412109375,-0.3662109375,-1.708984375,0.0,1742308839.0781798
1742308839,97918991,-0.08837890625,-0.0087890625,0.974609375,-0.18310546875,-2.01416015625,-0.06103515625,1742308839.097919
1742308839,117924979,-0.06982421875,-0.0185546875,0.98193359375,0.3662109375,-1.953125,-0.244140625,1742308839.117925
1742308839,137937783,-0.07373046875,-0.0087890625,0.99365234375,0.67138671875,-0.79345703125,-0.244140625,1742308839.1379378
1742308839,158051763,-0.05517578125,-0.00732421875,0.97021484375,1.3427734375,1.220703125,-0.06103515625,1742308839.1580517
1742308839,178226443,-0.06591796875,-0.0029296875,0.96337890625,1.03759765625,2.62451171875,-0.18310546875,1742308839.1782265
1742308839,197915367,-0.08740234375,-0.0029296875,0.9765625,0.54931640625,3.2958984375,-0.3662109375,1742308839.1979153
1742308839,217972647,-0.09765625,-0.00732421875,0.9765625,0.30517578125,1.8310546875,-0.3662109375,1742308839.2179728
1742308839,237860084,-0.09716796875,0.0107421875,0.97412109375,0.06103515625,-0.1220703125,-0.30517578125,1742308839.2378602
1742308839,258005934,-0.111328125,-0.00830078125,0.96923828125,-0.54931640625,-3.11279296875,-0.1220703125,1742308839.2580059
1742308839,278066478,-0.06787109375,-0.0166015625,0.978515625,0.30517578125,-3.173828125,-0.1220703125,1742308839.2780664
1742308839,297804263,-0.0703125,-0.02685546875,0.990234375,0.79345703125,-2.3193359375,0.3662109375,1742308839.2978044
1742308839,317940705,-0.07080078125,-0.00732421875,0.98681640625,0.48828125,-0.244140625,-0.42724609375,1742308839.3179407
1742308839,337929031,-0.048828125,-0.005859375,0.96630859375,0.732421875,1.89208984375,-0.244140625,1742308839.337929
1742308839,358106399,-0.072265625,-0.00341796875,0.98388671875,1.0986328125,3.2958984375,-0.1220703125,1742308839.3581064
1742308839,378959747,-0.09130859375,-0.00341796875,0.9775390625,1.3427734375,3.41796875,-0.06103515625,1742308839.3789597
1742308839,397996432,-0.10205078125,-0.00732421875,0.96728515625,0.732421875,1.708984375,-0.3662109375,1742308839.3979964
1742308839,413084901,-0.10888671875,0.0029296875,0.97265625,0.244140625,0.1220703125,-0.3662109375,1742308839.413085
1742308839,438026872,-0.07861328125,-0.00390625,0.970703125,-0.06103515625,-1.46484375,-0.42724609375,1742308839.438027
1742308839,458141300,-0.091796875,0.0,0.966796875,-0.18310546875,-2.62451171875,0.0,1742308839.4581413
1742308839,502564370,-0.06591796875,-0.0068359375,0.9814453125,0.0,-2.0751953125,-0.244140625,1742308839.5025644
1742308839,523332797,-0.06103515625,-0.005859375,0.98583984375,0.1220703125,-0.48828125,-0.3662109375,1742308839.5233328
1742308839,541586053,-0.072265625,-0.01220703125,0.978515625,0.79345703125,1.40380859375,-0.18310546875,1742308839.5415862
1742308839,557963161,-0.08349609375,-0.0068359375,0.98046875,0.91552734375,2.8076171875,0.06103515625,1742308839.5579631
1742308839,579120551,-0.07666015625,-0.0068359375,0.97802734375,0.79345703125,3.0517578125,-0.30517578125,1742308839.5791206
1742308839,593588651,-0.1005859375,-0.005859375,0.97021484375,1.15966796875,2.01416015625,-0.244140625,1742308839.5935886
1742308839,624087484,-0.099609375,0.01708984375,0.974609375,0.48828125,0.0,-0.3662109375,1742308839.6240876
1742308839,643753306,-0.099609375,-0.00048828125,0.9716796875,-0.42724609375,-3.7841796875,-0.1220703125,1742308839.6437533
1742308839,658435565,-0.07568359375,-0.0107421875,0.96923828125,-0.1220703125,-3.173828125,-0.18310546875,1742308839.6584356
1742308839,678109899,-0.064453125,-0.017578125,0.98095703125,0.3662109375,-3.173828125,-0.1220703125,1742308839.67811
1742308839,697923389,-0.080078125,-0.0146484375,0.98974609375,0.54931640625,-0.732421875,-0.30517578125,1742308839.6979234
1742308839,717982366,-0.04736328125,-0.017578125,0.9775390625,0.42724609375,0.9765625,-0.3662109375,1742308839.7179823
1742308839,732993561,-0.07470703125,0.0048828125,0.9775390625,0.91552734375,2.86865234375,-0.42724609375,1742308839.7329936
1742308839,759420540,-0.08203125,-0.0009765625,0.97314453125,1.220703125,2.8076171875,-0.30517578125,1742308839.7594206
1742308839,778199068,-0.087890625,-0.00244140625,0.9580078125,0.91552734375,1.3427734375,-0.1220703125,1742308839.778199
1742308839,798068298,-0.1005859375,-0.001953125,0.98046875,0.1220703125,0.244140625,-0.30517578125,1742308839.7980683
1742308839,818086158,-0.08837890625,-0.00927734375,0.97509765625,-0.67138671875,-1.15966796875,-0.3662109375,1742308839.8180861
1742308839,838101969,-0.0888671875,0.0009765625,0.97314453125,0.1220703125,-1.3427734375,-0.18310546875,1742308839.8381019
1742308839,857951458,-0.07568359375,-0.01025390625,0.96875,0.244140625,-1.220703125,0.0,1742308839.8579514
1742308839,878159255,-0.0771484375,-0.00927734375,0.98388671875,0.48828125,-1.15966796875,0.0,1742308839.8781593
1742308839,897829716,-0.07080078125,-0.01025390625,0.97802734375,0.6103515625,0.244140625,-0.3662109375,1742308839.8978298
1742308839,917907059,-0.06591796875,-0.0048828125,0.97412109375,0.732421875,0.8544921875,-0.244140625,1742308839.917907
1742308839,938020463,-0.08935546875,-0.0048828125,0.986328125,0.79345703125,1.708984375,-0.244140625,1742308839.9380205
1742308839,957953977,-0.09326171875,-0.0048828125,0.9736328125,0.8544921875,1.46484375,0.0,1742308839.957954
1742308839,978014265,-0.099609375,-0.0048828125,0.9619140625,0.6103515625,0.244140625,-0.244140625,1742308839.9780142
1742308839,997862826,-0.107421875,-0.00634765625,0.97412109375,-0.30517578125,-2.44140625,-0.3662109375,1742308839.9978628
1742308840,18086671,-0.0712890625,-0.001953125,0.97119140625,-0.48828125,-3.90625,-0.30517578125,1742308840.0180867
1742308840,37952630,-0.05908203125,-0.02001953125,0.98095703125,0.6103515625,-1.77001953125,-0.18310546875,1742308840.0379527
1742308840,57893943,-0.06982421875,0.005859375,0.98486328125,0.0,-1.3427734375,0.06103515625,1742308840.057894
1742308840,77956910,-0.07177734375,-0.0048828125,0.97705078125,1.40380859375,2.25830078125,-0.3662109375,1742308840.077957
1742308840,97845875,-0.06103515625,-0.01953125,0.9736328125,1.5869140625,3.72314453125,-0.6103515625,1742308840.0978458
1742308840,117865998,-0.10205078125,0.01416015625,0.98046875,0.8544921875,3.72314453125,-0.06103515625,1742308840.117866
1742308840,137959811,-0.0810546875,-0.00927734375,0.96240234375,0.48828125,2.3193359375,-0.18310546875,1742308840.1379597
1742308840,158917561,-0.11767578125,0.0048828125,0.97607421875,0.42724609375,0.732421875,-0.1220703125,1742308840.1589177
1742308840,178247335,-0.0986328125,-0.005859375,0.9658203125,0.3662109375,-1.46484375,-0.30517578125,1742308840.1782475
1742308840,197902589,-0.08447265625,-0.00634765625,0.9765625,0.3662109375,-3.90625,-0.18310546875,1742308840.1979027
1742308840,217924152,-0.083984375,-0.00732421875,0.9814453125,0.3662109375,-3.35693359375,0.0,1742308840.217924
1742308840,237887895,-0.04638671875,-0.01171875,0.97216796875,0.06103515625,-1.77001953125,-0.06103515625,1742308840.2378879
1742308840,257883476,-0.0732421875,0.00341796875,0.9794921875,0.79345703125,0.48828125,-0.18310546875,1742308840.2578835
1742308840,278139581,-0.07421875,-0.01318359375,0.97412109375,0.79345703125,0.91552734375,-0.3662109375,1742308840.2781396
1742308840,297804466,-0.08740234375,-0.001953125,0.97998046875,0.0,0.3662109375,-0.42724609375,1742308840.2978044
1742308840,317838764,-0.09130859375,-0.005859375,0.97265625,-0.244140625,0.06103515625,-0.3662109375,1742308840.3178387
1742308840,337764622,-0.07958984375,-0.00048828125,0.97119140625,-0.6103515625,-1.3427734375,-0.18310546875,1742308840.3377647
1742308840,357912384,-0.10791015625,-0.0009765625,0.98486328125,-0.42724609375,-2.0751953125,0.0,1742308840.3579123
1742308840,377803972,-0.10400390625,-0.01123046875,0.98828125,-1.220703125,-5.7373046875,0.3662109375,1742308840.377804
1742308840,397842590,-0.0673828125,-0.02392578125,0.97607421875,-0.244140625,-5.7373046875,-0.30517578125,1742308840.3978426
1742308840,418059850,-0.02880859375,-0.01318359375,0.99755859375,1.64794921875,-3.35693359375,-0.42724609375,1742308840.4180598
1742308840,437828408,-0.04833984375,-0.0146484375,0.98095703125,2.01416015625,2.62451171875,-0.18310546875,1742308840.4378283
1742308840,457900207,-0.04248046875,-0.01416015625,0.9677734375,2.3193359375,6.53076171875,0.1220703125,1742308840.4579003
1742308840,477809266,-0.109375,0.00634765625,0.984375,1.28173828125,5.7373046875,-0.1220703125,1742308840.4778092
1742308840,497826701,-0.1396484375,0.01025390625,0.9697265625,0.91552734375,2.38037109375,-0.67138671875,1742308840.4978268
1742308840,517830697,-0.103515625,0.0009765625,0.9462890625,-1.0986328125,-4.94384765625,-0.06103515625,1742308840.5178306
1742308840,537735821,-0.06494140625,0.00146484375,0.98681640625,-2.197265625,-3.90625,-0.1220703125,1742308840.537736
1742308840,557897757,-0.03857421875,-0.033203125,0.99267578125,-1.0986328125,0.0,-0.1220703125,1742308840.5578978
1742308840,577869596,-0.11767578125,-0.01318359375,0.96630859375,0.48828125,-0.42724609375,-0.54931640625,1742308840.5778697
1742308840,597889527,-0.10546875,-0.01953125,0.9833984375,1.46484375,-4.2724609375,-0.3662109375,1742308840.5978894
1742308840,617993420,-0.037109375,-0.01708984375,1.0126953125,2.01416015625,-4.7607421875,-0.30517578125,1742308840.6179934
1742308840,637808918,-0.02392578125,-0.02294921875,0.96044921875,3.11279296875,-0.244140625,1.52587890625,1742308840.6378088
1742308840,657989413,-0.029296875,0.00341796875,0.96337890625,3.72314453125,7.080078125,1.0986328125,1742308840.6579895
1742308840,676241314,-0.07958984375,0.017578125,0.97802734375,3.96728515625,8.1787109375,1.77001953125,1742308840.6762414
1742308840,697830505,-0.10888671875,0.04052734375,0.95361328125,0.9765625,3.7841796875,1.77001953125,1742308840.6978304
1742308840,713584863,-0.0771484375,0.02197265625,0.92822265625,-2.74658203125,1.3427734375,1.77001953125,1742308840.713585
1742308840,738238436,-0.060546875,0.00830078125,0.9833984375,-4.33349609375,4.57763671875,2.13623046875,1742308840.7382383
1742308840,754470199,-0.12744140625,-0.0166015625,1.00830078125,-2.74658203125,2.50244140625,2.3193359375,1742308840.75447
1742308840,773968472,-0.1240234375,-0.0341796875,0.958984375,-0.48828125,-3.5400390625,1.77001953125,1742308840.7739685
1742308840,798238489,-0.115234375,-0.03857421875,0.96875,0.54931640625,-6.53076171875,0.6103515625,1742308840.7982385
1742308840,818139005,-0.09375,-0.01708984375,1.0068359375,2.25830078125,-6.77490234375,0.1220703125,1742308840.818139
1742308840,837818801,-0.05615234375,-0.00439453125,0.970703125,1.46484375,-6.28662109375,-0.06103515625,1742308840.8378189
1742308840,857960483,-0.068359375,0.02734375,0.9384765625,-0.48828125,-4.39453125,-0.18310546875,1742308840.8579605
1742308840,878047161,-0.0771484375,0.0146484375,0.96533203125,-2.38037109375,-5.18798828125,-0.3662109375,1742308840.8780472
1742308840,897903072,-0.0712890625,-0.01806640625,0.99267578125,-3.23486328125,-7.2021484375,-0.30517578125,1742308840.897903
1742308840,917853184,-0.044921875,-0.02587890625,0.99951171875,-1.708984375,-5.18798828125,-0.30517578125,1742308840.917853
1742308840,937759524,-0.00830078125,-0.02685546875,0.96826171875,1.0986328125,-2.25830078125,-0.06103515625,1742308840.9377596
1742308840,957993295,-0.009765625,-0.0126953125,1.00927734375,3.47900390625,4.82177734375,0.06103515625,1742308840.9579933
1742308840,977831063,-0.0205078125,-0.013671875,1.0009765625,3.84521484375,10.80322265625,-0.244140625,1742308840.9778311
1742308840,997852786,-0.05224609375,0.01611328125,0.94677734375,3.35693359375,13.7939453125,-0.54931640625,1742308840.9978528
1742308841,18086223,-0.1015625,0.015625,0.95751953125,2.25830078125,13.61083984375,-0.30517578125,1742308841.0180862
1742308841,37916079,-0.1337890625,-0.00244140625,0.98046875,0.42724609375,9.09423828125,-0.244140625,1742308841.0379162
1742308841,57936385,-0.1533203125,0.00244140625,0.96630859375,-0.54931640625,2.685546875,-0.1220703125,1742308841.0579364
1742308841,77850683,-0.13671875,-0.0087890625,0.95263671875,-0.48828125,-3.60107421875,-0.18310546875,1742308841.0778506
1742308841,97703482,-0.12255859375,-0.02099609375,0.982421875,-0.732421875,-7.9345703125,-0.3662109375,1742308841.0977035
1742308841,117903391,-0.07958984375,-0.01416015625,0.9970703125,-0.8544921875,-10.31494140625,-0.30517578125,1742308841.1179035
1742308841,137862678,-0.041015625,-0.01171875,0.96875,-0.732421875,-7.2021484375,0.244140625,1742308841.1378627
1742308841,158771208,-0.013671875,-0.01318359375,0.97509765625,0.0,-1.5869140625,-0.42724609375,1742308841.1587713
1742308841,177996691,-0.015625,-0.00048828125,1.0029296875,0.79345703125,2.685546875,-0.244140625,1742308841.1779966
1742308841,199392450,-0.05078125,-0.00537109375,0.98046875,1.953125,8.36181640625,-0.48828125,1742308841.1993926
1742308841,221412099,-0.0751953125,-0.01513671875,0.966796875,2.25830078125,8.9111328125,-0.30517578125,1742308841.2214122
1742308841,239496674,-0.12451171875,0.0029296875,0.97265625,1.708984375,7.080078125,-0.244140625,1742308841.2394967
1742308841,258536315,-0.138671875,0.0009765625,0.96435546875,1.15966796875,1.89208984375,-0.18310546875,1742308841.2585363
1742308841,275418321,-0.1240234375,0.01123046875,0.9560546875,0.42724609375,-3.84521484375,-0.244140625,1742308841.2754183
1742308841,295751693,-0.1025390625,0.01025390625,0.97119140625,-0.6103515625,-7.01904296875,-0.42724609375,1742308841.2957518
1742308841,323677889,-0.0751953125,-0.01025390625,0.98095703125,-1.8310546875,-7.4462890625,-0.42724609375,1742308841.3236778
1742308841,352560560,-0.04248046875,-0.0087890625,0.97119140625,-1.3427734375,-3.35693359375,-0.244140625,1742308841.3525605
1742308841,367490708,-0.03125,-0.02099609375,0.9892578125,-0.8544921875,-0.54931640625,-0.3662109375,1742308841.3674908
1742308841,379394067,-0.052734375,-0.01806640625,0.99560546875,0.3662109375,2.44140625,-0.1220703125,1742308841.379394
1742308841,398482985,-0.05712890625,-0.02294921875,0.994140625,1.708984375,4.8828125,-0.79345703125,1742308841.398483
1742308841,414768491,-0.07080078125,-0.01171875,0.97607421875,2.62451171875,6.28662109375,-0.244140625,1742308841.4147685
1742308841,435166082,-0.09716796875,-0.00244140625,0.966796875,2.50244140625,5.67626953125,0.1220703125,1742308841.4351661
1742308841,459823843,-0.11962890625,0.0078125,0.955078125,1.28173828125,1.708984375,-0.1220703125,1742308841.4598238
1742308841,474328646,-0.1142578125,0.02197265625,0.95849609375,-0.1220703125,-0.8544921875,-0.30517578125,1742308841.4743288
1742308841,511402178,-0.109375,0.00048828125,0.9716796875,-1.89208984375,-5.43212890625,-0.1220703125,1742308841.5114021
1742308841,528627455,-0.06640625,0.0,0.97607421875,-1.40380859375,-4.7607421875,-0.67138671875,1742308841.5286274
1742308841,534232200,-0.060546875,-0.0224609375,0.9775390625,-0.244140625,-3.41796875,0.18310546875,1742308841.5342321
1742308841,553527855,-0.06396484375,-0.01953125,0.98486328125,0.18310546875,-0.42724609375,-0.1220703125,1742308841.5535278
1742308841,579287425,-0.04443359375,-0.02392578125,0.9794921875,1.28173828125,2.44140625,-0.244140625,1742308841.5792875
1742308841,595745557,-0.06494140625,-0.0048828125,0.986328125,2.13623046875,4.2724609375,-0.48828125,1742308841.5957456
1742308841,616564462,-0.095703125,0.00146484375,0.96875,2.01416015625,4.150390625,-0.30517578125,1742308841.6165645
1742308841,643823346,-0.09423828125,0.0048828125,0.9658203125,0.6103515625,1.708984375,-0.244140625,1742308841.6438234
1742308841,697046586,-0.09423828125,-0.00732421875,0.96630859375,-1.0986328125,-2.44140625,0.0,1742308841.6970465
1742308841,697203598,-0.09423828125,-0.00634765625,0.97900390625,-0.79345703125,-3.35693359375,-0.54931640625,1742308841.6972036
1742308841,725544772,-0.08349609375,-0.0205078125,0.986328125,0.0,-3.662109375,-0.30517578125,1742308841.7255447
1742308841,741047839,-0.06982421875,-0.01953125,0.98193359375,0.30517578125,-2.8076171875,0.06103515625,1742308841.7410479
1742308841,760584852,-0.07470703125,-0.00927734375,0.98046875,1.3427734375,-1.03759765625,0.1220703125,1742308841.7605848
1742308841,778833415,-0.06591796875,-0.00830078125,0.97314453125,1.77001953125,1.0986328125,-0.1220703125,1742308841.7788334
1742308841,812164435,-0.08544921875,0.00341796875,0.96435546875,0.91552734375,3.662109375,-0.244140625,1742308841.8121645
1742308841,817869204,-0.0869140625,0.0,0.9736328125,0.79345703125,3.41796875,-0.3662109375,1742308841.8178692
1742308841,841031651,-0.10009765625,-0.00390625,0.97216796875,0.0,1.40380859375,-0.30517578125,1742308841.8410316
1742308841,858182149,-0.109375,0.0029296875,0.9638671875,-0.54931640625,-0.79345703125,-0.244140625,1742308841.8581822
1742308841,873826037,-0.10595703125,-0.00634765625,0.9775390625,-0.6103515625,-4.150390625,0.1220703125,1742308841.873826
1742308841,898327426,-0.068359375,-0.0087890625,0.984375,-0.3662109375,-3.662109375,-0.6103515625,1742308841.8983274
1742308841,915293938,-0.056640625,-0.001953125,0.98779296875,0.9765625,-3.90625,-0.3662109375,1742308841.915294
1742308841,935222539,-0.072265625,-0.00390625,0.97509765625,1.220703125,-0.30517578125,-0.18310546875,1742308841.9352226
1742308841,958830489,-0.037109375,-0.01904296875,0.97216796875,0.79345703125,2.3193359375,-0.18310546875,1742308841.9588306
1742308841,978174012,-0.0810546875,0.01123046875,0.98095703125,0.1220703125,3.84521484375,-0.30517578125,1742308841.978174
1742308841,998069751,-0.0830078125,-0.00634765625,0.97216796875,0.42724609375,3.35693359375,-0.6103515625,1742308841.9980698
1742308842,18084411,-0.10595703125,-0.00244140625,0.96923828125,-0.18310546875,0.54931640625,-0.42724609375,1742308842.0180845
1742308842,37899091,-0.10546875,-0.00634765625,0.97119140625,-0.18310546875,-0.8544921875,-0.1220703125,1742308842.037899
1742308842,52810346,-0.09326171875,-0.021484375,0.978515625,-0.1220703125,-2.74658203125,0.1220703125,1742308842.0528104
1742308842,79473272,-0.091796875,-0.0029296875,0.9775390625,-0.42724609375,-3.41796875,-0.244140625,1742308842.0794733
1742308842,97757406,-0.064453125,-0.00146484375,0.970703125,0.1220703125,-2.3193359375,-0.48828125,1742308842.0977573
1742308842,117975865,-0.048828125,-0.00048828125,0.98486328125,0.6103515625,-0.54931640625,-0.3662109375,1742308842.117976
1742308842,138074972,-0.04736328125,-0.00537109375,0.97265625,0.79345703125,2.74658203125,-0.30517578125,1742308842.1380749
1742308842,158935433,-0.0712890625,-0.00341796875,0.9638671875,0.67138671875,4.39453125,-0.1220703125,1742308842.1589355
1742308842,178072818,-0.09716796875,-0.0087890625,0.9794921875,0.91552734375,4.5166015625,-0.244140625,1742308842.178073
1742308842,197589663,-0.10400390625,-0.0107421875,0.97607421875,0.9765625,2.5634765625,-0.48828125,1742308842.1975896
1742308842,213012529,-0.10986328125,0.0048828125,0.96923828125,0.732421875,-0.732421875,-0.30517578125,1742308842.2130125
1742308842,237868320,-0.12109375,-0.00244140625,0.97314453125,-0.30517578125,-4.5166015625,0.18310546875,1742308842.2378683
1742308842,259119314,-0.08154296875,0.0,0.96875,0.30517578125,-5.18798828125,-0.42724609375,1742308842.2591193
1742308842,278368242,-0.04931640625,-0.02099609375,0.9853515625,1.0986328125,-3.5400390625,-0.3662109375,1742308842.2783682
1742308842,297922364,-0.05078125,-0.00146484375,0.98193359375,-0.30517578125,-0.9765625,-0.48828125,1742308842.2979224
1742308842,317924583,-0.04150390625,-0.01220703125,0.9697265625,0.42724609375,2.9296875,-0.244140625,1742308842.3179245
1742308842,337993645,-0.068359375,-0.01025390625,0.99169921875,1.46484375,4.69970703125,-0.244140625,1742308842.3379936
1742308842,358278659,-0.10791015625,0.0009765625,0.98193359375,2.13623046875,4.33349609375,-0.244140625,1742308842.3582788
1742308842,372866385,-0.09375,-0.01220703125,0.955078125,1.03759765625,1.5869140625,-0.244140625,1742308842.3728664
1742308842,392987667,-0.123046875,0.0087890625,0.97412109375,0.30517578125,-1.0986328125,-0.30517578125,1742308842.3929877
1742308842,418314177,-0.1005859375,-0.00537109375,0.9755859375,-0.42724609375,-3.84521484375,-0.42724609375,1742308842.4183142
1742308842,438002433,-0.08740234375,0.0146484375,0.9677734375,-1.15966796875,-5.55419921875,-0.18310546875,1742308842.4380023
1742308842,457926930,-0.09423828125,-0.00146484375,0.9755859375,-1.64794921875,-5.7373046875,-0.6103515625,1742308842.457927
1742308842,478269860,-0.03466796875,-0.0146484375,0.9794921875,-0.48828125,-2.685546875,-0.67138671875,1742308842.4782698
1742308842,497796048,-0.04931640625,-0.0087890625,0.9970703125,0.54931640625,-0.42724609375,-0.3662109375,1742308842.497796
1742308842,518363154,-0.05126953125,-0.0068359375,0.97021484375,1.77001953125,3.96728515625,-0.244140625,1742308842.5183632
1742308842,537995799,-0.07763671875,-0.00927734375,0.966796875,1.708984375,4.69970703125,0.18310546875,1742308842.5379958
1742308842,558115065,-0.107421875,0.0,0.982421875,1.708984375,4.8828125,-0.30517578125,1742308842.558115
1742308842,577720608,-0.09765625,-0.00390625,0.96435546875,1.28173828125,2.01416015625,-0.30517578125,1742308842.5777206
1742308842,597756328,-0.11962890625,0.0,0.97314453125,0.67138671875,-1.15966796875,-0.1220703125,1742308842.5977564
1742308842,617995010,-0.09912109375,0.0,0.970703125,-0.3662109375,-3.23486328125,-0.3662109375,1742308842.617995
1742308842,637983150,-0.08056640625,-0.0048828125,0.9658203125,-0.67138671875,-4.2724609375,0.0,1742308842.637983
1742308842,657927484,-0.06982421875,-0.00048828125,0.978515625,-0.91552734375,-3.41796875,-0.18310546875,1742308842.6579275
1742308842,677859468,-0.06640625,-0.021484375,0.9775390625,-0.54931640625,-1.953125,-0.18310546875,1742308842.6778595
1742308842,698484650,-0.06689453125,-0.0078125,0.9921875,0.42724609375,0.18310546875,-0.3662109375,1742308842.6984847
1742308842,717872896,-0.05810546875,-0.01416015625,0.9755859375,0.9765625,1.953125,-0.06103515625,1742308842.7178729
1742308842,738280398,-0.06689453125,-0.0048828125,0.97216796875,1.15966796875,3.41796875,-0.1220703125,1742308842.7382803
1742308842,759476131,-0.09375,-0.01025390625,0.97412109375,1.03759765625,3.41796875,0.0,1742308842.7594762
1742308842,777801893,-0.09130859375,-0.00830078125,0.97119140625,0.8544921875,2.86865234375,-0.3662109375,1742308842.777802
1742308842,793830636,-0.09228515625,0.001953125,0.9736328125,0.244140625,1.15966796875,-0.3662109375,1742308842.7938306
1742308842,813330778,-0.10498046875,0.0009765625,0.97607421875,-0.42724609375,-1.03759765625,-0.54931640625,1742308842.813331
1742308842,838091633,-0.06884765625,-0.0048828125,0.9697265625,0.8544921875,-0.67138671875,-0.42724609375,1742308842.8380916
1742308842,859627565,-0.0810546875,-0.01123046875,0.98046875,0.6103515625,-1.5869140625,0.1220703125,1742308842.8596275
1742308842,877684771,-0.08447265625,-0.0048828125,0.97021484375,0.732421875,0.06103515625,-0.3662109375,1742308842.8776848
1742308842,894243172,-0.08056640625,-0.01318359375,0.96728515625,0.48828125,0.06103515625,-0.30517578125,1742308842.8942432
1742308842,917910792,-0.0751953125,0.001953125,0.98828125,0.732421875,-0.06103515625,-0.48828125,1742308842.9179108
1742308842,937914739,-0.07275390625,0.0,0.970703125,0.9765625,-0.3662109375,-0.18310546875,1742308842.9379148
1742308842,957732618,-0.08935546875,0.00146484375,0.966796875,0.9765625,-0.67138671875,-0.18310546875,1742308842.9577327
1742308842,977798160,-0.08544921875,-0.005859375,0.97216796875,0.91552734375,-0.8544921875,-0.244140625,1742308842.9777982
1742308842,998027403,-0.078125,-0.00830078125,0.97509765625,0.0,-0.91552734375,-0.42724609375,1742308842.9980273
1742308843,18420747,-0.0771484375,-0.0029296875,0.96826171875,-0.42724609375,-0.732421875,-0.1220703125,1742308843.0184207
1742308843,38896426,-0.0830078125,-0.00732421875,0.97509765625,0.244140625,-0.91552734375,-0.30517578125,1742308843.0388963
1742308843,57982860,-0.07958984375,-0.00830078125,0.984375,0.9765625,-0.8544921875,-0.244140625,1742308843.057983
1742308843,78081638,-0.0732421875,-0.00634765625,0.9775390625,0.79345703125,-0.3662109375,-0.18310546875,1742308843.0780816
1742308843,94203032,-0.07470703125,-0.00732421875,0.96875,0.1220703125,0.3662109375,-0.30517578125,1742308843.094203
1742308843,117853465,-0.08349609375,-0.00341796875,0.97607421875,-0.1220703125,0.48828125,-0.06103515625,1742308843.1178534
1742308843,137771744,-0.08251953125,-0.001953125,0.9765625,-0.06103515625,0.3662109375,-0.06103515625,1742308843.1377718
1742308843,157940853,-0.08544921875,-0.00244140625,0.96533203125,0.1220703125,-0.42724609375,0.06103515625,1742308843.1579409
1742308843,177914296,-0.078125,-0.0087890625,0.97314453125,0.6103515625,-1.46484375,-0.1220703125,1742308843.1779144
1742308843,198870326,-0.0810546875,-0.0078125,0.98486328125,0.1220703125,-1.953125,0.1220703125,1742308843.1988704
1742308843,217689930,-0.05810546875,-0.0234375,0.97998046875,0.54931640625,0.6103515625,-0.1220703125,1742308843.21769
1742308843,237814979,-0.068359375,-0.00341796875,0.98779296875,1.0986328125,1.708984375,-0.1220703125,1742308843.237815
1742308843,252850177,-0.06640625,-0.0087890625,0.96630859375,1.0986328125,3.60107421875,-0.244140625,1742308843.2528503
1742308843,277854211,-0.0859375,-0.00732421875,0.97998046875,1.3427734375,2.9296875,-0.1220703125,1742308843.2778542
1742308843,297942334,-0.109375,-0.00244140625,0.98779296875,1.40380859375,2.3193359375,-0.244140625,1742308843.2979424
1742308843,317858853,-0.09423828125,-0.00341796875,0.9609375,0.6103515625,-0.30517578125,-0.42724609375,1742308843.317859
1742308843,338080534,-0.103515625,0.0029296875,0.96240234375,0.30517578125,-2.0751953125,-0.244140625,1742308843.3380806
1742308843,357831657,-0.0791015625,-0.00439453125,0.97119140625,-0.30517578125,-3.173828125,-0.06103515625,1742308843.3578317
1742308843,377836586,-0.0791015625,-0.005859375,0.98388671875,-0.42724609375,-3.72314453125,-0.18310546875,1742308843.3778367
1742308843,397946628,-0.06982421875,-0.00244140625,0.97705078125,-0.3662109375,-2.3193359375,-0.30517578125,1742308843.3979466
1742308843,418001921,-0.04541015625,-0.0068359375,0.97998046875,-0.244140625,-0.67138671875,-0.244140625,1742308843.418002
1742308843,437803376,-0.06103515625,-0.005859375,0.98095703125,0.42724609375,1.8310546875,-0.1220703125,1742308843.4378033
1742308843,462728695,-0.07763671875,-0.01318359375,0.9677734375,1.03759765625,3.72314453125,-0.06103515625,1742308843.4627287
1742308843,478379658,-0.08349609375,-0.01220703125,0.98046875,1.0986328125,3.84521484375,-0.3662109375,1742308843.4783797
1742308843,497684924,-0.09912109375,-0.00634765625,0.97705078125,0.9765625,3.0517578125,-0.48828125,1742308843.497685
1742308843,517838419,-0.0986328125,-0.00146484375,0.970703125,0.9765625,0.244140625,-0.18310546875,1742308843.5178385
1742308843,533045093,-0.10693359375,0.00439453125,0.96337890625,0.67138671875,-1.46484375,0.0,1742308843.533045
1742308843,557722589,-0.0966796875,-0.00341796875,0.96337890625,-0.8544921875,-4.39453125,-0.79345703125,1742308843.5577226
1742308843,578011946,-0.05029296875,-0.00927734375,0.9736328125,0.54931640625,-2.3193359375,-0.91552734375,1742308843.578012
1742308843,597898291,-0.0693359375,-0.017578125,0.9853515625,0.732421875,-1.8310546875,-0.06103515625,1742308843.5978982
1742308843,618057034,-0.076171875,0.00146484375,0.9716796875,1.0986328125,1.46484375,-0.244140625,1742308843.618057
1742308843,637772415,-0.05908203125,-0.01123046875,0.95654296875,1.220703125,2.13623046875,-0.18310546875,1742308843.6377723
1742308843,654753108,-0.0810546875,0.00146484375,0.984375,1.0986328125,3.35693359375,-0.3662109375,1742308843.6547532
1742308843,677697351,-0.0810546875,-0.00439453125,0.97607421875,0.732421875,3.662109375,-0.30517578125,1742308843.6776974
1742308843,701354375,-0.0947265625,-0.00146484375,0.96484375,0.42724609375,1.8310546875,-0.48828125,1742308843.7013543
1742308843,717961207,-0.11083984375,-0.0068359375,0.9775390625,0.91552734375,-0.18310546875,-0.06103515625,1742308843.7179613
1742308843,737668748,-0.1044921875,-0.009765625,0.9765625,0.06103515625,-1.708984375,0.06103515625,1742308843.7376688
1742308843,754061579,-0.087890625,0.0068359375,0.96826171875,0.06103515625,-1.89208984375,-0.48828125,1742308843.7540615
1742308843,777723851,-0.07275390625,-0.00439453125,0.96875,-0.48828125,-1.15966796875,-0.42724609375,1742308843.7777238
1742308843,797836132,-0.0673828125,-0.0068359375,0.98974609375,-0.48828125,-0.06103515625,-0.54931640625,1742308843.797836
1742308843,817927903,-0.08447265625,-0.0078125,0.974609375,0.06103515625,0.48828125,0.06103515625,1742308843.8179278
1742308843,838175535,-0.07861328125,-0.0078125,0.9716796875,0.732421875,0.3662109375,0.1220703125,1742308843.8381755
1742308843,858371970,-0.07861328125,-0.0068359375,0.98388671875,1.64794921875,0.54931640625,-0.1220703125,1742308843.858372
1742308843,877698643,-0.0869140625,-0.00634765625,0.9736328125,1.220703125,0.48828125,-0.3662109375,1742308843.8776987
1742308843,898370501,-0.0869140625,0.00341796875,0.96484375,0.18310546875,0.42724609375,-0.42724609375,1742308843.8983705
1742308843,912750578,-0.0693359375,0.0,0.97412109375,0.06103515625,1.77001953125,0.0,1742308843.9127505
1742308843,939413278,-0.1005859375,-0.00146484375,0.9794921875,-0.91552734375,0.9765625,0.0,1742308843.9394133
1742308843,957705432,-0.04248046875,-0.029296875,0.97900390625,1.77001953125,4.0283203125,-0.732421875,1742308843.9577055
1742308843,973500960,-0.125,-0.00537109375,0.98974609375,3.0517578125,1.89208984375,-0.244140625,1742308843.973501
1742308843,998007173,-0.12060546875,0.00927734375,0.96435546875,2.01416015625,-0.1220703125,-0.30517578125,1742308843.998007
1742308844,18000247,-0.10595703125,0.01123046875,0.94873046875,-0.18310546875,-2.8076171875,-0.06103515625,1742308844.0180004
1742308844,37690212,-0.08544921875,0.01171875,0.96240234375,-1.40380859375,-2.62451171875,-0.1220703125,1742308844.0376902
1742308844,59741646,-0.07177734375,-0.0068359375,0.974609375,-1.8310546875,-3.0517578125,-0.06103515625,1742308844.0597417
1742308844,77747055,-0.07373046875,-0.01318359375,0.990234375,-0.6103515625,-2.86865234375,-0.54931640625,1742308844.077747
1742308844,98731554,-0.056640625,-0.01416015625,0.9814453125,0.30517578125,-1.64794921875,-0.54931640625,1742308844.0987315
1742308844,113076993,-0.0478515625,-0.01318359375,0.97607421875,0.30517578125,0.8544921875,-0.18310546875,1742308844.113077
1742308844,137884108,-0.0791015625,-0.0087890625,0.97265625,0.1220703125,3.662109375,-0.06103515625,1742308844.1378841
1742308844,157804969,-0.1005859375,-0.0146484375,0.978515625,0.3662109375,3.47900390625,-0.18310546875,1742308844.157805
1742308844,172826873,-0.111328125,-0.0078125,0.98681640625,0.732421875,0.6103515625,-0.18310546875,1742308844.1728268
1742308844,197792825,-0.10205078125,-0.0068359375,0.97705078125,0.8544921875,-2.25830078125,-0.48828125,1742308844.1977928
1742308844,218440867,-0.0888671875,-0.00244140625,0.97021484375,0.42724609375,-3.60107421875,-0.30517578125,1742308844.2184408
1742308844,237718029,-0.072265625,0.001953125,0.96826171875,-0.18310546875,-2.86865234375,0.0,1742308844.237718
1742308844,257838236,-0.07763671875,-0.00732421875,0.97412109375,-0.8544921875,-1.28173828125,0.06103515625,1742308844.2578382
1742308844,277929805,-0.08056640625,-0.00830078125,0.978515625,-1.15966796875,-0.30517578125,-0.42724609375,1742308844.2779298
1742308844,297727955,-0.07080078125,-0.01123046875,0.97509765625,-0.30517578125,-1.3427734375,-0.54931640625,1742308844.297728
1742308844,318049364,-0.07080078125,-0.01416015625,0.97412109375,0.91552734375,-1.15966796875,0.0,1742308844.3180494
1742308844,339177949,-0.05810546875,-0.03125,0.97900390625,1.708984375,1.15966796875,0.06103515625,1742308844.3391778
1742308844,360137586,-0.0732421875,0.00048828125,0.9931640625,1.03759765625,2.3193359375,-0.1220703125,1742308844.3601377
1742308844,377861223,-0.05615234375,0.0,0.95654296875,0.9765625,4.21142578125,-0.54931640625,1742308844.3778613
1742308844,397882205,-0.095703125,0.00048828125,0.9658203125,0.79345703125,2.74658203125,-0.48828125,1742308844.3978822
1742308844,417839576,-0.115234375,0.001953125,0.986328125,0.732421875,0.42724609375,-0.244140625,1742308844.4178395
1742308844,438296048,-0.083984375,-0.0009765625,0.95849609375,0.244140625,-1.77001953125,-0.18310546875,1742308844.438296
1742308844,457692369,-0.08642578125,0.0048828125,0.96044921875,0.0,-1.8310546875,-0.30517578125,1742308844.4576924
1742308844,477873948,-0.07080078125,-0.00537109375,0.9765625,-0.79345703125,-0.67138671875,-0.67138671875,1742308844.477874
1742308844,497846325,-0.072265625,-0.013671875,0.98486328125,-0.54931640625,-0.06103515625,-0.1220703125,1742308844.4978464
1742308844,517783281,-0.0771484375,-0.0126953125,0.97607421875,0.3662109375,0.91552734375,-0.18310546875,1742308844.5177832
1742308844,537826278,-0.078125,-0.0166015625,0.986328125,1.5869140625,0.79345703125,-0.06103515625,1742308844.5378263
1742308844,557933494,-0.0908203125,-0.0078125,0.98779296875,2.50244140625,0.8544921875,-0.18310546875,1742308844.5579336
1742308844,577722364,-0.087890625,-0.00439453125,0.9638671875,1.953125,0.42724609375,-0.3662109375,1742308844.5777223
1742308844,597375147,-0.08349609375,0.00634765625,0.96630859375,0.732421875,0.06103515625,-0.42724609375,1742308844.5973752
1742308844,618741828,-0.1201171875,0.00244140625,0.9716796875,0.18310546875,-2.25830078125,0.0,1742308844.6187418
1742308844,638158020,-0.0869140625,-0.005859375,0.96533203125,-0.6103515625,-5.4931640625,-0.1220703125,1742308844.638158
1742308844,657684540,-0.07275390625,0.00244140625,0.9814453125,0.18310546875,-4.94384765625,0.06103515625,1742308844.6576846
1742308844,678557111,-0.0341796875,-0.017578125,0.9873046875,-0.91552734375,-2.38037109375,0.18310546875,1742308844.6785572
1742308844,697603697,-0.01123046875,-0.02490234375,1.0,-0.06103515625,5.2490234375,-0.48828125,1742308844.6976037
1742308844,712886575,-0.05517578125,-0.0087890625,0.99951171875,1.953125,8.72802734375,-0.42724609375,1742308844.7128866
1742308844,737633086,-0.1123046875,-0.0126953125,0.9658203125,2.62451171875,9.1552734375,-0.18310546875,1742308844.737633
1742308844,757608503,-0.13330078125,-0.0029296875,0.96630859375,1.953125,5.126953125,-0.1220703125,1742308844.7576084
1742308844,772989006,-0.13720703125,0.0087890625,0.96630859375,1.220703125,0.67138671875,-0.42724609375,1742308844.772989
1742308844,798234266,-0.11376953125,0.00732421875,0.96240234375,-0.91552734375,-4.45556640625,-0.42724609375,1742308844.7982342
1742308844,818327883,-0.109375,0.0029296875,0.96484375,-2.0751953125,-7.8125,-0.244140625,1742308844.818328
1742308844,837691183,-0.107421875,-0.0126953125,0.9814453125,-1.708984375,-8.97216796875,0.06103515625,1742308844.837691
1742308844,857747203,-0.1005859375,-0.01318359375,0.9765625,-1.52587890625,-13.3056640625,0.0,1742308844.8577473
1742308844,877873297,-0.02783203125,-0.01708984375,0.97705078125,-0.9765625,-14.404296875,0.06103515625,1742308844.8778732
1742308844,897430695,-0.01416015625,-0.00390625,0.9765625,-0.06103515625,-9.46044921875,0.48828125,1742308844.8974307
1742308844,913567786,0.04052734375,-0.01220703125,0.9833984375,0.0,-1.40380859375,0.67138671875,1742308844.9135678
1742308844,937452885,-0.02294921875,0.00048828125,1.00048828125,1.77001953125,8.4228515625,1.220703125,1742308844.9374528
1742308844,957725241,-0.04443359375,-0.01123046875,0.96435546875,1.89208984375,11.8408203125,2.44140625,1742308844.9577253
1742308844,977949729,-0.07861328125,-0.01611328125,0.962890625,2.0751953125,12.3291015625,4.82177734375,1742308844.9779496
1742308844,997589298,-0.115234375,-0.0078125,0.99853515625,3.41796875,14.2822265625,8.30078125,1742308844.9975893
1742308845,13377240,-0.1435546875,-0.01513671875,0.9775390625,2.9296875,11.1083984375,10.68115234375,1742308845.0133772
1742308845,37801880,-0.1630859375,-0.015625,0.947265625,1.15966796875,1.89208984375,12.63427734375,1742308845.037802
1742308845,63484674,-0.14208984375,-0.0107421875,0.9560546875,2.8076171875,-3.90625,14.2822265625,1742308845.0634847
1742308845,73731400,-0.0458984375,-0.02978515625,0.9990234375,4.08935546875,-5.06591796875,14.16015625,1742308845.0737314
1742308845,97929495,-0.05224609375,0.01708984375,1.00048828125,3.11279296875,0.732421875,15.625,1742308845.0979295
1742308845,113096238,-0.0537109375,0.03076171875,0.9326171875,0.732421875,4.39453125,14.95361328125,1742308845.1130962
1742308845,135491416,-0.0625,0.01513671875,0.9375,-0.1220703125,3.84521484375,13.61083984375,1742308845.1354914
1742308845,157586199,-0.1005859375,0.01025390625,0.99755859375,-1.15966796875,0.3662109375,11.77978515625,1742308845.157586
1742308845,178208634,-0.09716796875,-0.0029296875,0.97802734375,-2.25830078125,-1.8310546875,10.68115234375,1742308845.1782086
1742308845,197637006,-0.08447265625,0.00390625,0.9580078125,-2.5634765625,-3.5400390625,10.43701171875,1742308845.197637
1742308845,217828078,-0.08447265625,-0.00390625,0.97705078125,-1.52587890625,-2.9296875,10.19287109375,1742308845.217828
1742308845,234206387,-0.078125,-0.01318359375,0.99560546875,-0.42724609375,-1.77001953125,10.25390625,1742308845.2342064
1742308845,257542397,-0.068359375,-0.0146484375,0.978515625,0.732421875,0.1220703125,10.07080078125,1742308845.2575424
1742308845,277419026,-0.068359375,-0.0009765625,0.9765625,1.40380859375,1.953125,9.33837890625,1742308845.277419
1742308845,297479452,-0.0732421875,0.009765625,0.97509765625,0.9765625,2.44140625,8.23974609375,1742308845.2974794
1742308845,317484041,-0.08203125,0.0087890625,0.96142578125,-0.06103515625,2.44140625,7.01904296875,1742308845.3174841
1742308845,338327196,-0.0859375,-0.005859375,0.9609375,-0.42724609375,1.52587890625,5.67626953125,1742308845.3383272
1742308845,357842699,-0.09716796875,-0.01806640625,0.9873046875,0.244140625,-0.67138671875,3.72314453125,1742308845.3578427
1742308845,377604776,-0.0947265625,-0.0087890625,0.98828125,1.40380859375,-2.38037109375,1.220703125,1742308845.3776047
1742308845,397539962,-0.09716796875,0.01611328125,0.9716796875,1.46484375,-5.126953125,-0.732421875,1742308845.3975399
1742308845,415443158,-0.10205078125,0.03515625,0.95703125,-0.06103515625,-6.65283203125,0.18310546875,1742308845.4154432
1742308845,439750814,-0.0439453125,0.0048828125,0.9619140625,-2.01416015625,-4.69970703125,-0.48828125,1742308845.439751
1742308845,458716210,-0.04541015625,0.00146484375,0.97900390625,-3.11279296875,-3.60107421875,-0.30517578125,1742308845.4587162
1742308845,477808221,-0.05615234375,-0.0146484375,0.98291015625,-1.8310546875,0.30517578125,-0.18310546875,1742308845.4778082
1742308845,492999186,-0.05029296875,-0.03955078125,0.99951171875,-0.06103515625,3.96728515625,-0.18310546875,1742308845.492999
1742308845,528424005,-0.09619140625,-0.0126953125,0.99072265625,3.60107421875,6.40869140625,-0.1220703125,1742308845.528424
1742308845,537376707,-0.09326171875,-0.00439453125,0.96240234375,3.7841796875,6.103515625,-0.3662109375,1742308845.5373766
1742308845,561716776,-0.1083984375,0.00341796875,0.95458984375,3.47900390625,4.2724609375,-0.1220703125,1742308845.5617168
1742308845,577850685,-0.12255859375,0.0166015625,0.9697265625,2.25830078125,1.8310546875,-0.244140625,1742308845.5778506
1742308845,597729779,-0.10888671875,0.0224609375,0.958984375,-0.06103515625,-1.64794921875,-0.244140625,1742308845.5977297
1742308845,619577154,-0.1005859375,0.02294921875,0.94677734375,-2.01416015625,-4.2724609375,-0.18310546875,1742308845.6195772
1742308845,632946291,-0.091796875,0.001953125,0.96630859375,-2.8076171875,-5.43212890625,-0.1220703125,1742308845.6329463
1742308845,653855011,-0.06689453125,-0.021484375,0.99365234375,-2.3193359375,-4.21142578125,-0.18310546875,1742308845.653855
1742308845,675482657,-0.05712890625,-0.02099609375,0.99755859375,-0.6103515625,-1.953125,-0.244140625,1742308845.6754827
1742308845,698537630,-0.06005859375,-0.0205078125,0.98095703125,1.3427734375,0.79345703125,-0.30517578125,1742308845.6985376
1742308845,713032259,-0.06591796875,-0.009765625,0.99169921875,3.11279296875,3.23486328125,-0.244140625,1742308845.7130322
1742308845,737694035,-0.07666015625,-0.0009765625,0.98046875,3.41796875,4.2724609375,0.1220703125,1742308845.737694
1742308845,755446809,-0.10009765625,0.013671875,0.96044921875,2.13623046875,4.2724609375,-0.244140625,1742308845.755447
1742308845,773860242,-0.1083984375,0.02197265625,0.95703125,0.42724609375,1.8310546875,-0.42724609375,1742308845.7738602
1742308845,795470162,-0.0986328125,0.0166015625,0.9658203125,-1.15966796875,-0.54931640625,-0.06103515625,1742308845.7954702
1742308845,813296084,-0.08642578125,-0.013671875,0.97998046875,-0.8544921875,-1.64794921875,0.0,1742308845.813296
1742308845,835977674,-0.10107421875,-0.00634765625,0.9921875,-0.732421875,-3.23486328125,-0.06103515625,1742308845.8359778
1742308845,857897589,-0.06787109375,-0.01806640625,0.97607421875,0.1220703125,-2.50244140625,-0.244140625,1742308845.8578975
1742308845,878922076,-0.0595703125,-0.009765625,0.982421875,1.52587890625,-0.244140625,-0.244140625,1742308845.878922
1742308845,893036027,-0.07080078125,0.01025390625,0.98583984375,1.77001953125,0.54931640625,-0.06103515625,1742308845.8930361
1742308845,912741276,-0.076171875,0.0029296875,0.9609375,0.91552734375,2.5634765625,-0.18310546875,1742308845.9127412
1742308845,937587743,-0.09033203125,0.013671875,0.96484375,0.42724609375,2.99072265625,-0.244140625,1742308845.9375877
1742308845,957545328,-0.09326171875,0.00146484375,0.97607421875,0.18310546875,2.50244140625,-0.42724609375,1742308845.9575453
1742308845,978149940,-0.1123046875,-0.005859375,0.97900390625,-0.54931640625,0.6103515625,-0.48828125,1742308845.97815
1742308845,993129143,-0.10546875,0.0048828125,0.97021484375,-0.42724609375,-1.3427734375,-0.42724609375,1742308845.9931293
1742308846,17594148,-0.09130859375,-0.0078125,0.97021484375,0.0,-3.23486328125,0.1220703125,1742308846.017594
1742308846,33343364,-0.087890625,-0.0048828125,0.9853515625,0.6103515625,-3.41796875,-0.06103515625,1742308846.0333433
1742308846,57775070,-0.07470703125,-0.00390625,0.9765625,0.6103515625,-1.89208984375,-0.244140625,1742308846.057775
1742308846,79682241,-0.06103515625,0.0029296875,0.974609375,0.42724609375,0.18310546875,-0.42724609375,1742308846.0796824
1742308846,97538867,-0.060546875,0.00341796875,0.978515625,0.3662109375,2.44140625,-0.3662109375,1742308846.097539
1742308846,117838402,-0.08251953125,-0.00048828125,0.9716796875,0.42724609375,3.23486328125,-0.42724609375,1742308846.1178384
1742308846,132739675,-0.09716796875,0.001953125,0.9697265625,0.3662109375,2.9296875,-0.3662109375,1742308846.1327398
1742308846,157703633,-0.11767578125,-0.00048828125,0.97607421875,-0.54931640625,-0.54931640625,-0.54931640625,1742308846.1577036
1742308846,177559197,-0.0771484375,-0.001953125,0.97265625,0.30517578125,-1.0986328125,-0.79345703125,1742308846.1775591
1742308846,197778002,-0.0810546875,-0.01318359375,0.98388671875,0.9765625,-2.38037109375,0.06103515625,1742308846.197778
1742308846,217501287,-0.095703125,0.001953125,0.984375,0.9765625,-0.8544921875,0.06103515625,1742308846.2175014
1742308846,237510057,-0.06640625,-0.00732421875,0.9609375,0.8544921875,-0.244140625,-0.18310546875,1742308846.23751
1742308846,257558217,-0.0625,0.00048828125,0.9775390625,0.8544921875,2.01416015625,-0.54931640625,1742308846.257558
1742308846,278131301,-0.078125,0.00390625,0.9833984375,0.18310546875,2.01416015625,-0.6103515625,1742308846.2781312
1742308846,298828186,-0.09033203125,-0.00244140625,0.96826171875,-0.42724609375,1.3427734375,-0.1220703125,1742308846.2988281
1742308846,317556850,-0.11669921875,-0.00048828125,0.97509765625,-0.18310546875,0.6103515625,-0.1220703125,1742308846.3175569
1742308846,333820207,-0.1025390625,-0.0126953125,0.978515625,0.1220703125,-0.79345703125,-0.06103515625,1742308846.33382
1742308846,352568902,-0.0986328125,-0.0048828125,0.9794921875,0.6103515625,-1.8310546875,-0.42724609375,1742308846.3525689
1742308846,372521004,-0.0888671875,-0.00439453125,0.97314453125,0.48828125,-2.01416015625,-0.3662109375,1742308846.372521
1742308846,397963330,-0.07763671875,-0.0029296875,0.9794921875,0.48828125,-1.52587890625,-0.18310546875,1742308846.3979633
1742308846,413288286,-0.07568359375,0.00244140625,0.9814453125,0.67138671875,-0.30517578125,-0.06103515625,1742308846.4132884
1742308846,437976903,-0.06787109375,-0.0029296875,0.96923828125,0.67138671875,0.8544921875,-0.244140625,1742308846.4379768
1742308846,458283701,-0.09326171875,-0.00341796875,0.978515625,0.30517578125,1.953125,-0.1220703125,1742308846.4582837
1742308846,473741033,-0.08642578125,-0.01318359375,0.9873046875,0.244140625,2.25830078125,-0.3662109375,1742308846.473741
1742308846,497618183,-0.0947265625,-0.00244140625,0.97119140625,0.54931640625,1.03759765625,-0.244140625,1742308846.4976182
1742308846,517726659,-0.10791015625,0.0048828125,0.97314453125,0.67138671875,-0.91552734375,0.18310546875,1742308846.5177267
1742308846,538583693,-0.10693359375,0.0048828125,0.99169921875,0.3662109375,-2.74658203125,0.79345703125,1742308846.5385838
1742308846,557474170,-0.0791015625,-0.02001953125,0.97998046875,0.42724609375,-1.708984375,0.0,1742308846.5574741
1742308846,577427936,-0.07421875,0.00244140625,0.99560546875,0.67138671875,-1.708984375,-0.732421875,1742308846.5774279
1742308846,597850822,-0.0615234375,0.00390625,0.974609375,1.0986328125,1.77001953125,-0.6103515625,1742308846.5978508
1742308846,617636568,-0.0576171875,-0.01025390625,0.97412109375,1.708984375,3.47900390625,0.18310546875,1742308846.6176367
1742308846,633305661,-0.1171875,0.017578125,0.98681640625,0.8544921875,3.41796875,0.18310546875,1742308846.6333055
1742308846,657747254,-0.09814453125,-0.0009765625,0.9638671875,0.244140625,2.25830078125,-0.42724609375,1742308846.6577473
1742308846,677476459,-0.11279296875,0.00390625,0.96923828125,-0.1220703125,-1.0986328125,-0.48828125,1742308846.6774764
1742308846,697445648,-0.107421875,0.00048828125,0.974609375,-0.244140625,-2.197265625,-0.244140625,1742308846.6974456
1742308846,717527021,-0.09033203125,-0.00537109375,0.97021484375,-0.79345703125,-4.2724609375,0.0,1742308846.717527
1742308846,737737474,-0.09375,0.00537109375,0.9716796875,-0.91552734375,-4.39453125,-0.06103515625,1742308846.7377374
1742308846,752627932,-0.06640625,-0.01220703125,0.9755859375,-0.48828125,-2.99072265625,0.06103515625,1742308846.7526278
1742308846,777999286,-0.04736328125,-0.01025390625,0.998046875,0.48828125,0.06103515625,-0.6103515625,1742308846.7779994
1742308846,798245577,-0.0498046875,-0.00048828125,0.98779296875,1.3427734375,2.685546875,-0.54931640625,1742308846.7982457
1742308846,818314887,-0.06787109375,0.0009765625,0.96142578125,2.0751953125,5.0048828125,-0.18310546875,1742308846.8183148
1742308846,837581403,-0.0966796875,0.00244140625,0.974609375,1.953125,4.69970703125,0.06103515625,1742308846.8375814
1742308846,857679511,-0.11767578125,-0.001953125,0.97802734375,1.28173828125,3.2958984375,-0.18310546875,1742308846.8576796
1742308846,877622110,-0.1142578125,0.0068359375,0.96484375,0.54931640625,0.42724609375,-0.3662109375,1742308846.8776221
1742308846,898162109,-0.11083984375,0.01171875,0.96044921875,0.1220703125,-2.3193359375,-0.18310546875,1742308846.8981621
1742308846,912548376,-0.0966796875,-0.001953125,0.974609375,-0.54931640625,-4.33349609375,0.0,1742308846.9125483
1742308846,932595128,-0.09375,-0.001953125,0.97607421875,-0.79345703125,-4.69970703125,0.0,1742308846.932595
1742308846,957450037,-0.064453125,-0.0078125,0.9755859375,-0.67138671875,-3.173828125,-0.3662109375,1742308846.9574502
1742308846,978447861,-0.0517578125,-0.00830078125,0.98681640625,-0.06103515625,-0.6103515625,-0.3662109375,1742308846.978448
1742308846,993252372,-0.0625,-0.009765625,0.99365234375,0.91552734375,2.01416015625,-0.244140625,1742308846.9932523
1742308847,17789111,-0.078125,-0.00439453125,0.97314453125,1.77001953125,3.84521484375,-0.244140625,1742308847.0177891
1742308847,33195646,-0.091796875,-0.0009765625,0.9677734375,1.953125,4.150390625,-0.1220703125,1742308847.0331957
1742308847,58261064,-0.09619140625,0.00341796875,0.9716796875,1.5869140625,2.99072265625,-0.3662109375,1742308847.0582612
1742308847,78610697,-0.10693359375,0.00146484375,0.9658203125,0.30517578125,0.42724609375,-0.6103515625,1742308847.0786107
1742308847,98264312,-0.11328125,0.013671875,0.95556640625,-0.732421875,-2.13623046875,-0.3662109375,1742308847.0982642
1742308847,117449349,-0.099609375,0.01123046875,0.974609375,-1.220703125,-4.45556640625,-0.18310546875,1742308847.1174493
1742308847,137693229,-0.07470703125,-0.00634765625,0.98291015625,-0.91552734375,-3.5400390625,-0.30517578125,1742308847.1376932
1742308847,157506610,-0.06201171875,-0.0029296875,0.982421875,-0.732421875,-2.5634765625,-0.42724609375,1742308847.1575067
1742308847,178424845,-0.052734375,-0.0087890625,0.97705078125,0.48828125,0.30517578125,-0.54931640625,1742308847.1784248
1742308847,197400329,-0.06591796875,-0.013671875,0.9814453125,1.28173828125,2.13623046875,-0.18310546875,1742308847.1974003
1742308847,217429503,-0.0908203125,0.0029296875,0.98046875,1.77001953125,3.96728515625,0.0,1742308847.2174294
1742308847,237719620,-0.0986328125,-0.00244140625,0.9677734375,1.77001953125,3.60107421875,0.06103515625,1742308847.2377195
1742308847,257399217,-0.09716796875,0.01025390625,0.96826171875,1.46484375,2.0751953125,-0.48828125,1742308847.2573993
1742308847,277302768,-0.10107421875,0.001953125,0.97509765625,0.42724609375,0.48828125,-0.54931640625,1742308847.2773027
1742308847,297342053,-0.10498046875,0.005859375,0.96533203125,-0.91552734375,-1.5869140625,-0.30517578125,1742308847.297342
1742308847,317416440,-0.0947265625,0.0029296875,0.96728515625,-1.0986328125,-3.0517578125,0.06103515625,1742308847.3174164
1742308847,337466797,-0.0830078125,-0.00830078125,0.9765625,-0.732421875,-3.23486328125,0.06103515625,1742308847.3374667
1742308847,357414569,-0.07470703125,-0.00634765625,0.9912109375,-0.1220703125,-2.44140625,-0.30517578125,1742308847.3574145
1742308847,377499419,-0.0693359375,-0.005859375,0.9794921875,0.42724609375,-0.48828125,-0.3662109375,1742308847.3774993
1742308847,397464982,-0.06494140625,-0.001953125,0.9755859375,1.15966796875,1.46484375,-0.3662109375,1742308847.397465
1742308847,417536873,-0.07958984375,-0.00537109375,0.978515625,1.40380859375,3.2958984375,-0.06103515625,1742308847.417537
1742308847,437496868,-0.09521484375,-0.00439453125,0.9697265625,1.220703125,3.35693359375,-0.244140625,1742308847.437497
1742308847,457494940,-0.103515625,0.0087890625,0.962890625,1.03759765625,1.953125,-0.30517578125,1742308847.457495
1742308847,477602157,-0.11279296875,0.00634765625,0.97265625,-0.1220703125,-1.5869140625,-0.6103515625,1742308847.4776022
1742308847,497664769,-0.0908203125,0.0029296875,0.97216796875,0.1220703125,-2.25830078125,-0.42724609375,1742308847.4976647
1742308847,517696663,-0.08544921875,-0.0087890625,0.974609375,0.6103515625,-2.44140625,0.30517578125,1742308847.5176966
1742308847,537473054,-0.08056640625,-0.0048828125,0.97998046875,-0.18310546875,-1.40380859375,-0.18310546875,1742308847.537473
1742308847,552514621,-0.06298828125,-0.00732421875,0.9697265625,0.3662109375,0.0,-0.30517578125,1742308847.5525146
1742308847,577493036,-0.07763671875,-0.00341796875,0.98193359375,0.732421875,1.0986328125,-0.244140625,1742308847.577493
1742308847,597301009,-0.07080078125,0.00634765625,0.98193359375,1.03759765625,1.89208984375,-0.244140625,1742308847.597301
1742308847,618923870,-0.0888671875,-0.00390625,0.96875,0.8544921875,1.77001953125,-0.18310546875,1742308847.618924
1742308847,637808672,-0.1064453125,0.0068359375,0.9736328125,0.9765625,1.40380859375,-0.30517578125,1742308847.6378086
1742308847,657260060,-0.0947265625,-0.00830078125,0.97216796875,0.244140625,0.06103515625,-0.3662109375,1742308847.65726
1742308847,677408458,-0.09326171875,0.0068359375,0.9794921875,-0.18310546875,-0.79345703125,-0.48828125,1742308847.6774085
1742308847,697238734,-0.08349609375,0.0009765625,0.96923828125,0.0,-1.64794921875,-0.3662109375,1742308847.6972387
1742308847,717461239,-0.09130859375,0.00048828125,0.974609375,0.244140625,-2.01416015625,0.0,1742308847.7174613
1742308847,737444752,-0.08154296875,-0.00341796875,0.97607421875,0.6103515625,-0.9765625,0.0,1742308847.7374446
1742308847,757381932,-0.0703125,-0.00439453125,0.96826171875,0.18310546875,-0.30517578125,-0.3662109375,1742308847.757382
1742308847,777287179,-0.08056640625,-0.00341796875,0.9814453125,0.30517578125,1.0986328125,-0.3662109375,1742308847.7772872
1742308847,797355454,-0.08203125,-0.0029296875,0.97705078125,0.54931640625,1.77001953125,-0.30517578125,1742308847.7973554
1742308847,817423154,-0.09326171875,-0.0048828125,0.9697265625,0.8544921875,1.15966796875,-0.1220703125,1742308847.817423
1742308847,837390572,-0.103515625,0.00537109375,0.97021484375,0.732421875,0.48828125,-0.30517578125,1742308847.8373907
1742308847,857383333,-0.1103515625,0.00634765625,0.9755859375,-0.30517578125,-1.953125,-0.42724609375,1742308847.8573833
1742308847,877298914,-0.076171875,0.00244140625,0.97119140625,0.0,-1.64794921875,-0.732421875,1742308847.8772988
1742308847,897238814,-0.07177734375,-0.01220703125,0.98046875,0.732421875,-1.28173828125,-0.18310546875,1742308847.8972387
1742308847,917371502,-0.09228515625,-0.00439453125,0.97900390625,0.9765625,0.42724609375,0.1220703125,1742308847.9173715
1742308847,937458272,-0.07080078125,-0.01220703125,0.96533203125,0.67138671875,0.8544921875,-0.06103515625,1742308847.9374583
1742308847,957197865,-0.09375,0.001953125,0.98291015625,0.8544921875,1.708984375,-0.244140625,1742308847.957198
1742308847,977292027,-0.08935546875,-0.00048828125,0.9814453125,0.67138671875,1.15966796875,-0.3662109375,1742308847.977292
1742308847,998054881,-0.09326171875,0.0,0.96923828125,0.54931640625,0.30517578125,-0.1220703125,1742308847.998055
1742308848,17412146,-0.09521484375,0.0048828125,0.9716796875,0.48828125,-0.1220703125,0.0,1742308848.0174122
1742308848,32534588,-0.09716796875,-0.00927734375,0.9765625,0.0,-0.91552734375,0.0,1742308848.0325346
1742308848,57366095,-0.09228515625,-0.00244140625,0.984375,0.30517578125,-1.15966796875,-0.244140625,1742308848.0573661
1742308848,77329215,-0.07470703125,-0.0078125,0.97265625,0.48828125,-1.3427734375,-0.54931640625,1742308848.0773292
1742308848,97300429,-0.0751953125,0.00390625,0.98486328125,0.42724609375,-0.54931640625,-0.18310546875,1742308848.0973005
1742308848,117385909,-0.0791015625,-0.005859375,0.9755859375,0.732421875,0.3662109375,-0.06103515625,1742308848.1173859
1742308848,137478780,-0.0888671875,-0.0009765625,0.970703125,0.54931640625,0.91552734375,-0.1220703125,1742308848.1374788
1742308848,157326291,-0.08251953125,-0.00146484375,0.97900390625,0.54931640625,1.46484375,-0.42724609375,1742308848.1573262
1742308848,177311617,-0.08837890625,-0.00537109375,0.97802734375,0.48828125,0.91552734375,-0.54931640625,1742308848.1773117
1742308848,197281167,-0.09814453125,0.001953125,0.9677734375,0.3662109375,0.244140625,-0.42724609375,1742308848.1972811
1742308848,217381366,-0.08984375,0.00244140625,0.95947265625,-0.18310546875,-1.0986328125,-0.18310546875,1742308848.2173815
1742308848,237280233,-0.11181640625,0.00537109375,0.98291015625,-0.48828125,-2.74658203125,-0.18310546875,1742308848.2372801
1742308848,257276727,-0.0654296875,-0.00634765625,0.97607421875,-0.18310546875,-1.15966796875,-0.79345703125,1742308848.2572768
1742308848,272508473,-0.06884765625,0.0048828125,0.9833984375,0.42724609375,-0.732421875,-0.48828125,1742308848.2725084
1742308848,297427335,-0.076171875,0.00048828125,0.97509765625,1.0986328125,1.708984375,-0.3662109375,1742308848.2974274
1742308848,317310843,-0.091796875,-0.01416015625,0.96826171875,1.15966796875,1.77001953125,0.1220703125,1742308848.3173108
1742308848,337365893,-0.10400390625,0.005859375,0.97998046875,1.220703125,2.50244140625,-0.30517578125,1742308848.3373659
1742308848,357352114,-0.08642578125,-0.00390625,0.97265625,0.54931640625,0.9765625,-0.30517578125,1742308848.357352
1742308848,377236935,-0.09619140625,0.0078125,0.974609375,0.48828125,-0.18310546875,-0.48828125,1742308848.3772368
1742308848,397538720,-0.09521484375,-0.00244140625,0.97314453125,0.18310546875,-0.91552734375,-0.30517578125,1742308848.3975387
1742308848,417265951,-0.09130859375,0.0,0.9697265625,-0.67138671875,-1.77001953125,-0.18310546875,1742308848.417266
1742308848,437331496,-0.08203125,-0.00244140625,0.98046875,0.0,-1.46484375,-0.06103515625,1742308848.4373314
1742308848,457321973,-0.07666015625,-0.01416015625,0.982421875,-0.06103515625,-1.0986328125,-0.3662109375,1742308848.457322
1742308848,477241031,-0.0751953125,0.0009765625,0.98681640625,0.30517578125,0.06103515625,-0.6103515625,1742308848.477241
1742308848,497364076,-0.0693359375,-0.001953125,0.97021484375,0.8544921875,1.0986328125,-0.18310546875,1742308848.497364
1742308848,517238369,-0.08740234375,0.001953125,0.970703125,1.40380859375,1.77001953125,-0.06103515625,1742308848.5172384
1742308848,537342887,-0.09521484375,-0.0048828125,0.97314453125,0.8544921875,2.0751953125,-0.244140625,1742308848.5373428
1742308848,557198910,-0.0986328125,-0.00341796875,0.97607421875,0.6103515625,0.91552734375,-0.30517578125,1742308848.557199
1742308848,577245352,-0.09521484375,0.009765625,0.97216796875,0.1220703125,-0.1220703125,-0.18310546875,1742308848.5772452
1742308848,597293842,-0.09912109375,0.001953125,0.96826171875,-0.54931640625,-2.86865234375,-0.1220703125,1742308848.5972939
1742308848,617475859,-0.0888671875,-0.00341796875,0.982421875,-0.30517578125,-2.62451171875,-0.06103515625,1742308848.6174757
1742308848,637452609,-0.0693359375,-0.015625,0.9736328125,0.54931640625,-1.46484375,-0.1220703125,1742308848.6374526
1742308848,657764890,-0.07666015625,-0.00537109375,0.99267578125,0.30517578125,-0.06103515625,-0.54931640625,1742308848.657765
1742308848,677614736,-0.05810546875,-0.00537109375,0.97705078125,1.0986328125,2.197265625,-0.6103515625,1742308848.6776147
1742308848,697435113,-0.0791015625,0.00048828125,0.9775390625,1.46484375,2.38037109375,-0.18310546875,1742308848.6974351
1742308848,717626954,-0.09765625,0.0068359375,0.9814453125,1.8310546875,2.99072265625,0.0,1742308848.717627
1742308848,737503135,-0.10107421875,-0.0048828125,0.96435546875,0.79345703125,1.220703125,-0.3662109375,1742308848.737503
1742308848,757617380,-0.1064453125,0.01171875,0.9716796875,0.1220703125,-0.18310546875,-0.42724609375,1742308848.7576175
1742308848,777317732,-0.08642578125,-0.0009765625,0.9677734375,-0.6103515625,-1.52587890625,-0.3662109375,1742308848.7773178
1742308848,797429322,-0.0888671875,0.00439453125,0.97802734375,-0.91552734375,-2.3193359375,-0.06103515625,1742308848.7974293
1742308848,817302943,-0.08935546875,-0.005859375,0.970703125,-0.244140625,-2.0751953125,-0.06103515625,1742308848.817303
1742308848,837307308,-0.0771484375,-0.0078125,0.9755859375,0.18310546875,-1.708984375,-0.1220703125,1742308848.8373072
1742308848,857186401,-0.06640625,-0.0068359375,0.982421875,0.732421875,0.244140625,-0.3662109375,1742308848.8571863
1742308848,877366434,-0.06591796875,-0.00439453125,0.97412109375,0.79345703125,1.3427734375,-0.6103515625,1742308848.8773665
1742308848,897262166,-0.083984375,0.00439453125,0.9677734375,0.91552734375,2.38037109375,-0.06103515625,1742308848.897262
1742308848,917644202,-0.08837890625,0.0,0.9716796875,1.15966796875,2.44140625,0.06103515625,1742308848.9176443
1742308848,937302125,-0.10205078125,-0.001953125,0.9755859375,0.91552734375,1.0986328125,-0.244140625,1742308848.937302
1742308848,957241086,-0.109375,0.00244140625,0.97216796875,-0.06103515625,-0.732421875,-0.42724609375,1742308848.957241
1742308848,977297927,-0.10302734375,0.01025390625,0.97900390625,-1.0986328125,-3.5400390625,-0.67138671875,1742308848.977298
1742308848,997267126,-0.0703125,0.00732421875,0.97314453125,-0.244140625,-2.74658203125,-0.79345703125,1742308848.997267
1742308849,18078942,-0.0673828125,-0.0048828125,0.978515625,0.48828125,-2.01416015625,-0.3662109375,1742308849.018079
1742308849,37363053,-0.0771484375,-0.005859375,0.978515625,1.15966796875,0.6103515625,-0.06103515625,1742308849.037363
1742308849,57403980,-0.06591796875,-0.01513671875,0.96923828125,0.79345703125,1.708984375,-0.244140625,1742308849.057404
1742308849,77802164,-0.08544921875,0.0078125,0.986328125,1.15966796875,2.8076171875,-0.42724609375,1742308849.0778022
1742308849,92520487,-0.091796875,0.0029296875,0.9677734375,1.15966796875,2.38037109375,-0.3662109375,1742308849.0925205
1742308849,117426351,-0.1005859375,0.00390625,0.96142578125,1.28173828125,1.0986328125,0.0,1742308849.1174264
1742308849,137529034,-0.10986328125,0.00341796875,0.978515625,0.732421875,-0.244140625,-0.18310546875,1742308849.1375291
1742308849,157422194,-0.10400390625,-0.00537109375,0.9765625,-0.244140625,-1.8310546875,-0.244140625,1742308849.1574223
1742308849,177289116,-0.0888671875,0.0087890625,0.97900390625,-0.244140625,-2.25830078125,-0.42724609375,1742308849.177289
1742308849,197361977,-0.0693359375,-0.0048828125,0.97119140625,-0.06103515625,-2.44140625,-0.30517578125,1742308849.197362
1742308849,217378265,-0.07763671875,-0.00146484375,0.98681640625,0.1220703125,-1.64794921875,0.0,1742308849.2173784
1742308849,237320991,-0.0859375,-0.00927734375,0.9794921875,0.6103515625,0.244140625,-0.18310546875,1742308849.237321
1742308849,257304641,-0.072265625,-0.00634765625,0.97998046875,0.8544921875,1.46484375,-0.42724609375,1742308849.2573047
1742308849,277494295,-0.0810546875,0.0,0.9755859375,0.91552734375,2.38037109375,-0.3662109375,1742308849.2774942
1742308849,297247240,-0.09423828125,-0.00439453125,0.974609375,1.15966796875,1.953125,-0.06103515625,1742308849.2972472
1742308849,317404511,-0.111328125,0.00244140625,0.9677734375,0.67138671875,0.91552734375,-0.18310546875,1742308849.3174045
1742308849,337541560,-0.095703125,0.00244140625,0.9658203125,-0.18310546875,-0.8544921875,-0.48828125,1742308849.3375416
1742308849,357168209,-0.0986328125,0.00634765625,0.978515625,-0.67138671875,-3.11279296875,-0.732421875,1742308849.3571682
1742308849,377213840,-0.060546875,-0.001953125,0.96923828125,-0.79345703125,-1.953125,-0.91552734375,1742308849.377214
1742308849,397205010,-0.0634765625,0.00732421875,0.98046875,-0.18310546875,-1.5869140625,-0.42724609375,1742308849.397205
1742308849,417212819,-0.07470703125,-0.00390625,0.97314453125,0.9765625,0.732421875,-0.18310546875,1742308849.4172127
1742308849,432512833,-0.08740234375,-0.013671875,0.970703125,0.9765625,1.46484375,-0.1220703125,1742308849.4325128
1742308849,458384075,-0.0771484375,0.0048828125,0.9833984375,1.0986328125,2.44140625,-0.6103515625,1742308849.458384
1742308849,477158459,-0.076171875,-0.0009765625,0.96630859375,0.91552734375,1.8310546875,-0.3662109375,1742308849.4771585
1742308849,497370415,-0.1064453125,0.0126953125,0.9638671875,0.91552734375,1.03759765625,0.0,1742308849.4973705
1742308849,517223194,-0.0986328125,-0.00048828125,0.96630859375,0.48828125,-0.06103515625,0.1220703125,1742308849.5172231
1742308849,537423150,-0.0927734375,-0.001953125,0.97509765625,-0.30517578125,-1.3427734375,-0.18310546875,1742308849.5374231
1742308849,557549576,-0.09326171875,0.0029296875,0.97900390625,-0.3662109375,-1.89208984375,-0.54931640625,1742308849.5575495
1742308849,577221662,-0.07568359375,-0.00439453125,0.97265625,-0.42724609375,-1.708984375,-0.48828125,1742308849.5772216
1742308849,597259773,-0.06884765625,0.00341796875,0.9755859375,0.0,-0.91552734375,-0.30517578125,1742308849.5972598
1742308849,617313819,-0.0751953125,-0.0048828125,0.97607421875,0.67138671875,0.30517578125,0.1220703125,1742308849.6173139
1742308849,637169990,-0.080078125,-0.00439453125,0.98046875,0.79345703125,1.15966796875,-0.3662109375,1742308849.63717
1742308849,652633289,-0.0751953125,-0.00390625,0.97705078125,0.91552734375,2.25830078125,-0.48828125,1742308849.6526332
1742308849,677158666,-0.0859375,0.0009765625,0.97119140625,0.9765625,1.708984375,-0.42724609375,1742308849.6771586
1742308849,697481527,-0.10546875,0.01025390625,0.96337890625,0.3662109375,0.48828125,-0.1220703125,1742308849.6974816
1742308849,717600080,-0.1103515625,-0.001953125,0.96435546875,-0.244140625,-2.197265625,-0.48828125,1742308849.7176
1742308849,737395135,-0.06982421875,-0.0048828125,0.97314453125,0.1220703125,-1.953125,-0.732421875,1742308849.737395
1742308849,757222572,-0.0654296875,-0.013671875,0.9814453125,0.54931640625,-1.77001953125,-0.18310546875,1742308849.7572227
1742308849,777258123,-0.08349609375,-0.00244140625,0.97900390625,0.48828125,0.1220703125,-0.48828125,1742308849.7772582
1742308849,797709967,-0.0615234375,-0.0009765625,0.96044921875,0.48828125,1.15966796875,-0.18310546875,1742308849.79771
1742308849,817226448,-0.0888671875,-0.0048828125,0.97802734375,1.220703125,2.0751953125,0.06103515625,1742308849.8172264
1742308849,837218418,-0.09619140625,0.0009765625,0.98046875,1.15966796875,2.197265625,-0.18310546875,1742308849.8372185
1742308849,857183349,-0.0966796875,-0.00439453125,0.966796875,0.42724609375,1.0986328125,-0.30517578125,1742308849.8571835
1742308849,878411816,-0.09423828125,0.015625,0.97265625,0.06103515625,0.1220703125,-0.42724609375,1742308849.8784118
1742308849,897155418,-0.0927734375,-0.00537109375,0.9736328125,-0.3662109375,-1.15966796875,0.0,1742308849.8971555
1742308849,917273364,-0.10107421875,0.0048828125,0.97265625,-0.30517578125,-1.64794921875,0.0,1742308849.9172733
1742308849,937202394,-0.07861328125,-0.01171875,0.96875,-0.18310546875,-1.89208984375,-0.1220703125,1742308849.9372025
1742308849,957176317,-0.07958984375,0.0,0.98779296875,0.06103515625,-1.40380859375,-0.244140625,1742308849.9571762
1742308849,977257050,-0.06982421875,-0.00439453125,0.9833984375,0.48828125,0.244140625,-0.48828125,1742308849.977257
1742308849,997210750,-0.07470703125,0.0,0.9677734375,0.732421875,1.03759765625,-0.18310546875,1742308849.9972107
1742308850,17283689,-0.08935546875,0.0,0.9716796875,0.91552734375,2.01416015625,0.0,1742308850.0172837
1742308850,37283583,-0.08837890625,-0.0029296875,0.97607421875,0.8544921875,1.64794921875,-0.30517578125,1742308850.0372837
1742308850,57411661,-0.10498046875,-0.00048828125,0.9794921875,0.54931640625,0.732421875,-0.54931640625,1742308850.0574117
1742308850,77189104,-0.1005859375,0.0107421875,0.96435546875,-0.06103515625,-0.67138671875,-0.3662109375,1742308850.0771892
1742308850,97135305,-0.12451171875,0.01123046875,0.9794921875,-0.91552734375,-3.662109375,0.244140625,1742308850.0971353
1742308850,117262807,-0.0673828125,-0.00537109375,0.97119140625,-0.30517578125,-2.01416015625,-0.30517578125,1742308850.1172628
1742308850,137196913,-0.07080078125,0.0029296875,0.98388671875,0.48828125,-1.64794921875,-0.6103515625,1742308850.137197
1742308850,152296923,-0.080078125,-0.00146484375,0.9814453125,1.40380859375,1.5869140625,-0.18310546875,1742308850.152297
1742308850,177166494,-0.06689453125,-0.0126953125,0.9658203125,1.220703125,1.953125,-0.244140625,1742308850.1771665
1742308850,197292652,-0.09326171875,0.01123046875,0.98046875,1.220703125,3.11279296875,-0.06103515625,1742308850.1972926
1742308850,217618061,-0.0927734375,0.00048828125,0.96533203125,1.03759765625,2.0751953125,-0.06103515625,1742308850.217618
1742308850,237234395,-0.1064453125,0.00439453125,0.96826171875,0.54931640625,0.30517578125,-0.42724609375,1742308850.2372344
1742308850,257198291,-0.099609375,-0.00146484375,0.9755859375,0.0,-1.03759765625,-0.67138671875,1742308850.2571983
1742308850,277248710,-0.087890625,-0.0029296875,0.9765625,-0.79345703125,-2.62451171875,-0.48828125,1742308850.2772486
1742308850,297246652,-0.08056640625,0.00732421875,0.97802734375,0.0,-2.44140625,-0.1220703125,1742308850.2972467
1742308850,318188790,-0.08349609375,-0.01416015625,0.97412109375,0.42724609375,-2.0751953125,0.1220703125,1742308850.318189
1742308850,337108528,-0.087890625,-0.00390625,0.98583984375,0.732421875,-0.732421875,-0.18310546875,1742308850.3371086
1742308850,357457263,-0.06494140625,-0.0107421875,0.97900390625,0.732421875,1.28173828125,-0.6103515625,1742308850.3574572
1742308850,377410984,-0.06591796875,0.0068359375,0.9716796875,0.732421875,2.0751953125,-0.30517578125,1742308850.377411
1742308850,397334307,-0.09228515625,0.00390625,0.97021484375,0.9765625,3.0517578125,-0.06103515625,1742308850.3973343
1742308850,417378645,-0.099609375,0.00048828125,0.96826171875,0.9765625,1.89208984375,-0.18310546875,1742308850.4173787
1742308850,437263634,-0.09912109375,0.0048828125,0.96484375,0.48828125,0.244140625,-0.30517578125,1742308850.4372637
1742308850,457167182,-0.11181640625,-0.001953125,0.9658203125,-0.732421875,-3.173828125,-0.79345703125,1742308850.4571671
1742308850,477111655,-0.0732421875,0.00146484375,0.97705078125,-0.30517578125,-3.35693359375,-0.732421875,1742308850.4771116
1742308850,497561505,-0.06201171875,-0.01708984375,0.97607421875,0.67138671875,-2.197265625,0.244140625,1742308850.4975615
1742308850,517486747,-0.08056640625,-0.00439453125,0.982421875,0.6103515625,-0.06103515625,0.1220703125,1742308850.5174868
1742308850,537159173,-0.05810546875,-0.00341796875,0.95849609375,1.15966796875,2.0751953125,-0.30517578125,1742308850.5371592
1742308850,557067969,-0.0673828125,-0.00244140625,0.9775390625,1.5869140625,3.23486328125,-0.67138671875,1742308850.5570679
1742308850,577118355,-0.0869140625,0.00732421875,0.98583984375,1.3427734375,3.5400390625,-0.3662109375,1742308850.5771184
1742308850,597387096,-0.10791015625,0.00244140625,0.9560546875,0.48828125,1.89208984375,-0.06103515625,1742308850.597387
1742308850,617170684,-0.10888671875,0.01513671875,0.9609375,0.3662109375,0.0,-0.244140625,1742308850.6171706
1742308850,637391331,-0.09716796875,-0.00830078125,0.97314453125,-0.06103515625,-2.01416015625,-0.48828125,1742308850.6373913
1742308850,657276512,-0.095703125,-0.001953125,0.97802734375,-0.732421875,-3.11279296875,-0.42724609375,1742308850.6572766
1742308850,677490665,-0.080078125,-0.00439453125,0.9697265625,-0.6103515625,-2.8076171875,-0.18310546875,1742308850.6774907
1742308850,697495358,-0.06201171875,-0.0048828125,0.97509765625,-0.30517578125,-1.8310546875,-0.06103515625,1742308850.6974955
1742308850,717465078,-0.07373046875,-0.005859375,0.98681640625,0.6103515625,0.06103515625,0.06103515625,1742308850.7174652
1742308850,737408111,-0.0712890625,-0.013671875,0.97314453125,1.220703125,1.953125,-0.18310546875,1742308850.7374082
1742308850,757354696,-0.07373046875,0.0029296875,0.97314453125,1.03759765625,2.9296875,-0.48828125,1742308850.7573547
1742308850,777417882,-0.0810546875,0.00439453125,0.97265625,0.8544921875,3.173828125,-0.30517578125,1742308850.777418
1742308850,797461037,-0.11328125,0.00537109375,0.9677734375,0.8544921875,1.46484375,0.0,1742308850.797461
1742308850,817705363,-0.11181640625,0.015625,0.95654296875,0.06103515625,0.06103515625,-0.1220703125,1742308850.8177054
1742308850,837138348,-0.12158203125,0.00390625,0.974609375,-1.15966796875,-4.33349609375,-0.244140625,1742308850.8371384
1742308850,857463086,-0.064453125,-0.0068359375,0.97900390625,-0.48828125,-3.23486328125,-0.6103515625,1742308850.8574631
1742308850,877234578,-0.06005859375,-0.0078125,0.98779296875,0.42724609375,-2.5634765625,-0.54931640625,1742308850.8772345
1742308850,897157548,-0.0712890625,-0.001953125,0.97900390625,1.46484375,0.9765625,0.0,1742308850.8971574
1742308850,917447696,-0.05615234375,-0.025390625,0.96728515625,1.64794921875,2.44140625,-0.06103515625,1742308850.9174478
1742308850,937286479,-0.0869140625,0.00439453125,0.98583984375,1.89208984375,4.0283203125,-0.244140625,1742308850.9372864
1742308850,957127983,-0.09521484375,0.00146484375,0.974609375,1.64794921875,3.23486328125,-0.42724609375,1742308850.957128
1742308850,977220735,-0.09619140625,0.00927734375,0.96142578125,0.54931640625,1.46484375,-0.1220703125,1742308850.9772208
1742308850,997335886,-0.1123046875,0.009765625,0.97216796875,-0.244140625,-0.79345703125,-0.06103515625,1742308850.997336
1742308851,17117791,-0.10888671875,-0.0068359375,0.96875,-0.91552734375,-2.44140625,-0.18310546875,1742308851.0171177
1742308851,37076811,-0.08984375,0.005859375,0.97509765625,-0.8544921875,-3.41796875,-0.244140625,1742308851.0370767
1742308851,57289224,-0.06884765625,-0.01171875,0.9765625,-0.48828125,-3.173828125,-0.42724609375,1742308851.0572891
1742308851,77090078,-0.06591796875,-0.00732421875,0.990234375,0.244140625,-1.89208984375,-0.3662109375,1742308851.07709
1742308851,97301626,-0.0556640625,-0.0029296875,0.978515625,0.91552734375,0.67138671875,-0.18310546875,1742308851.0973017
1742308851,117437723,-0.06640625,-0.00537109375,0.9736328125,1.46484375,2.25830078125,0.0,1742308851.1174378
1742308851,137081627,-0.08544921875,-0.0009765625,0.9794921875,1.220703125,3.7841796875,-0.42724609375,1742308851.1370816
1742308851,157126882,-0.0859375,-0.00244140625,0.974609375,1.15966796875,3.2958984375,-0.54931640625,1742308851.157127
1742308851,177211654,-0.1083984375,0.00537109375,0.96875,0.54931640625,1.28173828125,-0.244140625,1742308851.1772118
1742308851,197268524,-0.1220703125,-0.005859375,0.955078125,-0.48828125,-1.953125,-0.06103515625,1742308851.1972685
1742308851,217206522,-0.08837890625,-0.0078125,0.9765625,-0.18310546875,-3.96728515625,0.1220703125,1742308851.2172065
1742308851,237226946,-0.07568359375,-0.02685546875,0.986328125,0.732421875,-3.0517578125,0.18310546875,1742308851.237227
1742308851,257125394,-0.08349609375,-0.00341796875,0.99169921875,0.06103515625,-1.46484375,-0.06103515625,1742308851.2571254
1742308851,277239060,-0.0537109375,-0.00439453125,0.9765625,0.79345703125,0.9765625,-0.30517578125,1742308851.277239
1742308851,297348183,-0.05908203125,-0.01318359375,0.98291015625,1.708984375,3.0517578125,-0.18310546875,1742308851.2973483
1742308851,317324098,-0.0908203125,0.00927734375,0.98828125,1.708984375,3.7841796875,-0.30517578125,1742308851.3173242
1742308851,337100922,-0.09912109375,-0.00439453125,0.9609375,0.79345703125,2.8076171875,-0.30517578125,1742308851.337101
1742308851,357238971,-0.1083984375,0.01416015625,0.970703125,0.48828125,0.42724609375,-0.54931640625,1742308851.357239
1742308851,377102477,-0.09716796875,0.0009765625,0.96826171875,-0.06103515625,-1.3427734375,-0.42724609375,1742308851.3771024
1742308851,397197201,-0.09619140625,-0.00341796875,0.974609375,-0.42724609375,-2.99072265625,0.06103515625,1742308851.3971972
1742308851,417119071,-0.09912109375,-0.005859375,0.974609375,-0.3662109375,-3.5400390625,0.06103515625,1742308851.417119
1742308851,437241825,-0.06982421875,-0.0107421875,0.98046875,-0.18310546875,-2.9296875,-0.18310546875,1742308851.4372418
1742308851,457538520,-0.06103515625,-0.00537109375,0.99267578125,0.42724609375,-1.03759765625,-0.67138671875,1742308851.4575386
1742308851,477196151,-0.064453125,-0.0068359375,0.9794921875,0.9765625,1.220703125,-0.3662109375,1742308851.4771962
1742308851,497162115,-0.07666015625,-0.00146484375,0.97705078125,1.52587890625,3.23486328125,-0.06103515625,1742308851.497162
1742308851,512371093,-0.08935546875,-0.00341796875,0.97705078125,1.15966796875,3.84521484375,-0.1220703125,1742308851.512371
1742308851,537327116,-0.10107421875,0.0029296875,0.97509765625,0.79345703125,2.5634765625,-0.244140625,1742308851.537327
1742308851,557446606,-0.10205078125,0.0185546875,0.9638671875,0.1220703125,0.18310546875,-0.30517578125,1742308851.5574467
1742308851,577178248,-0.10498046875,0.00048828125,0.97509765625,-0.3662109375,-3.35693359375,-0.42724609375,1742308851.5771782
1742308851,597154867,-0.083984375,-0.01416015625,0.9697265625,0.18310546875,-3.35693359375,0.06103515625,1742308851.5971549
